8 0 A 0 0 80
12 0 None 0 1 160
14 0 A 0 0 80
16 0 Start 0 0 80
20 0 A 0 0 80
24 0 Start 0 0 80
25 0 None 1 0 300
27 0 A 0 0 120
29 0 B 0 0 120
31 0 None -1 0 300
33 0 A 0 0 120
35 0 B 0 0 120
37 0 None 1 0 300
39 0 A 0 0 120
41 0 B 0 0 120
43 0 None 1 0 300
45 0 A 0 0 120
47 0 B 0 0 120
49 0 None -1 0 300
51 0 A 0 0 120
53 0 B 0 0 120
55 0 None 1 0 300
57 0 A 0 0 120
59 0 B 0 0 120
61 0 None -1 0 300
63 0 A 0 0 120
65 0 B 0 0 120
67 0 None 1 0 300
69 0 A 0 0 120
71 0 B 0 0 120
73 0 None -1 0 300
75 0 A 0 0 120
77 0 B 0 0 120
79 0 None 1 0 300
81 0 A 0 0 120
83 0 B 0 0 120
85 0 None -1 0 300
