22.10637500
19.70733300
20.34637500
19.97875000
19.34837500
21.05562500
20.68916700
20.12329100
20.91162500
20.31508400
19.05137500
20.07125000
18.34004100
17.98887500
18.14445900
17.99112500
18.11500000
18.52000000
17.88608300
18.92762500
20.02004200
18.77695800
18.09595800
17.61125000
18.73883400
19.50400000
18.17929100
17.93504200
17.59079200
19.35387500
17.37912500
17.80850000
18.03566600
17.69800000
18.16058400
18.37783300
18.22766700
18.93470800
19.21029200
19.12175000
18.60212500
19.91691600
18.97950000
20.40254200
20.29120800
20.01458400
19.62104100
19.99400000
20.01395900
19.68066600
20.02554200
18.98008300
20.72879200
21.11050000
19.89270800
20.01758400
19.91666600
19.78816700
19.59362500
20.49458300
21.44387500
21.00841700
20.13725000
19.85150000
19.73579200
21.07737500
20.38612500
20.66504100
21.94491700
20.95366700
21.13829100
22.22595900
20.69870800
20.38266700
20.20883300
20.45387500
21.40841700
20.48200000
20.30395800
21.02704200
20.33070800
19.44362500
20.14670800
19.83720900
19.97645800
20.40462500
21.48829200
20.21087500
20.40479100
19.63675000
20.61495900
21.37883300
21.37958300
20.77050000
20.83283400
20.83191600
20.41608400
20.99575000
20.53404100
20.07241700
20.19908300
20.77337500
20.89566700
20.18250000
20.33100000
20.73558300
19.14758400
21.65291600
20.05229200
19.92895800
19.64666700
19.72575000
19.68616700
20.36108300
20.04775000
19.97750000
20.26137500
19.53366700
20.12370800
19.98650000
20.12154200
19.81604100
19.70070900
20.01829100
19.60679200
19.78858300
19.83437500
20.26237500
20.15587500
20.50341700
20.30075000
19.65587500
19.37808300
19.99804200
19.27637500
19.66600000
19.42462500
19.77445800
19.99370900
19.43558300
19.61391700
19.62616600
19.91583400
19.39104100
19.80287500
19.70220900
19.64362500
20.53737500
20.74083300
20.71408300
20.25358400
21.36845800
21.06750000
19.92704200
30.09695800
26.49995800
31.51862500
41.68262500
29.04187500
23.29966700
23.59200000
25.44575000
23.28316700
24.12466600
22.59425000
21.58341700
23.08016700
22.00629100
21.19770900
21.50341600
21.81750000
22.48425000
21.28529200
21.84125000
20.08033300
19.82562500
19.86104200
19.57575000
19.26716700
19.40287500
21.07945800
19.46329200
19.59958300
19.88120800
19.44041700
18.92308300
21.36700000
20.03375000
23.74195900
23.38745800
23.96912500
22.39266700
75.49025000
22.85970800
23.36195800
24.21979200
22.79641700
20.27950000
21.97345800
20.89370800
19.48995900
20.18754100
18.92987500
18.87162500
18.94454200
17.84087500
18.04983300
17.82800000
17.59379200
17.87808300
17.77333400
17.63404100
17.54125000
16.92175000
19.87883400
17.32366600
16.05825000
17.87258400
18.20645800
16.86025000
16.69054200
17.26483300
17.19137500
19.75520800
18.22066700
17.68525000
19.58770800
18.36254200
17.76058300
19.68991700
18.35929200
18.26520800
19.59387500
19.05875000
21.16608300
20.58820900
19.95300000
19.76904100
20.00179200
19.81920800
19.65183400
22.04741600
23.24741700
22.85420800
26.24783400
22.98012500
21.12108300
21.21854200
20.96500000
20.88845800
21.34895800
20.64333400
20.73816600
19.78525000
21.70650000
20.46300000
20.40845900
20.44912500
18.94266600
19.03708400
20.51441600
19.03583400
19.06308300
20.24883300
19.07229200
18.93304200
19.87750000
19.79858300
18.64612500
20.70141700
20.72237500
19.87437500
19.01654100
20.90337500
19.12870900
18.67275000
20.43483300
19.71341700
19.57175000
18.63650000
19.84737500
18.38966600
18.61225000
18.89070900
18.27066600
24.19091700
19.98716700
19.16829100
19.50991700
18.58762500
19.07658300
20.28029200
18.48187500
18.11895800
22.19050000
19.00254200
18.65666700
19.16116600
19.45033400
18.03241600
19.51404200
18.56291700
18.23587500
20.28950000
18.86329100
19.12529200
18.51379200
18.72766600
19.60704200
18.90079200
18.64641600
18.40016700
17.95666700
20.37341600
18.52558400
18.66683300
18.54916700
18.29225000
18.79133300
20.14754200
19.53187500
18.28170800
19.09050000
19.55570800
17.83841700
17.83958300
19.17225000
17.83812500
19.76687500
18.71404200
18.78187500
19.11354200
19.39841600
18.71100000
19.96291700
18.81712500
18.89520800
17.81808400
18.78808300
18.74312500
17.33004200
18.92208300
18.85883300
17.92604200
18.04558300
18.03670900
17.41375000
20.05133300
17.67137500
20.23616700
20.00212500
18.27983300
17.60083300
20.38595900
19.21520800
19.56745800
17.98729200
19.54908300
17.91070900
20.19712500
19.17087500
19.12137500
19.70929100
18.62412500
18.46758400
18.94604100
18.77408400
18.71487500
19.09404100
19.09683400
19.31420800
19.13495800
18.33945900
18.72691600
18.86012500
18.59879200
18.06841700
17.33770800
17.22341700
17.34683300
16.36625000
18.26879200
17.72720800
17.12787500
17.20779200
17.47079100
16.59433400
17.76825000
18.31900000
16.28666600
17.60800000
17.30470900
17.03837500
17.79845800
17.03404200
17.38308300
17.91216700
16.83300000
16.99191600
16.95087500
16.63087500
17.46779200
19.32916700
18.31041600
17.76354200
17.92604200
19.54366600
17.82608400
18.97983300
19.29587500
19.55345800
19.01912500
20.18641700
19.17137500
18.80129200
18.83583300
19.67104200
18.97487500
19.27495800
19.50087500
18.68391700
18.77300000
18.71679100
18.79658400
18.81975000
18.75866600
19.31950000
20.05941700
19.53045800
19.69741700
19.25670800
19.15279200
19.94462500
20.05879200
18.23912500
20.26141600
19.25658400
18.49633300
20.92595800
19.56841700
18.33825000
20.82720800
19.69683400
20.46279100
19.42004200
20.04316700
20.37645800
19.79166700
18.72866600
18.72733400
20.47516600
18.84895900
18.65429100
20.45745900
20.72879100
19.59091700
19.41562500
19.51291700
18.59683300
19.53954200
20.09820800
18.78658300
19.41658400
19.30075000
18.73658300
18.68554200
20.41333300
19.92687500
19.26429200
19.41291600
20.37395900
19.01087500
19.76408300
30.13454200
23.25379100
24.36745900
22.48841600
24.67433400
22.54454100
22.95358400
21.33275000
21.22270800
20.37350000
21.89929200
20.71850000
20.39441600
20.07504200
20.37975000
20.93450000
21.77337500
20.67825000
20.58800000
19.44062500
19.44095800
18.51191700
19.77391700
18.64954100
19.02875000
18.88720900
18.56208300
19.06183300
18.50520900
18.86625000
20.31100000
19.16275000
19.21141600
19.17795900
19.35166600
19.35245900
19.78850000
19.26791600
19.78500000
19.66629200
19.31366700
19.25525000
19.62637500
18.93516600
18.48158400
18.68745800
18.95633300
20.48308400
19.34379100
18.86495900
19.23020800
19.18529200
18.32433300
19.34054200
18.27962500
18.87637500
19.74104100
19.05100000
18.72504200
18.45383300
19.03229200
19.42279200
18.49287500
17.77600000
19.55604100
20.39787500
18.79175000
17.76862500
20.38320900
18.17566600
20.00500000
18.67187500
19.64179200
19.37975000
19.90800000
18.33712500
19.79308300
19.47170900
19.58245800
19.22158300
18.41650000
17.65937500
18.91937500
17.78391700
17.44295800
16.91162500
16.65658400
16.42820800
16.38958300
17.45812500
16.72483400
16.60462500
16.52637500
16.71154100
15.84470900
17.70787500
16.40416600
16.68579200
16.40454200
14.92658300
15.92650000
14.84691700
14.86879100
14.52141700
15.84941700
14.65825000
14.88129100
14.60595900
15.12737500
14.53037500
15.24670800
14.43566700
15.44712500
17.13462500
16.29912500
16.26533300
15.98370800
15.88625000
16.41658400
16.10175000
15.66054100
16.76366700
16.46420800
17.18958400
17.25787500
17.07237500
16.86316600
16.95720900
16.75554100
16.57525000
16.76862500
16.36700000
16.53683400
18.01391600
16.78737500
16.56779200
16.71020800
16.33408400
16.18400000
16.34487500
17.19587500
16.59162500
16.83195800
17.73800000
16.80625000
17.37295800
16.74850000
16.78362500
17.34637500
16.68587500
16.85420900
17.46437500
16.54316600
17.65016700
17.15858300
17.50091700
17.05583300
16.52575000
21.58812500
18.51054200
18.58895800
18.34066700
18.25416700
19.33362500
18.49625000
19.33350000
18.42345800
18.03445800
18.51687500
18.46837500
18.30170900
19.48487500
19.39495800
18.49504200
18.96929100
18.76137500
18.77579200
18.47108300
20.18416700
20.04637500
21.31575000
20.52566700
24.23062500
21.91158300
21.12691700
21.32504100
20.78141700
20.62308300
20.24145900
20.50291600
21.70875000
19.51283400
19.89054100
19.60770900
20.47962500
20.53804100
21.80683400
20.25054100
20.56466700
20.30929200
20.42866600
21.09441700
21.09275000
21.08425000
20.27812500
19.71762500
19.50225000
19.67858300
19.60141700
19.47204200
20.01733300
19.39375000
20.00470800
19.62783400
19.55283300
19.81116700
19.82066600
19.33762500
20.19900000
19.70091700
19.91958300
21.00579200
21.60837500
21.77354200
21.65150000
20.84266600
19.51937500
19.78741700
19.75275000
19.82587500
20.04333300
19.77429200
19.88241700
19.86779100
19.55041700
19.63704200
20.15883300
19.57562500
19.79279200
19.73791600
19.56233400
19.73525000
19.63891600
19.48475000
19.31537500
19.96225000
21.18008400
20.19754100
19.87670900
19.64008300
19.77287500
20.58050000
19.81833300
20.55300000
19.98795900
18.58208300
20.47495800
20.54329200
19.53108300
18.91875000
19.43379200
18.83450000
19.52304200
18.96416600
18.61545900
19.04383300
18.98775000
18.51350000
20.18425000
21.95112500
20.80795800
21.00975000
20.06358400
17.97537500
20.86050000
19.26866600
18.23850000
18.66504200
20.08537500
17.93962500
17.83033300
17.68120900
17.78291600
17.71079200
16.97150000
18.57887500
17.36458300
17.51841700
17.87837500
17.28445800
17.53070900
17.74145800
16.79750000
16.16450000
17.28408300
16.42391700
16.63691700
18.29516600
16.49579200
18.63341700
18.25837500
18.91212500
18.34879100
17.07283400
19.03491600
18.17179200
17.56466700
20.52916600
19.16316700
19.17712500
20.81633300
18.83662500
18.07254200
20.12625000
19.08179200
19.05325000
19.45404100
19.02895900
19.01433300
20.49991700
19.90583300
19.46241700
19.42795800
20.67241700
21.52187500
22.33800000
20.65783300
20.87479200
20.23770800
20.52012500
21.36937500
20.10858300
20.54912500
21.23150000
21.05841700
19.14200000
20.07654200
20.48191600
20.67462500
20.12087500
20.98387500
20.86537500
20.81866700
18.52433300
20.60254200
20.66158300
19.75391700
19.16870800
21.74875000
21.21279200
19.54000000
19.65650000
20.39991700
19.88741600
19.97787500
20.80170900
20.43679100
22.32395900
22.53716600
23.59787500
21.69037500
20.73195900
20.21058300
22.00420800
21.03045900
21.16433300
20.60312500
21.22600000
20.09483300
19.97258400
19.60350000
19.08687500
19.28895800
19.93483300
21.00016700
19.92795800
19.22300000
19.82854200
19.27166700
18.88108300
19.20362500
19.19191700
18.88404100
19.54200000
19.28537500
20.43516700
19.48612500
19.07270800
19.24933400
19.10495800
24.85816700
22.48995800
19.54391700
20.35937500
19.80412500
20.59704100
20.88904200
19.40737500
20.22975000
19.22804200
20.66937500
19.14604100
18.84162500
20.08300000
19.23816700
18.86554200
19.32341600
19.16483400
18.40691600
19.66804200
18.62975000
18.54200000
19.54375000
19.37733300
20.14608400
19.86608300
19.27629200
20.00495800
18.56387500
19.90295800
21.32812500
22.43450000
19.81583400
18.75991600
19.68562500
19.17033400
20.13654100
18.75216700
18.67925000
19.55608300
18.85066700
18.69566700
18.69745800
19.99583300
18.76450000
18.50716700
18.45395800
18.66462500
18.49600000
18.99404200
18.65700000
19.31812500
18.76754200
18.62583300
18.04691700
19.82883300
19.02341700
18.95958300
19.93445800
20.82925000
20.13491700
19.60737500
20.05358300
18.28245900
18.99050000
18.45495800
18.86591700
18.38337500
17.97754100
17.23083400
17.49687500
17.26245800
17.34283300
17.22845900
17.17000000
17.34420800
17.37091700
17.39975000
17.09104100
17.33004200
18.00887500
16.97025000
17.35229200
17.69608300
16.43779200
16.67412500
16.28741600
17.27033400
16.84479100
18.17070900
18.17966600
17.70095900
18.03304100
17.45479200
17.60970800
18.64562500
18.96579200
18.91491700
19.04587500
19.22112500
18.93262500
18.95608300
19.17058300
19.00387500
18.91837500
19.89887500
19.06575000
19.09254200
19.22466700
18.15683300
20.40754200
19.72895800
19.15150000
19.50270800
19.07912500
21.39070900
19.74850000
19.94304100
19.82891700
19.78579200
20.14987500
19.53075000
19.87250000
20.08000000
18.45275000
21.09604100
20.58320900
19.06758300
20.37858300
20.91966700
19.15791700
19.65391600
20.71641700
19.92487500
19.47500000
20.81608300
20.59191700
19.70654200
19.50362500
21.01470800
20.62262500
20.89216700
20.34062500
19.72354100
20.22716700
19.23879200
20.25883300
19.96670800
19.83054200
20.11900000
19.87208300
19.79475000
19.48316700
20.05250000
18.67787500
20.55933300
21.08741700
19.17375000
19.52733300
19.70195900
18.82629100
19.05766700
19.34662500
19.21825000
21.11383300
21.22625000
19.13025000
20.38800000
20.15012500
19.32425000
20.02662500
19.07808400
19.03558300
20.61229200
19.02375000
18.44404100
19.73287500
19.17558400
18.25004100
18.98479200
18.88025000
18.30883300
20.01629200
19.12700000
18.83050000
19.26241700
19.28562500
19.71166600
19.57333400
18.81470800
18.60245800
20.41650000
18.89258400
19.23475000
18.96079100
18.75220900
19.58387500
19.42783300
18.49904200
20.67862500
20.59450000
19.33925000
19.20650000
18.82200000
20.56083300
19.15579200
19.40904100
21.63445900
23.41495800
23.15812500
21.66129200
20.93275000
22.62312500
20.02916600
20.33158400
20.71920800
20.53641700
20.54366600
20.20375000
19.54212500
20.91933400
19.93145800
19.91562500
20.09133300
19.36250000
19.21529200
19.83275000
19.60858300
19.42370900
19.24700000
20.61883300
19.46441700
19.14745800
19.99050000
20.60541700
19.80054100
20.81291700
19.74175000
22.09229200
22.95954100
22.49775000
20.89750000
19.31570900
19.54137500
19.60250000
18.68983300
20.45033300
20.68575000
19.20258400
18.52908300
18.81566700
17.91262500
19.56454100
18.58154200
18.48204200
18.52308300
18.53150000
18.93112500
18.49866700
18.49000000
18.97041600
18.76275000
18.37954200
19.23320800
18.68841700
18.56720800
19.01470900
18.08645800
17.95050000
18.33491700
18.08375000
17.83333300
18.02858300
17.68416700
18.14866700
19.27754100
18.87591700
19.68112500
18.88333300
18.88200000
18.90033400
19.16612500
18.20412500
18.17004100
17.13458400
17.10608300
18.22608300
17.80358400
17.45366600
17.04233400
18.03566600
17.19883400
18.77079100
18.08550000
18.22475000
17.78908400
18.89341600
18.18537500
19.45650000
17.86004200
18.79300000
17.52845800
18.56933400
17.83058300
18.92591700
17.66220800
19.27183300
17.45675000
18.27345900
19.47554100
18.92029200
18.98595800
18.71258400
17.95187500
18.12908300
18.45733300
17.64633400
18.43841600
18.40833400
17.01550000
17.57854100
18.13312500
17.83437500
17.82362500
17.69925000
16.77391700
17.16908300
16.28175000
17.77695900
17.04050000
16.48662500
17.18170800
16.21850000
15.76433300
16.99812500
18.52850000
16.48966700
16.29187500
16.77091700
17.28745800
16.23237500
17.66420800
21.62854200
18.83283300
19.60595900
18.80504100
18.27866700
18.95904200
18.30866600
19.76504200
19.54383300
18.28508400
18.78370800
17.95358300
18.38987500
17.90954200
18.29404200
17.77112500
17.76929100
19.22304200
20.88387500
19.82912500
19.71995800
21.15516700
20.22208300
21.46070900
20.93733300
20.10416700
20.54670800
19.12437500
19.89079200
20.41608300
20.15558300
19.97500000
20.72404200
21.77325000
20.46133300
20.32600000
20.18825000
19.51629200
19.65095800
19.68333400
20.29745800
20.08612500
20.12483300
20.00454200
19.20066700
19.32616600
20.47654200
20.22491700
19.40333300
19.89320800
19.80562500
19.75675000
19.38458400
19.21550000
19.92475000
20.74704100
20.07433400
19.53691600
20.47570900
19.54458300
20.39383300
20.40366700
18.81337500
20.44254200
20.79758300
19.67379200
19.32625000
20.09195800
18.82825000
20.25000000
20.16854200
19.34183300
19.43558300
19.82320900
20.21445800
21.78083300
19.45866700
20.16166700
18.81533300
20.13437500
22.22050000
19.07720800
18.93375000
19.89516700
21.42208300
20.51625000
19.47495900
19.47795800
19.49675000
18.96491700
20.18287500
20.46079100
19.49937500
20.37637500
19.60316700
20.57512500
19.96204200
19.07220800
19.24641700
19.82720800
20.83995800
21.82170900
20.58520800
19.93008300
21.29204200
19.82950000
18.64900000
19.99691700
18.99675000
18.95270800
18.99091700
19.51508300
18.83145800
18.08820900
17.86462500
17.74433300
18.07445800
17.35308400
17.20450000
17.41366600
17.09845900
16.60204100
19.10412500
17.49062500
17.40333400
17.03058300
18.70408300
16.96012500
18.52650000
17.62325000
17.82529200
17.42658300
19.88566700
18.42350000
19.68145800
18.28004200
20.67370800
19.16683400
20.37075000
19.24658300
19.81179200
19.58258300
19.48720800
19.72279200
19.12279200
19.06229100
19.13362500
18.86870900
19.12045800
18.81779200
19.16975000
19.60616600
20.79541700
19.29204200
19.59041600
21.28591700
19.63145800
20.02929200
19.50754200
20.19183300
19.81508300
20.20400000
20.65916700
19.36966700
18.97654100
20.01112500
20.53808400
19.60312500
19.12954100
20.35350000
18.57887500
19.91283400
20.34095800
19.28308300
19.58866700
19.50116700
19.98858300
19.20950000
20.26583300
20.02608400
19.43975000
19.10350000
19.48495800
19.02291700
20.44375000
19.24104100
19.08554200
21.19304200
19.13533300
20.04033300
19.93520900
18.10570800
19.25741700
20.35983300
18.46758300
19.73620900
20.28350000
19.09891600
20.76600000
18.77816700
18.47000000
18.75091700
19.33204100
19.51850000
18.31241700
20.50350000
20.18700000
19.94220800
19.64433400
19.11408300
20.03366700
19.46658300
20.94775000
19.58583300
20.12658400
19.16970800
19.54383300
19.19329200
20.69495800
20.27750000
20.16329200
18.89620800
19.66241700
18.46704200
21.78254100
19.83254200
20.55520800
19.51062500
20.03429200
20.31087500
20.12454200
21.51820800
20.54429200
19.05212500
19.81550000
20.34179100
19.51862500
20.54875000
19.80058400
19.39250000
19.69412500
19.24641600
19.24237500
18.69466700
19.14691700
19.72383300
19.50887500
20.52995800
20.76287500
19.02279200
19.86112500
19.45287500
19.40137500
20.51233300
19.42954200
18.81195800
19.31283400
20.25041600
18.85229200
20.30179200
19.07341600
20.48062500
19.88354200
22.07716700
20.77695800
20.04491700
18.84316600
19.36370900
20.49445800
19.73150000
19.49616700
19.58558300
18.35825000
19.35983300
19.41195900
20.16154100
19.22887500
19.31941700
19.44287500
18.85450000
20.20762500
20.57333300
19.47029200
20.57641700
19.50145800
18.39675000
20.10750000
20.44266700
21.39529100
20.07854200
20.38858300
17.95520900
21.61662500
19.06587500
19.79441600
18.79345900
20.68875000
19.54570800
21.51254200
20.57258300
19.71475000
18.88262500
18.21487500
18.23112500
18.19670800
18.53558400
18.06704100
17.69866700
19.23833300
17.88312500
19.02704200
16.71283300
18.02529200
17.33241700
17.85570800
16.92300000
17.69875000
17.44608300
16.49708400
17.61825000
17.11658300
16.95525000
16.49475000
18.85912500
16.93570800
17.77470900
16.88312500
18.34608300
17.19833300
17.92700000
17.39245900
18.37808300
18.20870800
18.45587500
19.90341700
18.74620800
18.42762500
19.38991700
18.85529200
19.16233300
18.80683300
18.65320900
19.74120800
18.54966700
19.64862500
19.58762500
20.13404100
19.10475000
20.25212500
20.15608400
19.46070800
18.94220800
20.08745900
18.94212500
18.81983300
19.12762500
19.09075000
18.96750000
19.77462500
19.19045800
20.02329200
20.10908300
18.47516700
21.28175000
20.30554200
20.10908300
19.17504200
20.41712500
20.38466600
19.69158400
19.42462500
19.83712500
19.00175000
19.81100000
21.23150000
20.55483300
20.93858300
19.85841700
20.87554200
19.32233300
20.80870800
19.40700000
19.67916700
20.93437500
20.36850000
21.51587500
20.06641700
20.59908300
20.52120800
20.09637500
20.65929200
19.32675000
23.10220800
20.76129200
20.50629200
20.26875000
18.33091600
19.27316700
20.59187500
20.17458300
20.67979200
20.04262500
19.94337500
21.14858300
19.34970900
20.04283300
21.10850000
19.20200000
18.81158300
19.44954200
18.39562500
21.01987500
19.26087500
19.14095800
20.51404200
18.71891700
18.74975000
18.98016600
19.27216700
18.98400000
18.39650000
18.56266700
18.80816600
19.45050000
19.21729200
18.89533300
18.11979200
19.56312500
19.11708300
18.83104200
19.12325000
18.44058300
18.67254200
19.21204200
18.85083300
18.21966700
19.02941600
18.24933400
18.06187500
18.08770800
18.88554200
19.03683300
19.57558300
18.60191700
20.21983300
19.05566700
20.65479200
18.63883300
19.92608300
19.28587500
18.76054200
18.94441700
19.54400000
18.69275000
18.49879100
18.78425000
18.68425000
19.33858400
18.91787500
18.50933300
18.94970800
20.54770900
19.67845800
20.28970800
19.87225000
19.28512500
20.33316700
20.05262500
19.63554200
20.31233300
21.60383300
19.58875000
19.58804200
20.19204200
19.83583300
18.80179200
19.01837500
19.02116600
19.46612500
20.44475000
21.19454200
19.84145800
20.73891700
18.85862500
19.16295800
19.01187500
20.14229200
18.59612500
18.48883300
18.76104200
18.54916700
19.09958300
17.05787500
18.17670800
17.09200000
17.75008400
17.62291600
18.47225000
17.53337500
18.53887500
17.31929200
17.18612500
16.80875000
17.19479200
17.55841600
18.11095900
17.62275000
17.15370800
17.19450000
18.35416700
17.42000000
18.59100000
18.17704100
18.73325000
18.11825000
19.41258400
19.33841600
19.68466700
18.97650000
19.61025000
18.94945800
19.16633400
18.56729100
19.81329200
18.60775000
20.21070800
19.95575000
20.05887500
19.58800000
20.73933400
18.62529100
20.54470900
20.64341600
20.27925000
19.47366700
19.12291700
20.22750000
19.28025000
20.19795800
20.05062500
19.52375000
20.16820800
20.23433400
20.19533300
20.14966700
19.96983300
20.26166700
19.33837500
21.03191600
20.58375000
20.97045900
20.70137500
19.88070800
20.66800000
19.23820800
19.66791700
19.21895800
20.46116700
19.28825000
19.40070800
19.54225000
20.35829200
19.02625000
20.09312500
21.88462500
19.45591700
19.28850000
21.06837500
20.52929100
18.68679200
20.34883300
19.68487500
19.84862500
20.24295900
20.51741600
19.50995900
20.20787500
21.12695800
21.19762500
20.70537500
21.11150000
19.19650000
20.87929200
19.54708300
19.32533300
19.77808400
19.35600000
19.80516600
19.33125000
20.56575000
19.46008400
20.68775000
20.81462500
21.10391600
20.58845900
19.52762500
18.98337500
20.41866600
20.86116700
20.73620800
20.31950000
19.65025000
20.79683400
19.39775000
18.84987500
21.17116600
19.49991700
19.72658300
20.81029200
20.96208300
18.98387500
21.04150000
20.63170900
19.61525000
21.48979100
20.37608400
19.99162500
20.43150000
20.02029100
18.82645900
18.66666600
19.56900000
18.87450000
20.41354200
19.18345800
20.13816700
20.15954200
19.10100000
18.49379100
20.15137500
18.58595900
19.25862500
19.43400000
20.08787500
18.21070800
19.93270800
20.40562500
19.84016700
18.73037500
19.69720800
19.11950000
20.23920900
19.28083300
19.88441700
20.70741600
18.86962500
18.86854200
18.25912500
19.06041700
20.71462500
19.56620800
18.78575000
19.58008300
17.01275000
18.11525000
17.30737500
16.89208400
18.31041600
16.92708400
17.30429100
17.63800000
17.22729200
16.99250000
16.65970800
18.11200000
17.74266700
17.02641700
17.24445800
17.61183300
17.29754200
17.76241700
15.97004100
15.46925000
16.67954200
16.09866700
15.24362500
17.30008300
17.08241700
16.44862500
16.20458300
16.08475000
16.11712500
16.09229200
15.61720800
15.35625000
15.86412500
16.28837500
15.72783300
16.60891700
17.90925000
15.93858300
16.08962500
15.81304200
14.49479200
15.40950000
15.78441600
14.33195900
15.22566600
14.74470900
14.14141600
15.50870900
14.72850000
13.33562500
14.32029100
13.46116700
13.65133300
13.44333400
13.45529100
12.95737500
13.31862500
14.34020900
14.09991600
14.41454200
13.08941700
14.41062500
13.23733300
13.59645800
14.00862500
13.78237500
13.37350000
13.76537500
14.08262500
13.40954200
13.79233300
13.69337500
16.44933400
16.84095800
17.18304200
16.46395800
16.42991700
18.62408300
15.77666700
16.24845800
16.29545800
16.60554200
16.77925000
16.84937500
16.52770800
16.76975000
16.66225000
16.62387500
16.72091700
16.83750000
16.52237500
17.91770800
16.65508400
16.46958300
16.86316700
16.57766600
19.13954200
18.84129200
18.59554100
20.13412500
19.75154200
19.31570800
19.87850000
18.47725000
20.29300000
19.82341700
19.78162500
21.53945800
22.58045900
20.80358300
23.13987500
22.20875000
20.36279200
20.44158300
19.61150000
20.58695800
20.81237500
20.04925000
19.72433400
19.52104100
20.46462500
20.26404200
19.93654200
20.00325000
20.05062500
19.62012500
19.61733300
19.91633300
19.56033400
19.95583300
19.34662500
20.35691700
19.65312500
19.35612500
19.14925000
19.85104100
19.40250000
20.53433400
19.93800000
19.41558300
19.79550000
20.11641700
19.91791600
19.63766700
18.03287500
18.03487500
19.03733300
19.37933400
19.75816600
18.42633400
19.26012500
19.49133300
19.05175000
18.79133300
18.68075000
20.04387500
18.27362500
19.14675000
19.06108400
18.83083300
18.59616700
18.66995800
18.79425000
18.65958300
18.66195900
18.39575000
17.83100000
19.69087500
19.80558300
18.50350000
19.50125000
18.34133300
18.19370900
19.80233300
18.46929200
19.14529100
18.81058400
18.62312500
18.10758300
18.31229200
18.10829100
18.29312500
18.80775000
17.51833400
18.27466600
17.48075000
16.72316700
18.97262500
18.18133300
18.43325000
18.05754200
18.22558300
17.84845900
18.50741600
18.63904200
18.30358300
17.76104200
18.43058300
17.15337500
19.30462500
19.16550000
18.98883400
17.30637500
18.86912500
18.41508300
20.40816700
19.31383300
17.81983300
19.35233400
19.27920800
18.95991700
19.10825000
19.24679100
18.98820900
17.92420800
17.22458300
17.20579200
18.61995800
17.11458400
17.56470800
17.82425000
19.15408300
18.14254200
17.73825000
17.58462500
17.63020800
19.21595900
19.04595800
19.00433300
18.61158400
19.61662500
19.01120800
18.92783300
17.76970900
18.54416600
16.97808400
17.53325000
18.51387500
17.27412500
17.46691600
17.63012500
17.86133400
16.45191600
16.87679200
16.26466700
15.94708300
16.37654200
16.74491600
16.12825000
16.22212500
17.01837500
16.64312500
16.06191700
16.56116700
17.61658300
16.74991700
17.33987500
16.81191600
17.88570900
16.68416600
17.79458400
16.58729100
17.11466700
17.00487500
17.87112500
16.64950000
18.52120800
18.01654200
18.60375000
19.79195800
18.77062500
18.21237500
17.52504200
18.74312500
18.79141700
17.54350000
18.88600000
18.77366600
20.30208400
21.85675000
20.09237500
19.23941600
19.27262500
19.69441700
18.84529200
18.59983300
19.19216700
18.09587500
19.45337500
17.83325000
18.94354100
19.16983400
19.01095800
18.59845800
18.52216700
18.62475000
18.88295800
19.05595900
17.66600000
18.97695800
19.07775000
18.87666700
17.89820800
18.79745800
18.43895900
18.75545800
18.87595800
19.03245900
17.96079100
20.02195900
18.31433300
18.77720800
19.12033400
17.62150000
18.98275000
17.64145800
20.22554200
17.56891600
19.45012500
18.19508400
18.30620800
19.40445800
18.16220900
18.60620800
18.11704200
18.58675000
19.10837500
18.81150000
19.33033300
17.68550000
18.74762500
20.14375000
19.58045800
17.98429200
18.37462500
18.66566700
18.68308300
18.45162500
18.82579200
19.21750000
19.54325000
18.14870800
18.25366700
17.92525000
19.11279100
17.71962500
18.66829200
19.33187500
18.87866700
18.45920800
18.76400000
18.54670800
18.69570900
19.24383300
17.81583300
18.24641700
17.60641700
17.26820800
18.72520800
18.32075000
17.64458400
17.95858300
18.07775000
18.13995800
17.55200000
17.45145900
17.97154100
19.40554200
17.94520800
18.95462500
18.00125000
18.57304200
18.09375000
19.17866700
17.88425000
18.28470800
18.17625000
18.05737500
18.48200000
17.76725000
17.48783300
17.77525000
17.96666700
17.49950000
17.00745800
18.25704200
20.79266700
19.20945800
18.00012500
18.74583300
19.21662500
20.04604200
18.67450000
18.09329200
19.51058300
20.16087500
19.28050000
18.02875000
18.23662500
17.56141700
17.48200000
19.27254100
18.15791700
17.78450000
18.73720800
19.55504200
18.83825000
19.57770800
17.46541700
19.94954200
19.27312500
19.34079100
19.39308400
19.18612500
17.85583300
18.43875000
18.14941700
17.88991600
19.04208400
18.11350000
17.85491600
18.38158400
17.76733300
17.55829200
17.56087500
17.72029100
17.83908400
20.50533300
18.76191700
18.90941600
18.20520900
18.02491600
16.49929200
18.05825000
17.24300000
16.93541700
18.38258300
17.24820800
17.23195900
18.30383300
18.26616700
21.01462500
17.60654100
19.70250000
18.52116700
18.75145800
18.82954200
18.89791700
21.05358300
19.54612500
20.74254200
17.99579100
18.00395900
17.55112500
17.72120800
17.86495800
18.28066700
17.98800000
18.30375000
20.15358300
19.59341700
19.04770800
19.84679200
18.98745800
18.66583400
18.38066600
21.22408400
18.94333300
19.68275000
19.04795800
20.16458400
18.98283300
19.08954200
20.90858300
20.29741700
19.43275000
19.19029100
19.41945900
19.18183300
20.12770800
20.60187500
19.67604200
21.73591700
18.58708300
19.81766700
20.27504100
20.72004200
19.70533300
19.85225000
17.94925000
19.37987500
20.91479200
19.59600000
19.61108300
18.35812500
19.52066700
18.58225000
17.72350000
19.29316700
19.07058300
17.81779200
18.35533300
18.81158300
18.89429200
19.39958300
17.96537500
19.26208400
17.78241600
19.04629200
18.55950000
19.28333300
18.53095900
17.98204100
18.61225000
19.64479200
19.41504200
20.63941600
18.98987500
21.46591700
19.58816700
19.23533300
19.41812500
19.35095800
19.35354200
19.99625000
18.37470800
20.46400000
21.89175000
20.65300000
20.59579200
19.95341700
19.96625000
20.31691600
20.16016700
21.03650000
20.44483300
20.07920900
19.88079100
19.78204200
19.96762500
19.87475000
19.03437500
20.98033300
20.47662500
19.50945900
19.11020800
19.87912500
20.20416700
18.60062500
19.27433300
20.70025000
19.41787500
19.94333300
19.10687500
19.92887500
19.93687500
19.07129200
19.78512500
19.12983300
20.31037500
18.91991700
20.10491700
20.83737500
20.60787500
21.59325000
20.51500000
20.53070800
19.96954200
21.57679100
20.27970900
19.44466600
19.65400000
17.87650000
18.42458400
18.11829100
19.00933400
19.38791600
19.21212500
18.44150000
19.15854200
18.46437500
20.30833300
19.44108400
19.62970800
17.81704200
18.95216600
16.92487500
18.42037500
17.01287500
17.58100000
17.36575000
17.18779200
19.13354200
18.03720800
18.03745800
18.40404200
17.34862500
18.35433300
18.72350000
18.09750000
19.69129200
18.45487500
18.43100000
18.81804200
18.73733300
18.00866700
18.80937500
18.64095800
18.95820800
20.53508400
18.28883300
18.12179200
19.53112500
22.54308300
19.54870800
18.93516700
18.11125000
18.17791700
18.21225000
21.18533300
20.43395800
20.32800000
20.39529200
20.05625000
20.69450000
19.79420800
19.70404200
19.91275000
19.05650000
22.03550000
20.18116700
20.69812500
20.04733300
22.57829200
20.70816600
20.32850000
20.50000000
17.68541700
19.33983300
18.25445900
16.94637500
19.30350000
18.58016600
19.91454200
23.72487500
19.30520800
19.97845900
19.75812500
19.74975000
19.38983300
19.86329200
19.70541600
19.17529200
20.70041700
20.37983300
20.62445800
19.74550000
18.82845900
18.94904100
19.23087500
18.96420900
18.29550000
19.60929100
19.46558400
20.14483300
19.52029200
19.69633300
18.80062500
21.95150000
21.14445800
20.65266700
22.31070800
21.20879200
22.90845800
20.95737500
21.44570900
30.36200000
24.44783300
22.31241700
23.66766600
22.43783400
22.15641600
23.01095900
26.43775000
22.95554100
24.00145900
23.70350000
24.47050000
22.22687500
22.80233300
22.83154200
23.53441600
25.15708400
27.58095800
26.75895800
24.34379200
25.93662500
25.75866700
24.75691600
25.27825000
23.99533400
23.69554100
23.29554200
22.05279200
26.80791600
27.89300000
30.76987500
30.33875000
28.59116700
114.73225000
48.37895800
32.30958400
30.05116600
29.27916700
26.48012500
26.68691700
26.07283300
23.53312500
24.62891700
24.03054100
23.19191700
23.58458300
23.88470900
23.15833300
22.77850000
22.33808300
22.81745900
22.98166600
22.95270900
22.94662500
22.80345800
23.21916700
23.38808300
23.04395800
22.86183400
22.29391600
21.36454200
21.48979200
21.96354100
21.99283400
22.06229100
22.35925000
21.88654200
21.79387500
22.16354200
21.74958300
22.04454200
22.16495800
21.70233300
22.56004200
21.85612500
22.22475000
22.21508300
22.04004200
21.87170800
21.99983400
22.65858300
21.97137500
21.69312500
21.81179200
22.01533300
21.82295800
22.11983400
22.13812500
22.67816600
22.20487500
20.88854200
23.44320800
21.77483400
23.38741600
22.03504200
22.14812500
22.15875000
23.80658300
21.99833400
23.44829100
21.97283400
21.81375000
21.97200000
22.57241600
21.01841700
23.39062500
22.13904200
22.49783300
20.99054200
22.41600000
20.86120800
23.89779200
22.49283300
22.56675000
22.02933300
22.14579200
21.84129200
21.76845800
22.71129200
22.32391600
20.99166700
21.25225000
23.09700000
22.65000000
22.44979200
22.16700000
21.25770800
22.21800000
24.29658300
23.48491700
22.48029200
23.26429100
22.78808400
24.09708300
24.01825000
22.43162500
21.72150000
22.82987500
21.15733300
22.33008400
22.06187500
20.44170800
20.14512500
19.88900000
20.11691700
19.91075000
19.92666600
19.60920900
20.06866600
19.84820900
19.61000000
18.90012500
18.64145800
18.44204200
18.65925000
18.37670800
18.38075000
18.43983300
18.45516700
18.71500000
18.42266700
19.09258300
20.36979200
20.31154100
20.28562500
20.54670900
21.04662500
20.32191600
20.45358400
20.84116600
20.71379200
21.48154200
21.74487500
22.60170800
22.59404200
22.12445800
22.18150000
21.43570800
22.10650000
22.39995900
21.39425000
23.04737500
22.64083300
22.12258300
21.86225000
21.84120900
21.06420800
21.77391700
22.05775000
23.71312500
22.41354100
22.49962500
22.61745900
22.02079100
21.93008400
22.10200000
22.45770800
22.47262500
21.84641700
21.12158300
21.09370800
22.59500000
21.99670900
22.13200000
22.39845800
21.96550000
22.20145800
21.45970900
22.44904100
21.97158400
22.24850000
20.92512500
21.32762500
22.35587500
22.19770800
22.04108300
22.47154200
21.78341700
21.18225000
22.39050000
22.17491600
21.07529200
22.26691700
21.07904100
22.68745900
23.03337500
22.89166600
22.52691700
21.83470800
22.27358400
22.27066600
21.86766700
21.92237500
21.61158300
23.01883400
22.17025000
22.41233300
20.75270800
20.88541700
21.05233300
21.74866700
22.01941700
21.21554100
22.38016700
21.03575000
21.00325000
21.44062500
20.51558300
20.79358400
21.81258300
20.92912500
22.18745800
21.29116700
21.24237500
22.12183300
22.01587500
21.76241700
21.25395800
21.93133400
20.94933300
21.92579200
21.10041600
21.81300000
22.36220900
20.87012500
21.09195800
22.41650000
21.83904200
21.23566600
20.72525000
21.23929200
20.18183300
20.23237500
20.53162500
19.76083400
19.86675000
20.11375000
19.46450000
20.12220800
20.95466700
21.26191600
20.63179200
22.40400000
20.23245800
19.38816700
18.71304200
20.53112500
19.18770800
19.96741700
21.93795800
20.04470800
19.70187500
21.24683400
20.07716600
19.94166700
19.87604200
19.62195800
19.63712500
20.75700000
19.58425000
20.04429200
19.77470800
19.53687500
18.88520800
21.18104200
21.40712500
20.95808300
20.01529200
20.20733300
19.11487500
19.66950000
19.08750000
18.76875000
21.92108400
19.98987500
19.75629100
20.31904200
19.94179200
19.35150000
21.45587500
19.35775000
18.69237500
18.72558300
18.42183300
18.70595900
18.47783300
18.54725000
18.52354200
18.44400000
18.19629100
17.89016700
18.05933300
20.89979200
20.30008300
20.91150000
20.27304200
20.27191700
20.16991600
21.50241700
20.65141700
20.38637500
20.32762500
20.77204100
20.68162500
21.76454200
22.40891700
21.95183300
22.25495800
22.05220900
21.64737500
21.71995800
22.69475000
21.91895800
21.66920900
22.18787500
21.83775000
22.07225000
22.80329100
20.90745900
21.71162500
21.98141600
21.90258400
21.96837500
23.39916600
22.56445900
21.95562500
22.48791600
21.77466700
23.52516700
22.31629100
21.66466700
21.75445800
21.85337500
22.12054200
22.37916700
22.28379100
21.95345900
21.81020800
22.68895800
21.63650000
21.72816700
21.65233300
21.70991700
21.63358300
21.77750000
21.32908400
21.80316600
21.20916700
21.26533300
21.43141700
21.55720800
21.31129200
20.83058300
22.97766700
21.52804200
21.35370800
21.27787500
20.33908300
22.84704200
21.12908300
21.06179200
21.83220800
21.34558400
21.17429100
21.05254200
21.22808300
20.74916700
21.44916700
21.11300000
20.98854100
22.44766700
19.27662500
18.86508300
18.53708400
18.37950000
18.32883300
18.78754200
17.86158300
17.32350000
17.99700000
18.54329200
17.45858300
18.68154200
16.58387500
17.67325000
18.61975000
17.51187500
18.88875000
18.75637500
18.14529100
18.32120900
18.13662500
18.00870800
18.17941700
18.07991600
18.10808400
18.15379100
18.24320900
17.32975000
17.52520800
17.36066700
18.24595800
18.38537500
18.14933300
17.38295900
18.55608300
18.26025000
17.13062500
18.70629200
17.29462500
16.73541600
18.46275000
17.42770900
18.05708300
18.54991700
18.43370800
16.87962500
17.97433300
18.59745900
17.37750000
17.98070800
17.38775000
18.19070800
18.49979200
18.33012500
18.28962500
18.30308300
17.26670900
17.47191600
18.57058400
18.56458300
17.30825000
17.59429200
18.92691600
18.16058400
18.96579100
18.34829200
17.97145800
17.56966700
17.28629200
18.48016600
17.51695900
18.47354100
18.78933400
18.36175000
18.37775000
18.64566600
18.20350000
18.35133400
18.25312500
17.89258300
17.89558300
17.26629200
16.33162500
16.43037500
16.56316700
16.70387500
16.24550000
16.73650000
16.65537500
16.41958300
16.66266700
16.31183300
16.34412500
16.76079200
16.55483300
15.65366700
15.65391600
15.78904200
15.70862500
15.64570800
15.45475000
15.79625000
16.47000000
15.57679200
16.59150000
16.55075000
15.57520800
15.78733400
16.52891600
15.96220900
16.51008300
17.40375000
17.18258300
14.38512500
7.05162500
1296.87254200
15.88791700
16.75245800
16.67837500
16.63054200
16.72133300
16.65158300
16.66050000
16.73662500
16.63250000
16.70587500
16.67179200
16.69166700
16.67170800
16.69162500
16.68145800
16.77887500
16.59891700
16.66791700
16.71283300
16.64341700
16.73554100
16.66962500
16.65270900
16.69345800
16.66191700
16.72408300
16.64100000
16.69070800
16.72725000
16.75212500
16.57208400
16.79808300
16.56812500
16.67370800
16.78158400
16.59404100
16.69575000
16.69537500
16.66095900
16.68275000
16.72445800
16.65045800
16.66158400
16.69825000
16.69908300
16.68245800
16.66912500
16.67545900
16.70625000
16.73112500
16.60525000
16.72016600
16.66745900
16.67183300
16.68608300
16.69341700
16.66887500
16.69945800
16.67887500
16.69908400
16.66337500
16.67512500
16.73616600
16.72812500
16.57937500
16.70929200
16.68283300
16.66587500
16.71029200
16.70141700
16.79250000
16.52054100
16.69991700
16.68591700
16.73125000
16.75500000
16.54937500
16.69187500
16.81366600
16.58020900
16.65629100
16.77829200
16.74575000
16.64512500
16.56737500
16.75741700
16.60170800
16.70058300
16.65262500
16.89937500
16.61700000
16.64133400
16.66125000
16.71883300
16.68029200
16.65941600
16.68141700
16.74829200
16.74250000
16.77208300
16.68991700
16.58979100
16.83858400
16.66912500
16.59475000
16.88641600
16.58829200
16.60683300
17.10158400
16.60158300
16.41216700
16.78720800
16.68216700
16.73175000
16.97612500
16.85929100
16.22704200
17.05262500
16.81900000
17.47650000
15.69033300
16.92437500
16.43287500
19.05908400
15.00616600
16.60754200
18.08329200
18.33187500
13.35875000
18.15658300
16.61350000
15.26916700
16.88562500
16.66554100
16.91408400
17.08387500
16.76616600
16.69258400
16.26562500
16.56641600
16.81379200
16.76200000
16.64129200
16.86912500
16.35554100
16.72716700
16.52433300
16.77350000
16.57616700
17.03700000
16.66404200
16.74512500
16.55704100
16.44233400
16.77920800
16.56079200
16.66129100
15.65312500
23.42970900
13.52570800
13.98987500
16.85187500
16.64925000
16.56975000
16.76550000
16.78866700
16.62308300
16.50645800
17.40000000
16.32808400
16.73795800
16.65845800
16.57262500
16.82045900
16.71287500
16.23625000
16.84783300
16.88333300
16.37708400
17.94916600
15.45079200
16.90733300
16.83137500
16.55091700
16.41104200
16.86450000
16.61904100
16.67445900
16.78616600
16.62783400
17.06995800
16.89450000
17.30466700
15.90129100
16.57016700
16.92875000
16.77662500
16.31479200
16.37920800
16.79900000
16.73604200
16.45079100
16.83158400
16.78295800
16.49562500
16.79150000
16.62237500
16.58045800
16.75637500
16.93104200
16.46250000
16.83420800
16.63287500
16.44716700
16.60629200
16.69333300
16.56225000
16.71016700
16.90216600
16.54295900
16.66387500
16.63516600
16.57858400
16.83250000
17.16920800
16.17300000
16.76150000
16.49400000
16.81683300
16.50095900
16.74775000
16.48870800
16.83312500
16.65633300
16.58912500
16.76641700
16.59491700
16.69600000
16.79637500
17.08708300
16.19004200
17.07041600
16.33404200
16.94620800
16.40687500
16.67466700
16.77120800
16.73929200
16.55787500
16.71783300
16.70570900
16.46391600
16.90270900
16.59245800
16.72320800
16.70495900
16.44387500
16.89729100
16.64595900
16.73987500
16.50579100
16.81183400
16.82070800
16.53420800
16.57000000
16.93454200
16.48229200
16.81616600
16.62058400
16.89700000
16.56850000
16.63220800
16.39329200
17.11495800
16.47845800
16.48408400
16.83508300
16.71554200
16.86725000
16.58391600
16.67508400
16.66395800
16.65504200
16.77345800
16.62254200
16.62304100
16.74095900
16.71758300
16.60208300
17.15050000
16.45679200
16.54408300
16.53016700
16.61162500
16.74545800
16.76004200
16.62208300
16.75133400
16.61300000
16.98820800
16.55529200
16.56054100
16.72654200
16.62691700
16.61158300
16.74141700
16.70937500
16.46304100
16.91041700
16.68091700
16.56154100
16.73145900
16.67541600
16.62816700
16.74083300
16.70954200
16.53395800
16.79783400
16.66029100
16.64141700
16.80270800
16.62754200
16.71079200
17.05100000
16.58720800
16.62595800
16.63200000
16.53345900
16.65070800
17.02562500
16.37416700
16.75141600
16.71337500
16.71916700
16.59512500
16.63375000
16.79191700
16.51304100
16.99662500
16.51662500
16.61529200
16.78000000
16.60954200
16.61825000
16.64754100
16.83783400
16.59275000
16.75529100
16.83158400
16.59650000
16.72608300
16.55945800
16.82645900
16.61783300
16.68058300
16.56900000
16.68337500
16.67850000
17.02733400
16.94025000
16.25025000
16.72325000
16.68933300
16.87650000
16.67145800
16.49612500
16.81637500
16.85554200
16.66591700
16.60700000
16.75225000
16.69350000
16.42587500
16.96529100
17.09216700
16.26583300
16.68575000
16.69704200
16.45454200
16.84204100
16.68841700
16.67612500
16.96925000
16.32375000
16.62991700
17.18050000
16.53395800
16.31287500
16.97587500
16.97200000
16.27683300
16.96812500
16.26454200
16.85879200
16.49470800
16.76075000
16.32725000
16.99441700
17.24304100
16.05041700
16.87041700
16.80033300
16.78216700
16.32320800
16.89454200
16.55341600
16.79716700
16.49333300
16.87995900
16.60954100
16.70020900
16.57033300
16.76779200
16.62887500
16.91741600
16.49037500
16.50045900
16.98791600
16.47345900
16.88995800
16.67137500
16.53579200
16.57987500
16.98475000
16.58087500
17.28808300
16.20058300
16.44775000
16.98679200
16.49329200
16.53741600
16.60125000
16.93170900
16.63620800
16.43887500
16.88845800
16.42233400
16.83808300
16.94229200
16.53200000
16.52675000
17.22962500
16.33416600
16.79987500
16.57858400
16.63120800
16.54395800
16.70991700
16.76100000
16.97308300
16.40637500
16.75920900
16.66062500
16.55345800
16.76754200
16.70720800
16.61441700
16.76304100
16.79045900
16.50491600
16.80229200
16.55883300
16.78958400
16.51033300
16.77058300
16.70458400
16.46875000
16.85041600
16.80262500
16.52283400
16.77529100
16.82437500
16.35812500
17.17208400
16.36379100
16.49108400
16.69379100
16.98012500
16.40416700
17.38920800
16.11858400
16.87950000
16.66300000
16.63866600
16.63166700
16.86208300
16.54970900
16.39316600
16.96341700
16.64833300
16.39250000
16.83508400
16.80558300
16.49950000
16.90162500
16.60387500
16.62550000
16.63841700
16.67779100
16.63520900
16.87400000
16.58320800
16.58091700
16.80450000
16.74929100
16.42441700
16.96579200
16.65025000
16.72833300
16.86658300
16.54366700
16.66479200
16.63716600
16.65775000
16.59454200
16.78141700
16.46525000
16.90179100
16.90550000
16.32262500
16.85583400
16.59483300
16.64966700
16.72695800
16.67616700
16.60812500
16.99950000
16.35745800
16.70512500
16.70695800
16.88245900
16.49008300
17.10120800
16.55954200
16.42516700
16.72858300
16.49437500
16.49225000
16.80129200
17.14912500
16.16612500
16.80316600
16.51291700
16.54466700
16.80920800
16.62945800
16.56600000
16.92562500
16.83900000
16.40754200
16.76945800
16.73350000
16.53087500
16.78354200
16.73145800
16.53695900
16.58820800
16.85845800
16.50808400
16.87891600
16.63758400
16.68266600
16.65416700
16.76841700
16.59270800
16.87229200
16.78620800
16.53366700
16.67995800
16.82608300
16.57883400
16.60725000
16.85504100
16.42708400
16.90033300
16.47437500
16.78866700
16.74662500
16.54454100
16.78679200
16.53758300
16.76904200
16.74366700
16.68012500
16.51908300
16.97404200
16.52004100
16.55450000
16.89195900
16.57841600
16.59245900
16.78295800
16.70979200
16.56070800
16.78370800
16.85791700
16.40354200
16.83433300
16.86070800
16.82295900
16.48554100
16.60695900
16.54979100
16.86741700
16.75341700
16.54658300
17.04620800
16.64333400
16.62937500
16.98841600
16.36287500
16.51737500
16.76450000
16.74337500
16.75900000
16.66666700
16.68766700
16.56062500
16.67262500
16.70487500
16.65716600
16.86912500
16.70337500
16.75058400
16.77770800
16.47050000
16.87187500
16.43308300
16.73595900
16.96433300
16.53812500
16.54566700
16.52020800
17.12362500
16.11733300
16.94487500
16.63833400
16.44954100
17.03616700
16.58391700
16.56200000
16.98179100
16.47716700
16.63729200
16.70466600
16.68087500
16.69800000
16.65816700
16.74008300
16.86612500
16.52362500
16.97316700
16.43470800
16.79625000
16.67033400
16.57333300
16.94770800
16.62100000
16.31962500
17.23816700
16.18341700
16.50820800
17.11191700
16.49866600
16.68537500
16.55625000
16.67108400
16.88495800
16.60833300
16.79483400
16.40645800
16.69845800
16.71045900
16.71812500
16.89508300
16.39400000
16.52562500
16.89962500
16.84154200
16.53420800
16.74141700
16.56791600
16.70158400
16.70991600
16.81250000
16.69375000
16.98033400
16.15662500
16.86308300
16.85166700
16.41666600
16.78433400
16.93287500
16.36866600
17.00920900
16.31416600
16.59600000
16.77833400
16.85508300
16.47925000
16.80362500
16.68850000
16.53275000
16.74520800
16.75125000
16.82516700
16.48437500
16.77487500
16.91508300
16.44779200
16.83841700
16.57695800
16.73287500
16.84633300
16.29295900
17.03633300
16.19741700
16.84108300
16.72750000
16.91400000
16.58154200
16.77270800
16.60575000
16.98841700
16.61141600
16.68862500
16.62300000
16.62137500
16.68387500
16.67916700
16.69208300
16.27500000
16.98883400
16.76370800
16.27041700
16.79779100
17.06850000
16.54987500
16.83683400
16.70491600
16.50687500
16.83841700
16.71495800
16.59133400
16.66462500
16.56712500
16.47245800
16.81033300
16.71458400
16.99654100
16.57150000
16.57316700
16.35558300
16.79333400
16.68158300
16.48500000
16.60166700
16.83800000
16.65441600
16.73916700
16.64354200
16.72400000
16.59150000
16.65641600
16.53766700
16.85300000
16.65520800
16.53887500
17.14383400
16.32495800
16.80616700
16.65166600
16.69950000
16.73154200
16.62404200
16.60737500
16.81737500
16.76029100
16.66475000
16.99687500
16.54637500
16.50654200
16.74741700
16.84600000
16.62475000
16.68916600
16.61262500
16.57966700
16.98916700
16.59154100
16.58954200
16.94483300
16.73387500
16.62137500
16.73579200
16.79933300
16.33141700
16.87616700
16.75508300
16.55475000
16.91937500
16.77329200
16.50212500
17.20658300
16.79016700
16.08750000
16.87991600
16.65004200
17.65691700
15.93375000
16.38987500
17.85370800
16.10475000
16.21666700
17.88562500
23.89933300
17.32650000
18.84225000
21.05479200
21.86766600
18.23383400
19.75633300
19.63325000
18.72670800
18.88854200
18.81887500
20.76945800
20.77862500
20.92895900
19.22987500
18.07041600
17.81195900
19.61437500
18.52841600
17.15358400
19.02504100
17.49658400
17.99104100
15.96987500
15.67645900
17.45025000
17.40104100
16.02962500
15.66366700
16.08970800
16.91858400
15.54370800
15.94054200
17.25470800
19.05795800
17.05775000
15.73983400
15.58737500
17.23187500
16.00837500
16.44112500
16.47012500
16.69108300
15.50220800
15.94833400
15.99100000
15.41554100
15.87454200
15.79750000
16.05416700
17.05379100
16.46016700
17.44695800
16.47316700
15.55525000
15.54204200
16.00966600
17.23687500
16.14300000
15.66604200
16.07737500
15.38737500
17.81420800
17.93300000
15.64366700
16.25083300
16.13416700
15.94979200
16.05037500
15.93754100
16.87533400
15.39312500
16.62470800
16.68516700
15.88050000
15.50141600
16.11375000
15.76529200
15.46241700
15.99495800
15.70416700
16.01045800
15.74612500
15.27595800
15.32604200
16.48729200
15.59487500
15.60695800
16.27695800
18.47141700
16.49587500
16.72129200
15.63345800
16.50970800
16.15883400
15.94979100
15.52766700
15.55241700
14.19820800
14.01425000
14.28950000
14.12537500
14.10237500
14.46229200
14.17491600
13.89400000
14.20979200
14.15687500
13.96079200
16.60804100
16.64170900
17.11687500
16.66175000
17.05658300
15.91004200
16.71116600
16.66187500
16.73200000
16.59225000
16.68237500
16.73579200
16.79408300
16.50304200
16.84279200
16.55933300
16.65337500
16.43933300
16.76029200
16.59662500
16.71429200
16.78379100
16.52025000
16.79870900
17.07116600
18.21262500
14.88416700
16.56904200
16.63925000
17.30708300
16.67112500
16.38033300
16.34904200
16.82004200
16.33825000
16.98720800
16.54133300
16.56595900
16.76275000
16.68270800
16.47050000
16.91745800
16.47295900
16.60170800
16.82704200
16.70662500
16.50233300
16.74862500
16.71604200
16.59425000
16.77458300
16.68729200
16.60412500
16.73225000
16.68125000
16.63933300
16.97462500
16.46745800
16.62687500
16.92858400
16.53212500
16.76712500
16.64104100
16.74154200
17.31308300
16.15083400
16.63604100
16.70400000
16.47475000
16.76916700
16.66241700
16.70329100
16.40895900
16.92883300
16.75908300
16.52845900
16.83233300
16.55587500
16.64658300
16.78954200
16.74033300
16.51845900
16.87887500
16.56912500
16.61745800
17.02837500
17.34095800
16.48087500
16.39333400
16.71654100
16.53600000
16.67470900
16.71358300
16.50525000
16.98970800
16.59620900
16.55841600
16.82825000
16.62262500
16.70441700
16.95600000
16.35212500
16.75212500
16.83095800
16.69279200
16.60133300
17.03550000
16.44491700
16.52375000
16.77995800
16.78062500
16.29241700
16.80808300
16.70712500
16.70104200
16.83912500
16.73279200
16.41375000
16.92733300
16.55729200
16.79291600
16.76020900
16.30025000
16.95658300
16.95162500
16.38895800
16.71979200
16.53145800
16.84562500
16.67766700
16.45262500
16.99087500
16.46179200
17.03708300
16.44250000
16.63883300
16.86183400
16.31012500
16.78775000
16.82575000
16.53200000
16.67595800
16.84945800
16.45987500
17.13558400
16.59858300
16.54354200
16.96787500
16.64520800
18.21683300
16.71687500
15.35279200
16.04829200
17.09050000
17.45395800
15.66566700
16.91916600
16.66300000
16.73033400
16.65058300
16.56912500
16.71900000
16.65887500
16.62158300
16.85241700
16.55375000
16.75158300
16.67779200
16.58545800
16.83054200
16.40950000
16.67108300
16.62541700
16.57312500
16.74800000
16.76820800
16.58670900
16.78858300
16.73950000
16.83129200
16.52558300
16.47812500
16.67791700
16.94608300
16.82620800
16.53412500
16.64475000
16.63662500
16.61837500
16.88820900
16.51162500
16.71383300
16.45041700
16.98808300
16.58041700
16.83645800
16.37587500
16.62820800
17.52083400
15.96650000
16.84387500
17.39216600
15.89108400
16.85883300
17.45304200
21.79137500
16.66862500
16.72179100
16.04108400
14.94625000
14.93545800
15.93766700
18.21737500
16.46141600
17.00054200
16.74250000
15.51979200
15.67516600
15.71541700
17.45054200
16.44583300
16.97354200
16.32400000
16.83633300
16.53066700
16.77812500
16.72537500
16.55504100
17.06887500
16.75208400
16.46679100
15.86200000
17.09845900
16.70883300
16.52729200
16.73708300
16.50058300
16.62745900
16.73725000
16.70729100
16.47254200
16.86670800
16.45441700
16.57350000
17.21141700
16.35662500
16.48975000
16.81679100
16.65904200
16.58750000
16.81220800
16.67891700
16.52133300
16.93400000
16.56687500
16.56887500
17.01858400
16.45183300
16.64787500
16.75858300
16.65504200
16.55054200
17.24383300
16.44650000
16.67708300
16.69383400
16.56762500
16.51316600
16.92241700
16.61591700
16.68383300
16.44379200
16.87383300
16.81487500
17.36500000
15.89350000
16.89700000
16.65745800
16.37700000
16.81879200
16.65529200
16.75104100
16.81108400
16.76087500
16.56595800
16.67125000
16.68041700
16.60629100
16.76845900
16.66425000
16.56862500
16.88879100
16.61762500
16.58658400
16.93400000
16.79900000
16.43670800
16.78741700
16.68350000
16.72770800
16.75287500
16.68358300
16.49229200
17.09245800
16.64679200
16.37508300
16.88812500
16.61454200
16.59695800
16.70270900
16.67987500
16.31166600
17.09695900
16.70841600
16.60850000
17.05629200
16.58345800
16.32587500
16.96975000
16.73191700
16.29316700
17.00833300
16.74420800
16.78508400
16.61287500
16.99100000
16.83079100
16.50812500
16.89654200
16.68325000
16.25975000
16.57333300
16.68487500
16.66366700
17.34541700
16.28875000
16.43679100
16.66808400
16.67766600
16.83804200
16.43229200
17.02554100
16.48016700
16.53200000
16.82154200
16.62629100
16.53250000
16.93854200
16.67362500
16.60358300
16.70770900
16.48770800
16.83762500
16.75158300
16.70391700
16.47237500
16.78408300
16.79200000
16.44916700
16.85095800
16.73383400
16.74895800
16.60845800
16.57237500
16.86600000
16.49120900
16.87008300
16.43283300
16.56250000
16.91512500
16.62054200
16.71295800
16.53583400
16.61975000
16.79475000
16.54616600
16.88754200
16.59412500
16.84279200
16.42550000
16.84662500
16.57033300
16.71016700
17.00616600
16.53508400
16.47729100
16.70533400
16.94987500
16.68587500
16.49875000
16.50120800
16.57120800
16.81433400
16.74820800
16.87387500
16.55512500
16.57212500
16.61233300
16.78525000
16.67762500
16.59533400
16.56316600
16.81250000
16.57512500
16.65179200
16.55662500
17.02041700
16.56958300
16.56704200
16.86520800
16.58545800
16.65020900
16.68904100
16.68300000
16.73633400
16.74970800
16.71679200
16.39741600
16.79820900
16.72995800
16.57887500
16.73241700
16.77037500
16.46483300
17.25300000
16.37108300
16.73008400
16.64137500
16.54933300
16.75008300
16.72070900
16.43054100
17.04591700
16.60150000
16.70370800
16.68775000
16.64112500
16.69370900
16.72229100
16.75412500
16.47812500
16.70529200
16.70333300
16.87620900
16.78691600
16.74262500
16.30591700
16.55358300
16.66608400
16.67645800
16.84179200
16.71350000
16.43020800
16.95116700
16.95362500
16.15062500
16.80945800
16.80066700
16.41475000
16.81787500
16.71583300
16.49212500
16.83925000
16.92012500
16.33662500
16.79383300
16.66891700
16.55050000
16.78425000
16.82920800
16.42429200
16.68100000
16.85091700
16.61558300
16.72720800
16.76329200
16.43787500
16.82454200
16.87420800
16.57616700
16.74229100
16.83779200
16.34837500
17.05354200
16.74300000
16.40958300
16.75645800
16.60525000
16.73754200
16.49979200
16.77441600
16.73920900
16.67900000
16.65433300
16.74033300
16.64933400
16.55170800
16.75395800
16.69641700
16.60029200
16.69370800
16.77154200
16.57420800
17.07025000
16.56083300
16.53479200
16.87945800
16.61325000
16.58000000
16.93579200
16.57254200
16.40862500
16.91850000
16.92658300
16.87683300
16.40170900
16.71483300
16.65412500
16.78254200
16.50433300
16.64241700
16.74004100
16.72141700
16.68783300
16.63712500
16.81504200
16.54775000
16.67212500
16.65520800
16.74820900
16.78566600
16.63908400
16.67229100
16.57604200
16.78833300
16.59920900
16.80208300
16.64687500
16.77129200
16.52491600
16.93500000
16.45625000
16.88012500
16.65837500
16.79537500
16.62337500
16.55754200
16.53300000
17.03525000
16.40212500
16.82945800
16.47129200
16.73241700
16.73254100
16.88095900
16.25679100
17.12595900
16.43683300
16.89300000
16.44254200
16.67283300
16.89333300
16.44445900
17.55291600
16.16620900
16.90283300
16.43304200
16.58670800
16.76104200
16.72995800
16.65383300
16.75412500
16.53762500
16.64525000
17.19929200
16.37600000
16.50512500
16.79516700
16.62908300
16.58554200
16.76250000
16.77583300
16.49983300
16.75270900
16.51900000
16.81887500
16.80216600
16.61837500
16.48316700
16.87437500
16.47075000
16.68795800
16.73841700
16.85995800
16.50129200
16.86183300
16.64729200
16.51012500
16.64037500
16.58854200
16.84954100
16.62583400
16.69716600
16.89337500
16.93641700
16.13691700
16.85412500
16.94212500
16.31625000
16.76187500
16.81291600
16.47075000
16.63391700
16.76687500
16.59300000
16.78591700
16.72470800
16.66716700
16.65383300
16.58100000
16.64204200
16.84070800
16.63466700
16.86954100
16.67133400
16.97233300
16.57750000
16.87037500
16.49629200
16.51266600
16.89016700
16.28987500
16.63541700
16.98566600
16.78350000
16.72616700
16.34970800
16.82054200
16.50587500
16.90145800
16.48845900
16.80320800
16.50195800
16.79737500
16.86579200
16.51354200
16.95954100
16.37137500
16.65654200
16.91304200
16.46158300
16.91704200
16.30412500
16.89812500
16.52845800
16.78158300
16.82791700
16.76158300
16.31100000
16.75908400
16.96804100
16.36029200
16.83070800
16.86937500
16.43391700
16.89666700
16.68533300
16.41483300
17.02095900
16.48487500
16.69441600
16.28595900
16.98687500
16.94504100
16.53220900
16.58787500
16.75358300
16.56470800
16.89500000
16.51725000
16.66462500
16.96529200
16.33750000
16.98395800
17.00758400
16.35841600
16.60579200
16.51570800
16.69175000
16.74729200
16.40137500
16.54366700
16.79383300
16.68700000
17.18079200
16.34804100
16.46600000
16.69025000
16.60887500
16.70275000
16.73579200
16.66016700
16.63612500
16.84520800
16.52487500
16.61154200
16.78337500
16.71583300
16.54650000
16.80254200
16.68208300
16.39429200
16.97100000
16.69329100
16.58183400
16.79912500
16.66045800
16.49237500
17.03416700
16.59337500
16.78708300
16.71975000
16.62354200
22.23612500
13.48375000
14.92416600
16.18775000
16.56258400
16.66275000
16.51612500
16.79487500
16.83420800
16.45250000
17.01500000
16.71745800
16.48420900
16.80712500
16.69829100
16.48379200
16.76637500
16.93879200
16.49462500
16.76779100
16.83100000
16.46454200
16.67870800
16.64770900
16.90304100
16.53316700
16.87475000
16.55445800
16.43033400
16.94666600
16.73445900
16.81866600
16.56012500
16.60595900
16.57695800
16.75000000
16.89679200
16.71395800
16.54458300
16.73520900
18.32208300
16.15470800
17.04358400
18.93854100
25.98750000
18.36450000
15.59662500
18.80695900
18.65970800
16.53125000
15.45470800
16.30887500
16.17433400
16.04537500
16.31216600
15.52691700
16.16204200
16.31737500
17.04787500
17.21354100
19.12362500
18.84583400
17.96462500
17.42262500
16.49191600
16.33487500
17.09075000
16.09125000
16.13745900
16.45558300
16.16391700
16.38525000
18.36575000
18.87266600
20.44395900
17.04900000
16.54037500
16.29016600
16.19383400
15.87591600
18.42387500
17.30412500
17.24291700
16.36087500
16.46104200
16.47345800
18.44520800
28.15058400
