16.89933400
16.49791600
16.65775000
16.64045900
16.65441600
16.65320900
16.93287500
16.87158300
16.31187500
16.83045800
16.68483400
16.85004100
16.53079200
16.73962500
16.52741700
16.69487500
16.71587500
16.53620800
16.84325000
16.89150000
16.37300000
16.71895800
16.66166700
16.65279200
16.77662500
16.86920800
16.41383300
17.05933400
16.50058300
16.27545800
16.97504200
16.68079200
16.56645800
16.75687500
16.53500000
16.61295800
16.80029200
16.73554200
16.66300000
16.68641600
16.70208400
16.71466600
16.45495900
16.75929100
16.72854200
16.68337500
16.71779200
16.65925000
16.70525000
16.74958300
16.64787500
16.65729200
16.64079100
16.73812500
16.66804200
16.77533300
16.85437500
16.52933400
16.55608300
16.72704200
16.73216600
16.81783400
16.59966600
16.74400000
16.53275000
16.64129200
16.74208300
16.88904200
16.59587500
16.64041700
16.55758300
16.71737500
16.67375000
16.71054200
16.68204100
16.71112500
16.65558400
16.72862500
16.70545800
16.86970800
16.51450000
16.70687500
16.53050000
16.78641700
16.60983300
16.64483400
16.79729100
16.60445900
16.78016600
16.74633400
16.64379100
16.63116700
16.73979200
16.66279100
16.57783400
17.03966600
16.57012500
16.80212500
16.54808400
16.65000000
16.61070800
16.71516700
16.59183300
16.66816700
16.68079100
16.64291700
16.64904200
16.72800000
16.61783300
16.75554200
16.68329100
16.60991700
16.75908300
16.74137500
16.55566700
16.80025000
17.03487500
16.25016700
16.72616600
16.89491700
16.55145800
16.60820900
16.75912500
16.53050000
16.80300000
16.67412500
16.52900000
17.08891600
16.52179200
16.60462500
16.72616700
16.39304100
16.67620900
16.96929100
16.76125000
16.86616700
16.58745800
16.83666700
16.65020800
16.92308400
16.32729100
16.43883400
16.75291600
16.72529200
16.68650000
16.36025000
16.88179200
16.70904100
16.73966700
16.67095800
16.55966700
16.66891700
16.73179100
16.67000000
16.63900000
16.56454200
16.82458300
16.79291700
16.66000000
16.59929200
16.76529100
16.45691700
16.82658300
16.62312500
16.74633400
16.66950000
16.75150000
16.65179100
16.52262500
16.67183400
16.94125000
16.64175000
16.69283300
16.62112500
16.73562500
16.47145800
16.93204200
16.69475000
16.65704200
16.66445800
16.70958300
16.64441700
16.58687500
16.77704200
16.76279100
16.57216700
16.69245800
16.84720900
16.60312500
16.74195800
16.57266700
16.60670800
16.80708300
16.53116700
16.73679200
16.75270800
16.81829200
16.48920800
16.77187500
16.77108300
16.73433400
16.62583300
16.56004200
16.59441600
16.81562500
16.64295900
16.67954100
16.72112500
16.85225000
16.30462500
16.66166700
16.82525000
16.65579200
16.80441600
16.57087500
16.65737500
16.62212500
16.61241700
16.86383300
16.79654200
16.49716700
16.76345800
16.48854200
16.77766600
16.71504200
16.68616700
16.68991600
16.70783400
16.54816600
16.76925000
16.80866700
16.77879200
16.36091600
16.68195900
16.90037500
16.64745800
16.84175000
16.66516700
16.36170800
16.71612500
16.90250000
16.60862500
16.78491700
16.62000000
16.54041600
16.60158400
16.93087500
16.89637500
16.67441600
16.54520900
16.51120800
16.80062500
16.80679200
16.73966600
16.65745900
16.66300000
16.61800000
16.56358300
16.70054200
16.89812500
16.55587500
16.66341600
16.43737500
16.94300000
16.53945900
16.79808300
16.66070800
16.47291700
16.78191700
16.84500000
16.60762500
16.79708300
16.61516700
16.61429100
16.64412500
16.68158400
16.56804100
16.83758400
16.67487500
16.75983300
16.65604200
16.60991600
16.59245900
16.75425000
16.78929100
16.68516700
16.69029200
16.65970800
16.70441700
16.66675000
16.60775000
16.66529100
16.89137500
16.65312500
16.69825000
16.82766700
16.75116700
16.56741600
16.58595900
16.81629100
16.59341700
16.94533300
16.64412500
16.47662500
16.68087500
16.53091700
16.87758300
16.74541700
16.73270800
16.60175000
16.63254200
16.78720800
16.49925000
16.73525000
16.67208400
16.76120800
16.65079200
16.70083300
16.75129200
16.62141600
16.77145900
16.52154100
16.94816700
16.72212500
16.47700000
17.06595800
16.42304200
16.48550000
16.87891700
16.77716600
16.46645900
16.66891600
16.87304200
16.66945800
16.70937500
16.61541700
16.50220800
16.73600000
16.63975000
16.63695900
16.69895800
16.76595800
16.72275000
16.50820900
16.70858300
16.71875000
16.81100000
16.99375000
16.52087500
16.39845800
16.69225000
16.65750000
16.40945900
16.77387500
16.77900000
16.76058300
16.97479200
16.48516600
16.52391700
16.74925000
16.56920800
16.48825000
17.05962500
16.57170900
16.64804100
16.71545900
16.55687500
16.99108300
16.64087500
16.55437500
16.62275000
16.62479200
16.73262500
16.73545800
16.63395800
16.76629200
16.66020800
16.71766700
16.62937500
16.59329200
16.92495800
16.67158300
16.57145900
16.72162500
16.66150000
16.60700000
16.76429100
16.68150000
16.72025000
16.84654200
16.60450000
16.48204200
16.69533300
16.79050000
16.60812500
16.63758300
17.09712500
16.26525000
16.91587500
16.63145900
16.46979100
16.82570900
16.83745800
16.57887500
16.79654200
16.64766600
16.70866700
16.55495800
16.84537500
16.53583400
16.69929100
16.46512500
16.74275000
16.77116700
16.71745800
16.62529200
17.20037500
16.41841700
16.52433300
16.65166700
16.73045800
16.53558300
16.73675000
16.50504200
16.88479200
16.62420800
16.67662500
17.14362500
16.53229200
16.36408300
16.86166700
16.54129100
16.81983400
16.50129100
17.13700000
16.54500000
16.12000000
17.12666700
16.69529200
16.71233300
16.58100000
16.76691700
16.83345800
16.71358300
16.66712500
16.41137500
16.71070900
16.64658300
16.57695800
16.71208400
16.67095800
16.75204200
16.41550000
16.96550000
16.34300000
16.90066600
16.67062500
16.72895900
16.69716600
16.69545900
16.40670800
17.02854200
16.48725000
16.68358300
16.79779200
16.39691600
16.86200000
16.98716700
16.62200000
16.71104200
16.24787500
16.86287500
16.68150000
16.85875000
16.67558300
16.75991700
16.56725000
16.67204100
16.79879200
16.63291700
16.73941600
16.86587500
16.59666700
16.26920800
16.92850000
16.64691700
16.72954200
16.78937500
16.44445800
16.69370800
16.66208400
16.83908300
16.48870800
16.55100000
16.75258400
16.67775000
16.82162500
16.66358300
16.85504200
16.63191600
16.73425000
16.40145900
16.79525000
16.62345800
16.80404200
16.73820800
16.52029200
16.52679100
16.83691700
16.61204200
16.77737500
16.78550000
16.53350000
16.74625000
16.60891600
16.64891700
16.75566700
16.84925000
16.57841600
16.48983400
16.91558300
16.67166700
16.66087500
16.76779100
16.62212500
16.43454200
16.71145800
16.80433400
16.65995800
16.73012500
16.49270800
16.92466700
16.73575000
16.64450000
16.64562500
16.68712500
16.85416700
16.64058300
16.52287500
16.83233300
16.63629200
16.62112500
16.57600000
16.79341700
16.67100000
16.73341600
16.60195900
16.85175000
16.66483300
16.57187500
16.70395800
16.63916700
16.61787500
16.78454200
16.53045800
16.80462500
16.73225000
16.72466700
16.77133300
16.61041700
16.74300000
16.69983300
16.53391700
16.74333300
16.66562500
16.50716700
16.58433300
16.78450000
16.85950000
16.70020800
16.70079200
16.69583300
16.64720900
16.49116600
16.87129200
18.72800000
14.75708300
16.67362500
16.41475000
16.75529200
16.77462500
16.60879200
16.63612500
16.70250000
16.72354100
16.97100000
16.59970900
16.52754100
16.60733400
16.74316600
16.63387500
16.52858400
16.85120800
16.62295800
16.81691700
16.58737500
16.76004200
16.50875000
16.74025000
16.69295800
16.69783300
16.63287500
16.74675000
16.69008400
16.63229100
16.51025000
16.88458400
16.89079100
16.58145900
16.65975000
16.60600000
16.48737500
16.82833300
16.73125000
16.66741700
16.76470800
16.71141700
16.60829100
16.76341700
16.96570800
16.51670900
16.68600000
16.64791600
16.60445900
16.56308300
16.78645800
16.65004200
16.67437500
16.81612500
16.77312500
16.57354200
16.77933300
16.51212500
16.62120800
16.71533400
16.63295800
16.72345800
16.70916700
16.70637500
16.52500000
16.73083300
16.70583400
16.85570800
16.55641700
16.65391600
16.77725000
16.65112500
16.58870900
16.74116600
16.75983400
16.62379100
16.65945900
16.69716600
16.59591700
16.79691700
16.61870800
16.80425000
16.56929200
16.68362500
16.50904100
16.94887500
16.74941700
16.60787500
16.64545800
16.76425000
16.48891700
16.83750000
16.81000000
16.63458300
16.69500000
16.67762500
16.59675000
16.76441700
16.67162500
16.63129200
16.67191600
16.81133400
16.59120800
16.94579200
16.67095800
16.44879200
16.63466600
16.71637500
16.63916700
16.64037500
16.66779200
16.66941600
16.53187500
16.93204200
16.74020800
16.58454200
16.59254200
16.72250000
16.58683300
16.85541700
16.88587500
16.73208300
16.63741700
16.43495800
16.72629200
16.65704100
16.75754200
16.64083300
16.60075000
16.73283400
16.74583300
16.64391700
16.70616600
16.77133400
16.64862500
16.64625000
16.78825000
16.54408300
16.72079200
16.65091600
16.65308400
16.76075000
16.60579100
16.67033400
16.74737500
16.42570800
16.82462500
16.82383300
16.62591700
16.40233300
16.97341700
16.84720800
16.24095900
16.96587500
16.66016600
16.73833400
16.63808300
16.41212500
16.90450000
16.45254200
16.84666600
16.78104200
16.64029200
17.14895800
16.36991700
16.56383300
16.67154200
16.49575000
16.67891600
16.85041700
16.64095800
16.73550000
16.48479200
16.78162500
16.56658300
16.96087500
16.61966700
16.64975000
16.71729200
16.65579100
16.68008400
16.49983300
16.84266700
16.70795800
16.61429200
16.79341600
16.68479200
16.46504200
16.76804100
16.88875000
16.60425000
16.74304200
16.72400000
16.39870800
16.91500000
16.42304200
16.94829200
16.68450000
16.99808300
16.30133300
16.81487500
16.71887500
16.47604200
16.67120800
16.78829200
16.55912500
16.73837500
16.66495800
16.64437500
16.65475000
16.71620900
16.61037500
16.97637500
16.51479100
16.64483400
16.63633300
16.66795800
16.63625000
16.78495900
16.70454100
16.61500000
17.01375000
16.40229200
17.20029200
16.37258300
16.32229200
16.90637500
16.60912500
16.66879100
16.79158400
16.69283300
16.55908300
16.87062500
16.86545900
16.51154100
16.88745900
16.15470800
16.85583300
16.69941700
16.72620800
16.60679200
16.90195800
16.45800000
16.70570900
16.74166600
16.71875000
16.58895900
16.51087500
16.79804100
16.80645900
16.54058300
16.58208300
16.90416700
16.64075000
16.68054200
16.73308300
16.47391700
16.88758300
16.60954200
16.63145800
16.75620800
16.78570900
16.59816600
16.67358400
16.78420800
16.70454200
16.51804100
16.67908400
16.79845800
16.58987500
16.65950000
17.18120800
16.32220900
16.61091600
16.83691700
16.45729200
16.87658300
16.63333300
16.73754200
16.66504200
16.54337500
16.71954100
16.63887500
16.93100000
16.51000000
16.46662500
16.89833400
16.66275000
16.65741600
16.67166700
16.68662500
16.72929200
16.80083300
16.53929200
16.79958300
16.72504200
16.46454100
16.77112500
16.71125000
16.57495900
16.68895800
16.72687500
16.70545800
16.74429200
16.62212500
16.84704200
16.63262500
16.67000000
16.60870800
16.68412500
16.64504200
16.66587500
16.74275000
16.72154100
16.64841700
16.65050000
16.72516700
16.66687500
16.66941600
16.69325000
16.86920900
16.52687500
16.48391600
16.84466700
16.65995800
16.62350000
16.75895900
16.73820800
16.45400000
16.75904200
16.75579100
17.36187500
16.07112500
16.67887500
16.61162500
16.78566700
16.67383300
16.56212500
16.80404200
16.60004200
16.65416600
16.76745900
16.70137500
16.83137500
16.39120800
16.84258300
16.65800000
16.65358400
17.01991600
16.69408400
16.26758300
16.86566700
16.58000000
16.62654100
17.05883400
16.54550000
16.60158300
16.65583300
16.65241700
16.83875000
16.76595800
16.48820900
16.71729100
16.65491700
16.60629200
16.71408300
16.53512500
16.84637500
16.60620800
16.82358400
16.64133300
16.94087500
16.57891700
16.50179100
16.72033400
16.39425000
16.88945800
16.68283300
16.71629200
16.70008300
17.07366700
16.08787500
16.84254200
16.66291600
16.70379200
16.99158300
16.40425000
16.54091700
16.68216700
16.79750000
16.74325000
17.24320800
16.44033300
16.21633400
16.81904100
16.65633400
16.73425000
16.95883300
16.52025000
16.50112500
16.79220800
16.62295900
16.43579100
17.20491700
16.39179200
16.68304100
16.67558400
16.93300000
16.38558300
16.83620800
16.55166700
16.62308300
16.79754200
16.94125000
16.69804200
16.64229100
16.45945900
16.63595800
16.78695800
17.00741700
16.63162500
16.61408300
16.69175000
16.48975000
16.66787500
16.68358400
16.65195800
16.64391700
16.73458300
16.68654200
16.48704100
16.74570900
16.76045800
16.68975000
16.61375000
16.49833300
16.90500000
16.66287500
16.46904200
16.90179200
17.01362500
16.27662500
16.77870800
16.62837500
16.66604200
16.69241600
16.72854200
16.74741700
16.62345800
16.49879200
16.75100000
16.91387500
16.61270800
16.46600000
16.99220800
16.54429200
16.69745800
16.62954200
16.64200000
16.65958300
16.76983400
16.48233300
16.71216700
17.14975000
16.51100000
16.53750000
16.73987500
16.51320800
16.85904200
16.76212500
16.61533300
16.74629200
16.75387500
16.33495800
17.03950000
16.30583300
16.94920900
16.78512500
16.39500000
16.96333300
16.44166700
16.71770800
16.55645800
16.69191700
16.82720800
16.78350000
16.55637500
16.70945900
16.71729100
16.53804200
16.85341700
16.80200000
16.46345800
16.79979200
16.62254100
16.60041700
16.70645800
16.57929200
16.87987500
16.57287500
17.18929200
16.31083300
16.75520800
16.71350000
16.59770900
16.54587500
16.71708300
16.74316700
16.56520800
16.83704200
16.74054100
16.78070900
16.66083300
16.46283300
16.59312500
16.77408400
16.71166600
16.74612500
16.74720900
16.61162500
16.63037500
16.80225000
16.65833300
16.85854200
16.59612500
16.61333300
16.66041700
16.67583300
16.66775000
16.61150000
16.72550000
16.67741700
16.79233300
16.61291700
16.61358300
16.63625000
16.75983300
16.78716700
16.76100000
16.65716700
16.58445800
16.66062500
16.87045800
16.54004200
16.37516700
17.10216600
16.31116700
16.88566700
16.73270800
16.74045800
16.33695900
17.03241600
16.49787500
16.58758400
16.72708300
16.81550000
16.58345800
16.80779200
16.40375000
17.02358300
16.83045900
16.42758300
16.74129200
16.80412500
16.60191600
16.81220900
16.71425000
16.71500000
16.52408300
16.83191700
16.78733300
16.75879200
16.29675000
16.81029100
16.61808400
17.52208300
16.06466700
16.57166600
16.82225000
16.73554200
16.86425000
17.53445800
15.87633400
16.97125000
16.38183300
18.46725000
23.40795800
8.37225000
16.24666700
16.76179200
16.43687500
16.96004100
16.40895900
16.57683300
17.28337500
16.74412500
16.55608300
16.69533400
16.44270800
16.59095800
16.86208400
16.38437500
16.65062500
16.85670800
16.34908300
16.83558400
16.63862500
16.76712500
16.66704100
16.68333400
16.65762500
16.47008300
16.94320800
16.61412500
16.63475000
16.79016700
16.65912500
16.56454200
16.69891600
16.73120900
16.78270800
16.68408300
16.49733400
16.80450000
16.53575000
16.55766600
16.98012500
16.62483400
16.58350000
16.80479100
16.52650000
16.99037500
16.47654200
16.61679200
16.73683300
16.61212500
16.62391700
16.83537500
16.59762500
16.65187500
16.76429100
16.61833400
16.65091600
16.95295900
16.58425000
16.48008300
16.71400000
16.71012500
16.65083300
16.94966700
17.28237500
16.43825000
16.51725000
16.63075000
16.70529200
16.38345800
16.63720800
16.76616700
16.83262500
16.71100000
16.62045800
16.63133400
16.76712500
16.61208300
16.53620800
16.66891700
16.69383300
16.63845900
16.79825000
16.76966600
16.49200000
16.72933400
16.70650000
16.50841600
16.91066700
16.75920800
16.37779200
16.85625000
16.66920800
16.81216700
16.64158300
16.59470900
16.65579100
16.65225000
16.77858400
16.59516600
16.70875000
16.65241700
16.66141700
16.80983300
16.61745800
16.71383400
16.62358300
16.70387500
16.84695800
16.50333400
16.67595800
16.75379200
16.66679100
16.62037500
16.75879200
16.63712500
16.86762500
16.75012500
16.62408300
16.49329200
16.67875000
16.71266700
16.78712500
16.55287500
16.73116600
16.62837500
16.78820900
16.59279100
16.66691700
16.63729200
16.84800000
16.69312500
16.58275000
16.64979100
16.66425000
16.74666700
16.68237500
16.61904200
16.66791600
16.71016700
16.73466700
16.68725000
16.73620800
16.78870800
16.45091700
16.74016700
16.73912500
16.61416600
16.74045900
16.65479100
16.66150000
16.67533400
16.65591600
16.66629200
17.20237500
16.33187500
16.62183300
16.66287500
16.59754200
16.74129200
16.74162500
16.61108300
16.65791700
16.66120800
16.69416700
16.84745800
16.76166700
16.49875000
16.67925000
16.70683300
16.72641700
16.55933300
16.71679200
16.69808300
16.70179200
16.61158300
16.60708300
17.17016700
16.31795800
16.42929200
16.88266700
16.74145800
16.61675000
16.64487500
16.65729200
16.66187500
16.88683300
16.60508300
16.74308400
16.59729100
16.65545900
16.50595800
16.73104200
16.85600000
16.69050000
16.62950000
17.41833300
15.81791700
16.88775000
16.64270800
16.71625000
16.85495800
16.56266700
16.60645800
16.72270900
16.72341600
16.61641700
16.49429200
16.96929100
16.81854200
16.68520800
16.51045900
16.37820800
16.86304200
17.01904100
16.50591700
16.66950000
16.56941700
16.82504100
16.68275000
16.70795900
16.32116600
17.01691700
16.58112500
16.76683300
17.12345900
16.43337500
16.38291600
16.71604200
16.70933300
16.64495900
16.65833300
16.64787500
16.68270800
16.82245900
16.58495800
16.47337500
16.88516700
16.76879100
16.65850000
16.75958400
16.57062500
16.72845800
16.67595800
16.67787500
16.68887500
16.94029200
16.50966700
16.64154100
16.68966700
16.37100000
17.06162500
16.63012500
16.72079200
16.63104100
16.57433400
16.76825000
16.69158300
16.68087500
16.86904200
16.76754100
16.52120900
16.60475000
16.70783300
16.70633300
16.61525000
16.70070900
16.63787500
16.70341600
16.67254200
16.72120800
16.51766700
16.68237500
16.83629200
16.63329100
16.76083400
16.74683300
16.50245800
16.83133400
16.60987500
16.58200000
16.92858300
16.62420800
16.63225000
16.49741700
17.24054200
16.53983300
16.54675000
16.41983300
16.87154200
16.48941700
16.90291600
16.45016700
16.85895800
16.51362500
16.74129200
16.65504200
16.92954100
16.60025000
16.80225000
16.45025000
16.88454200
16.43812500
16.72825000
16.71966700
16.61329100
16.72679200
16.69958300
16.81320900
16.55112500
16.60033300
16.78416700
16.72679100
16.62912500
16.57525000
16.55045900
16.87562500
16.68629100
16.65141700
16.63308300
16.82970900
16.66037500
16.77216600
16.54879200
16.69700000
16.71141700
16.59991600
16.67404200
16.63862500
16.74533300
16.84370900
16.54445800
16.73662500
16.62525000
16.83629200
16.48825000
16.77412500
16.60216600
16.66195900
16.68170800
16.76687500
16.61162500
16.73308300
16.70387500
16.57287500
17.07575000
16.47675000
16.59137500
16.71000000
16.68916700
16.64533300
16.67950000
16.66191700
16.65033300
16.79962500
16.67879200
16.64170800
16.80750000
16.63079200
16.66679200
16.68645800
16.68012500
16.62945800
16.72291700
16.68466700
16.68329100
16.74691700
16.58458300
16.73883400
16.64920800
16.68245800
16.69541700
16.64170800
16.64908400
16.72791600
16.61550000
16.79525000
16.64754200
16.64412500
16.65583300
16.67700000
16.71754200
16.65850000
16.71741700
16.66562500
16.73583300
16.61616700
16.73779100
16.66762500
16.70500000
16.69854200
16.59045800
16.72858400
16.71004100
16.78133400
16.59425000
16.66512500
16.71095800
16.71325000
16.60320800
16.72591700
16.65816700
16.68862500
16.67312500
16.73929100
16.68291700
16.63420800
16.78225000
16.67654200
16.45441700
16.87604100
16.68783400
16.78758300
16.77533300
16.55379200
16.47400000
16.99816700
16.69420800
16.42220800
16.71687500
16.65729200
16.64475000
16.74129200
16.51370800
16.76754200
16.75991600
16.76170900
16.64820800
16.64183300
16.52245900
16.75429100
16.75933400
16.70904100
16.62495900
16.72495800
16.60875000
16.68658300
16.72762500
16.60808400
16.71933300
16.68637500
16.65779200
16.69587500
16.68975000
16.65054100
16.67820900
16.95133300
16.65791700
16.58091600
16.65900000
16.66850000
16.64787500
16.76162500
16.61541700
16.52050000
16.86679200
16.76475000
16.88016600
16.46691700
16.71354200
16.48708300
16.62308300
16.88487500
16.68837500
16.78783400
17.00587500
16.72908300
16.06858300
16.92116700
16.71391700
16.64516600
16.99787500
16.67720900
16.42320800
16.72820800
16.63416700
16.58741700
16.94283300
16.44395800
16.64425000
16.67220900
16.68275000
16.48333300
16.96875000
16.55575000
16.77420800
16.78862500
16.66995900
16.84350000
16.60850000
16.47875000
16.70725000
16.69429100
16.41029200
16.84616700
16.79375000
16.67100000
16.44862500
16.87525000
16.75025000
16.65683300
16.86612500
16.42312500
16.83100000
16.71570800
16.56712500
16.43662500
16.97929200
16.53754200
16.71637500
16.81445800
16.56275000
16.63079200
16.55729100
16.94975000
16.67516700
16.62516700
16.65862500
16.65620800
16.88358300
16.73120900
16.51808300
16.67704200
16.71162500
16.40454100
17.05862500
16.58050000
16.60179200
16.67762500
16.64029200
16.54270800
16.82720800
16.71950000
16.73120900
16.71808300
16.66595800
17.03775000
16.25483400
16.57383300
16.77950000
16.76212500
16.64770800
16.46800000
16.91487500
16.46912500
16.83883400
16.78854100
16.63591700
16.62158300
16.71458400
16.77412500
16.58783300
16.72679200
16.48833300
16.79845800
16.64841700
16.79162500
16.45504200
16.82254100
16.73616700
16.65029200
16.63150000
16.77208300
16.62312500
16.62204200
16.82400000
16.49279100
16.85162500
16.71604200
16.60333300
16.74450000
16.47608400
16.79316600
16.61108400
16.91075000
16.61266600
16.68541700
16.52516700
16.94808300
16.93925000
16.76950000
16.69375000
16.56866700
16.75991600
16.59979200
16.71350000
16.44950000
16.73604200
16.65370800
16.70120800
16.57000000
16.63295900
16.84400000
16.58950000
16.80520800
16.64316700
16.97575000
16.68500000
16.73875000
16.31320800
16.70966700
16.67870800
16.54083300
16.67387500
16.67645900
16.78404100
16.75162500
16.65041700
16.37512500
16.99583300
16.65408400
16.67537500
16.67616600
16.68366700
16.58487500
16.84683300
16.63904200
16.66154200
16.66079100
16.69229200
16.54075000
16.82291700
16.74462500
16.60712500
16.69550000
16.70891600
16.66316700
16.70462500
16.67441700
16.71262500
16.91091600
16.60125000
16.59962500
16.79787500
16.42129200
16.86033300
16.35637500
16.81904200
16.59429200
16.78879100
16.69600000
16.70691700
16.61566700
16.48775000
19.02129100
15.02612500
17.19070900
16.01158300
16.91025000
16.54425000
16.85725000
16.29045800
16.98825000
16.74237500
16.72225000
16.31608400
16.86704100
16.25466700
16.77762500
16.53641700
17.00862500
16.55620800
16.77845800
16.53595900
17.10170800
16.52312500
16.51866700
16.65679100
16.62125000
16.73729200
16.62254200
16.67320800
16.70775000
16.59362500
16.82329200
16.63854100
16.61354200
16.93475000
16.60691700
16.76837500
16.23266600
16.89320900
16.71437500
16.46287500
16.94995800
16.57375000
16.76383300
16.62554200
16.72012500
16.44479200
16.87462500
16.85587500
16.61095800
16.53800000
16.86283300
16.61145900
16.60129100
16.70633400
16.76225000
16.54154100
16.96779200
16.27608300
16.94975000
16.62304200
17.31350000
16.12245800
16.69325000
16.62341700
16.65300000
16.64850000
16.77000000
16.47829200
16.85583300
16.69929200
16.64645800
16.74954200
16.80316600
16.58675000
16.40391700
16.80233300
16.78812500
16.67058400
16.59687500
16.80008300
16.46775000
16.88641700
16.55166600
16.76245900
16.64845800
16.50891700
17.14033300
16.81162500
16.58658300
16.45125000
16.63670900
16.75545800
16.68891700
16.73541600
16.63645900
16.70454100
16.70158400
16.70462500
16.56283300
16.62054200
16.83037500
16.75562500
16.53741600
16.55762500
16.85141700
16.62795800
16.69329200
16.69362500
16.65650000
16.63654200
16.80608300
16.42350000
16.80683300
16.64562500
16.64212500
16.81504200
16.65191700
16.72179100
16.68850000
16.72029200
17.22625000
16.18483300
16.60120900
16.60908300
16.75595800
16.78712500
16.59870900
16.77687500
16.59858300
16.45966700
16.85250000
16.89608300
16.70541700
16.80366600
16.69620900
16.38175000
16.65475000
16.66162500
16.71954100
16.65508400
16.75916600
16.65441700
16.41750000
16.87145800
16.65050000
16.66270900
16.69033300
16.73391700
16.65216600
16.71383400
16.54008300
16.73970800
16.70262500
16.53337500
16.99945900
16.68291600
16.85629200
16.36120800
16.72120900
16.65433300
16.55500000
16.89262500
16.69900000
16.57400000
16.55050000
16.76008300
16.78745900
16.62375000
16.57245800
17.10766700
20.88204100
12.55762500
16.70275000
16.58700000
16.55687500
16.66854200
16.64683300
16.62975000
16.72454200
16.62737500
17.13000000
16.36200000
16.62550000
16.77858300
16.65070900
16.65395800
16.61687500
16.49291700
16.84650000
16.80829100
16.58737500
16.63875000
16.64745900
16.87200000
16.65225000
16.62033300
16.55041700
16.93416600
16.35637500
16.86029200
16.72745800
16.64733400
16.68933300
16.61387500
16.57291700
16.81045800
16.71379200
16.66045800
16.60287500
16.60658300
16.81958400
16.67720800
16.69245800
16.56316700
16.74745800
16.77675000
16.74520900
16.42154100
16.92050000
17.17883400
16.30541600
16.94154200
16.29929200
18.58950000
15.31737500
16.45037500
17.02800000
16.21070800
17.26912500
16.27066700
16.52387500
16.36245800
16.75908300
16.67041700
16.63883300
16.60350000
16.87083400
17.02100000
16.62020800
16.73287500
16.94687500
16.46787500
16.39045800
16.66120900
16.64916600
16.71954200
16.65300000
16.95337500
16.39208300
16.84645900
16.51720800
16.76312500
16.97158300
16.33595900
16.73637500
16.61204100
16.75791700
16.62679200
16.69566600
16.69691700
16.58145800
16.75058400
16.77687500
16.73358300
16.55929200
16.47708300
16.93416700
16.64475000
16.86050000
16.58316600
16.57012500
16.90737500
16.50129200
16.72266700
16.72362500
16.60487500
16.70604100
16.76158400
16.60895800
16.63020800
16.85941700
16.58000000
16.66204200
16.64154100
16.77854200
16.51891700
16.81133300
16.72991700
16.56450000
16.88262500
16.65208300
16.59504200
16.70275000
16.52120800
16.71462500
16.78870800
16.69745900
16.54720800
16.72645800
16.64883400
16.55579100
16.90670900
16.87500000
16.78858300
16.36279200
16.78225000
16.45783300
16.74479200
16.79679100
16.60737500
16.63500000
16.68708400
16.84858300
16.59279200
16.57175000
16.74304100
16.62587500
16.75079200
16.60854200
16.85350000
16.52783300
17.14158300
16.56033400
16.77591600
16.36091700
16.77712500
16.53783300
16.86183400
16.53391600
16.71300000
16.65995900
16.61420800
16.70387500
17.02108300
16.71612500
16.61762500
16.50904200
16.82662500
16.67950000
17.13704200
17.19258300
17.39125000
14.75145800
16.89550000
16.65925000
17.48866700
16.31050000
16.42387500
16.50112500
16.56750000
16.95845800
57.00816700
34.67866700
10.42225000
25.90691600
14.74337500
24.10812500
9.19783400
10.60100000
8.70450000
10.12741600
10.35600000
9.29416700
10.27641700
9.00187500
9.32050000
13.16970800
16.67341700
16.51704100
16.64391700
16.68591700
16.39570800
16.88316700
16.63333300
16.77041700
16.77258300
16.51012500
16.68087500
16.92312500
16.63291700
16.57700000
16.55679100
16.78104200
16.82270800
16.69100000
16.57229200
16.66208300
16.40562500
16.94170900
16.64037500
16.72908300
16.66929200
17.01616600
16.49375000
16.59716700
16.74529200
16.64266600
16.36150000
16.75008400
16.96333300
16.85804200
16.84300000
16.66729100
16.33054200
16.72162500
16.75800000
16.70158300
16.70283400
16.54941600
16.62933400
16.71183300
16.66470800
16.66391700
16.71325000
16.49866700
16.87054100
16.68508400
16.67487500
16.62766600
16.61241700
16.84512500
16.62945800
16.67237500
16.70658400
16.63545800
16.62154200
16.72100000
16.61491600
16.62795900
16.87029100
16.61900000
16.79729200
16.63025000
16.59916700
16.73875000
16.43283300
16.67929200
16.82404100
16.72154200
16.71204200
16.81175000
16.66704100
16.64250000
16.70037500
16.61879200
16.72275000
16.44816700
16.86391600
16.75279200
16.39758300
16.80775000
16.99958400
17.01412500
16.19845800
16.75912500
16.84941700
16.58441600
16.65666700
16.55433300
16.58120900
16.73745800
16.65616700
16.67370800
16.73745800
16.64483400
16.58833300
16.73066700
16.63245800
16.80083300
16.64683400
16.70470800
16.47683300
17.02104200
16.81045800
16.43991700
16.73641700
16.78800000
16.32754100
16.78679200
16.79400000
16.81808300
17.23350000
16.87441700
16.11433300
16.63195900
16.58670800
16.79741700
16.78970800
16.59629200
16.82770800
16.54708300
16.49937500
16.58404200
16.79491700
16.54554100
16.96333400
16.65816600
16.53312500
16.63937500
16.53675000
16.88275000
16.72758400
16.68791600
16.77983400
16.39145800
17.02950000
16.43454200
16.65700000
16.97675000
16.67087500
16.36029100
16.50612500
16.97337500
16.61187500
16.68558400
16.75037500
16.55179100
16.71412500
16.58162500
17.01025000
16.57050000
16.68925000
16.31879200
16.79858300
16.84733400
16.94608300
16.58183300
16.63750000
16.43329200
16.94470800
16.41283400
17.01500000
16.65433300
16.56991700
16.88779100
16.40395900
16.72595800
16.72858300
16.61625000
16.83070900
16.92937500
16.71487500
16.57512500
16.26383300
17.10733300
16.60058400
16.58316600
16.31750000
17.01379200
16.54908300
16.79329200
16.80983300
16.58312500
16.62416700
16.69879200
16.71600000
16.64625000
16.64012500
16.70612500
16.64716600
16.70500000
16.61779200
16.67245800
16.98600000
16.49670900
16.65462500
16.67995800
16.70520800
16.83304200
16.58116700
16.63116600
16.67070900
16.72079100
16.62812500
16.68312500
16.63937500
16.79512500
16.75125000
16.87916700
16.30037500
16.89429200
16.65041600
16.71841700
16.70054200
16.54141600
16.70029200
16.60841700
16.78570800
16.73750000
16.64845800
16.60041700
16.69725000
16.76095800
16.64170900
16.68720800
16.73508300
16.57000000
16.68700000
16.70429200
16.70625000
16.91254200
16.88795800
16.46495800
16.38483400
17.12870800
16.16179200
16.99058300
16.72595800
16.79070900
16.45758300
16.89812500
16.39570800
16.71950000
16.64729200
16.52104200
16.89004100
16.47579200
16.78533300
16.67087500
16.70762500
16.64425000
16.60458400
16.77804100
16.58250000
16.77254200
16.62058300
16.72087500
16.72145900
16.54237500
16.60929100
16.82737500
16.83412500
16.49612500
17.05545900
16.35420800
16.70625000
16.58633300
16.75558400
17.27520800
16.21791700
16.82387500
16.44804100
16.65441700
16.47579200
16.86116600
16.69683400
16.78100000
16.58783300
16.78516700
16.69720800
16.51916700
16.69187500
16.69300000
16.64116600
16.73279200
16.72687500
16.62679200
16.67887500
16.62912500
16.72154100
16.93204200
16.48475000
16.68975000
16.66475000
16.68500000
16.62875000
16.71691700
16.72912500
16.79933300
16.64629200
16.58200000
16.71325000
16.58258300
16.84900000
16.59637500
16.65079200
16.69887500
16.64208300
16.69116700
16.72237500
16.67770800
16.66745800
16.73104200
16.64770800
16.67512500
16.68333400
16.66533300
16.73441700
17.13845800
16.50520800
16.55741700
16.63420800
16.60291700
16.72075000
16.63033300
16.64312500
16.64529200
16.71250000
17.02058300
16.32304200
16.80837500
16.57962500
16.74475000
16.63741700
16.72833300
16.64204200
16.72870800
16.60766700
16.84650000
16.72808300
16.58550000
16.56816700
16.68950000
16.73720800
16.64016700
16.81004100
16.58875000
16.70208400
16.67266600
16.62608400
17.01958300
16.52187500
16.80775000
16.58883300
16.81879200
16.58662500
16.58225000
16.57933300
16.81683400
16.68491600
16.63712500
16.60404200
16.73858300
16.68466700
16.67341700
16.63787500
16.52270800
16.71745800
16.80041700
16.65137500
16.72883300
16.82829200
16.56879200
16.75762500
16.57225000
16.83770800
16.65525000
16.57341700
16.69845800
16.75025000
16.42779200
16.76662500
16.76950000
16.75845800
16.63312500
16.66625000
16.61283300
16.76625000
16.68283400
16.82883300
16.67345800
16.67720900
16.42633300
16.76654200
16.81941600
16.49400000
16.72991700
16.82170800
16.56166700
16.76404200
16.61375000
16.60500000
16.70762500
16.57325000
16.84904100
16.61879200
16.77050000
16.72433300
16.65891700
16.69729200
16.77254100
16.61837500
16.70841700
16.74733300
16.63854200
16.62750000
16.73416700
16.75304100
16.44670900
16.89375000
16.66391600
16.77000000
16.50445900
16.75375000
16.59929100
16.67887500
16.63470900
16.73208300
16.68375000
16.64929200
16.69083300
16.74266700
16.57362500
16.71525000
16.73550000
16.62925000
16.73804100
16.70525000
16.70025000
16.63104200
16.62129200
16.72808300
16.63295800
16.77279200
16.68525000
16.49029200
16.89500000
16.68529100
16.91975000
16.66316700
16.59741700
16.63062500
16.63866600
16.97912500
16.53100000
16.36020900
16.82808300
16.91191700
16.66104100
16.45795900
16.74091600
16.86216700
16.45737500
16.47962500
17.06379200
16.69329100
16.68362500
16.65070900
16.83679100
16.29862500
17.08400000
16.45433400
16.74304100
16.62066700
16.63783300
16.73787500
16.66579200
16.36608300
17.06400000
16.68862500
16.49808400
16.92008300
16.69541700
16.23287500
17.01095800
16.73537500
16.62783300
16.54708400
16.76900000
16.78262500
16.58016600
16.62341700
16.77245800
16.60491700
16.71895800
16.75525000
16.58666700
16.65320800
16.56925000
16.90241700
16.63625000
16.72554200
17.12062500
16.60408300
16.43458300
16.51887500
16.73583400
16.58320800
17.12395800
16.49741700
16.50366700
16.60020800
16.65770800
16.72229200
16.64679200
16.68416600
16.71220900
16.73404100
16.66366700
16.89391700
16.53891600
16.62316700
16.69270800
16.43962500
16.83675000
16.72629200
16.67037500
16.66375000
16.64120800
16.77379200
16.79758300
16.50075000
16.71629200
16.70833300
16.62675000
16.78445900
16.82883300
16.69925000
16.59045800
16.85175000
16.43954200
16.74466700
16.59900000
16.61445800
16.72754200
16.65487500
16.78408300
16.62766700
16.69537500
16.76375000
16.58266600
16.78395900
16.62212500
16.75887500
16.67766600
16.63700000
16.62516700
16.68933300
16.72100000
16.72629200
16.57429200
16.71637500
16.70108300
16.68095800
16.72041700
16.73608300
16.65420900
16.65208300
16.85566700
16.55604100
16.62950000
16.72070900
16.69445800
16.63212500
16.63120800
16.72287500
16.63000000
16.74241700
16.61412500
16.77275000
16.64616700
16.74675000
16.65483300
16.58654200
16.66645800
16.82979200
16.68220800
16.68054200
16.60020800
16.94200000
16.49158300
16.64575000
16.71675000
16.60520900
16.66770800
16.73579200
16.62533300
16.73987500
16.71566700
16.66958300
16.68912500
16.70350000
16.65350000
16.77754200
16.55345800
16.66033300
16.74250000
16.64704200
16.79133300
16.69795900
16.63541600
16.68841700
16.62675000
16.70475000
16.76991700
16.69704100
16.57645900
16.74529100
16.57608400
16.70670800
16.70216700
16.62395800
16.64679200
16.73137500
16.66504100
16.70533400
16.68820800
16.74204200
16.86825000
16.56879100
16.55779200
16.71008300
16.65166700
16.70791700
16.65841600
16.72979200
16.65541700
16.74000000
16.60954100
16.71950000
16.62779200
16.68133300
16.72145900
16.68283300
16.72541700
16.72658300
16.64295800
16.70629200
16.59266700
17.04133300
16.46550000
16.61175000
16.64779200
16.72858300
16.75916700
16.53537500
16.78220800
16.59620800
16.62683400
16.73545800
16.66400000
16.62508300
16.78908400
16.67625000
16.60379100
16.75454200
16.61708300
16.74241700
16.60079200
16.86358300
16.65591700
16.41462500
16.88987500
16.59854100
16.83712500
16.54945900
16.72533300
16.57266700
16.86258300
16.65066700
16.63441600
16.72116700
16.76675000
16.40737500
16.80854200
16.76300000
16.67950000
16.69812500
16.83400000
16.31804100
17.03354200
16.58158300
16.47195900
16.88733300
16.54845800
16.67758400
16.71145800
16.80812500
16.54945800
16.76658400
16.48266600
16.86208400
16.72270800
16.71616700
16.67637500
16.44979100
16.64470900
16.86416600
16.61237500
17.03766700
16.31412500
16.73095800
16.68425000
16.64745900
16.55429100
16.83737500
16.70937500
16.71262500
16.71741700
16.58891700
16.54183300
16.78158300
16.67058400
16.88575000
16.42400000
16.98791600
16.64812500
16.65954200
16.67100000
16.45975000
16.68908300
16.96333400
16.55554100
16.64529200
17.02133300
16.42937500
16.71133400
16.67733300
16.69533300
16.65612500
16.66895900
16.54854100
16.82983400
16.50091600
16.88579200
16.62895800
16.63766700
16.55112500
17.21508300
16.34454200
16.69666700
16.62604100
16.78891700
16.74754200
16.60900000
16.66583300
16.63545800
16.74908400
16.57179100
16.96245900
16.55508300
16.56016700
16.69104100
16.81779200
16.58120800
16.46175000
16.91545900
16.72779100
16.62354200
17.22095800
16.20841700
16.61720800
16.62704200
16.57608300
16.84795900
16.68350000
16.90404100
16.74237500
16.28741700
16.94641700
16.64666600
16.59500000
16.73079200
16.61862500
16.72270800
16.62012500
16.77854200
16.62041700
16.67508300
16.70254200
16.65916600
16.46920900
16.83041600
16.71291700
16.72233300
16.77116700
16.66225000
16.51150000
16.78929200
16.75287500
16.65033300
16.65737500
16.62483300
16.68975000
16.67441700
16.51220800
16.85100000
16.79962500
16.84670900
16.66579100
16.55258400
16.45129100
16.90908400
16.39804100
16.89195900
16.70695800
16.52354200
16.92454100
16.87175000
16.35583400
16.67979100
16.73912500
16.55420900
16.81141600
16.69987500
16.66895900
16.69737500
16.61900000
16.69962500
16.90370800
16.55129200
16.66329100
16.69529200
16.60358300
16.60729200
16.76825000
16.60145800
16.82995900
16.49691600
16.83537500
16.74716700
16.59541700
16.71537500
16.61879100
16.60441700
16.96795800
16.47420900
16.70916600
16.88425000
16.48841700
16.70816700
16.65500000
16.66412500
16.71029100
16.68429200
16.74983300
16.69437500
16.62866700
16.79370800
16.56537500
16.66704200
16.67916700
16.66995800
16.75487500
16.66341700
16.60329100
16.75829200
16.60820800
16.98320900
16.44495800
16.76320800
16.55716700
16.62758300
16.80266700
16.66875000
16.65970800
16.86425000
16.62104200
16.71687500
16.58704200
16.62587500
16.73775000
16.60012500
16.65900000
16.67637500
16.75895800
16.58812500
16.65158300
16.72958400
17.00791600
16.55295900
16.57795800
16.58345800
16.67233400
16.76054100
16.61062500
16.67425000
16.58545900
16.82879100
16.71641700
16.66033300
16.85362500
16.61804200
16.53641700
16.71237500
16.81708300
16.66629200
16.68016600
16.58787500
16.87562500
16.64141700
16.74675000
16.65233300
16.55595900
16.63579100
16.49166700
16.88383300
16.69437500
16.66658400
16.49550000
16.97700000
16.47325000
16.79450000
16.76695800
16.67612500
16.56212500
16.62345800
16.82675000
16.74629200
16.55112500
17.00120800
16.71700000
16.57970900
16.89683300
16.62712500
16.17041700
16.87554100
16.74941700
16.62166700
16.65570800
16.66870800
16.62379200
16.69433300
16.72233400
16.68766600
16.60983400
16.76204100
16.65404200
16.72262500
16.83566700
16.55241600
16.67695900
16.60162500
16.70683300
16.68770800
16.69925000
16.65700000
16.63666700
16.80450000
16.66845800
16.65654200
16.76904200
16.54941600
16.70608400
16.67308300
16.69770800
16.67770900
16.73462500
16.65041600
16.66266700
16.51683300
16.88025000
16.60779200
16.79279200
16.68541600
16.66070900
16.68033300
16.76020800
16.65791700
16.63262500
16.70583300
16.68150000
16.66666700
16.46100000
16.86183300
16.73991700
16.65945800
16.69179200
16.71462500
16.70579200
16.63400000
16.67587500
16.69312500
16.75962500
16.53662500
16.70033300
16.52754200
16.90070800
16.68533300
16.53483400
16.83470800
16.65354200
16.46695800
16.90575000
16.63437500
16.64995800
16.54125000
16.96987500
16.66833400
16.83241600
16.65620900
16.58720800
16.61487500
16.69058300
16.59804200
16.81083300
16.62445900
16.48137500
16.94195800
16.64995800
16.76512500
16.60829200
16.68695800
16.54866700
16.76225000
16.69604200
16.72145800
16.67204200
16.70233300
16.60775000
16.74062500
16.56570800
16.77304200
16.66141700
16.69041600
16.51583400
16.82370800
16.74920800
16.65083400
16.67120800
16.79350000
16.45808300
16.80837500
16.67316700
16.68562500
16.70454200
16.64933300
16.52350000
16.92654200
16.43491600
16.84125000
16.68904200
16.67845800
16.73904200
16.63645800
16.53225000
16.88837500
16.94820900
16.25354100
16.80291700
16.79220800
17.04312500
16.13716700
16.96008300
16.49708400
16.70995800
16.44250000
18.14408300
15.47954200
16.91241700
16.53362500
16.62887500
16.40529100
17.04104200
16.55041700
16.71312500
16.66779100
16.69120900
16.57245800
16.74412500
16.64216700
16.67391600
16.67179200
16.76429200
16.60212500
16.67033300
16.74750000
16.64208300
16.78204200
16.65129200
16.59066600
16.70187500
16.68633400
16.68041600
16.91012500
16.51950000
16.78575000
16.74062500
16.62862500
16.50395900
16.89208300
16.59087500
16.56845800
16.67854200
16.88604200
16.82620800
16.37912500
16.70308300
16.74045900
16.57154100
16.87466700
16.62920800
16.68062500
16.60587500
16.65262500
16.74566700
16.87875000
16.74995800
16.52750000
16.73675000
16.73541700
17.17729200
16.46329100
16.57087500
16.58075000
16.79737500
16.61975000
16.70162500
16.62879200
16.91908300
16.75383400
16.40583300
16.57970800
16.75608400
16.59500000
16.70445800
16.60058300
16.57700000
16.85191700
16.66262500
16.62941700
16.65887500
16.75983300
16.34750000
17.11958300
16.56545900
16.76137500
16.58720800
16.65087500
16.51866700
16.78708300
16.48500000
16.89558300
16.62700000
16.83137500
16.82075000
16.73837500
16.60637500
16.62154200
16.72329200
16.57379100
16.46670900
16.93383300
16.62004200
16.75008300
16.38066700
16.79391600
16.64645900
16.77091600
16.74429200
16.62737500
16.49920800
16.97062500
16.73333400
16.60912500
16.77395800
16.57287500
16.76608300
16.79000000
16.65112500
16.65875000
16.48737500
16.86391700
16.55670800
16.69995900
16.64166600
16.95141700
16.34275000
16.78454200
17.47970800
16.53816700
16.39741600
16.94841700
16.61612500
16.57383300
16.60495900
16.65675000
16.83712500
16.65391600
16.69141700
16.70320800
16.65008400
16.68666600
16.61483400
16.72279100
16.82200000
16.44095900
16.81812500
16.71445800
16.52020800
16.60312500
16.84650000
16.76204200
16.56195800
16.76316700
16.44016700
16.87658300
16.65904200
16.60204100
16.75270900
16.70337500
16.67916600
16.46137500
16.99666700
16.69479200
16.58341600
16.72800000
16.73116700
16.69212500
16.69791700
16.61412500
16.52591600
16.71658400
16.52150000
16.71541600
16.85520900
16.62550000
16.67100000
16.88037500
16.46512500
16.71516600
16.73658400
16.69395800
16.67204200
16.72116600
16.65479200
16.41812500
16.94587500
16.63812500
16.80695800
16.60429200
16.50495800
16.86891700
16.77058300
16.56487500
16.66766700
16.64504200
16.75204100
16.71108400
16.60075000
16.71037500
16.60479100
16.59175000
16.76558400
16.78125000
16.54300000
16.82979100
16.66737500
16.63162500
16.65912500
16.71154200
16.67591700
16.71829100
16.62800000
16.77575000
16.44095900
16.88187500
16.63991600
16.74079200
16.64445800
16.72216700
16.64158300
16.68908400
16.68162500
16.66025000
16.71512500
16.86137500
26.30325000
7.97695800
15.58479200
16.81820800
16.70133300
16.68383400
16.62366600
16.73920900
16.64529100
16.63437500
16.77650000
16.79295900
16.50120800
16.70208300
16.68087500
16.01016700
16.67429200
1385.24225000
16.53562500
16.90366600
16.54241700
16.60012500
16.73366700
16.90625000
16.51158300
16.71783300
16.67425000
16.50679200
16.76316700
16.65154100
16.70600000
16.69525000
16.63837500
16.74370900
16.59279100
16.76329200
16.61829200
16.77820800
16.87625000
16.38020800
16.80720900
16.73341600
16.56445900
16.75633300
16.55037500
16.72820800
16.64529200
16.89304200
16.67179100
16.61316700
16.61891700
16.66075000
16.66825000
16.62525000
16.70295800
16.81429200
16.59666600
16.69258400
16.71766600
16.75795900
16.61633300
16.78870800
16.61487500
16.61700000
16.73254200
16.61887500
16.78354200
16.66883300
16.63120800
16.76870900
16.66962500
16.51370800
16.74695800
16.73695900
16.52500000
16.78137500
16.65666600
16.67912500
16.70316700
16.70383300
16.69366700
16.66804200
16.66070800
16.71550000
16.62633300
16.99487500
16.61016700
16.59533300
16.70487500
16.60883400
16.74166600
16.68991700
16.61991700
16.72754100
16.63358400
16.75108300
16.67470800
16.69533400
16.88470800
16.50766700
16.64279100
16.68637500
16.67112500
16.72079200
16.66604200
16.66595800
16.64237500
16.72337500
16.68079200
16.65708300
16.73762500
16.66079200
16.64008300
16.72266700
16.68658300
16.64475000
16.72262500
16.68200000
16.96983300
16.55404200
16.81237500
16.69575000
16.47712500
16.67112500
16.58600000
16.66095800
16.57816700
16.63800000
16.74175000
16.79929200
16.54900000
16.83212500
16.67441600
16.57029200
16.70270800
16.76929200
16.55429200
16.69037500
16.73237500
16.64812500
16.66262500
16.88233300
16.55150000
16.81750000
16.62395800
16.57695900
16.79408300
16.84175000
16.66375000
16.43070800
16.72225000
16.75279200
16.68616700
16.57320800
16.64033300
16.78091700
16.70479200
16.68612500
16.87262500
16.70329100
16.56962500
16.72079200
16.61220800
16.67220900
16.71741600
16.65879200
16.78158300
16.64020900
16.74162500
16.64879100
16.60741700
16.81879200
16.59691600
16.56825000
16.55408400
16.39166600
17.12295900
16.64941600
16.76970900
16.66329100
16.69233400
16.70475000
16.65250000
16.54658300
16.79195800
16.65304200
16.85700000
16.62216700
16.84362500
16.51495800
16.54150000
16.81841700
16.56020800
16.80137500
16.64820800
16.68191700
16.75733300
16.48941700
16.68908300
16.67158400
16.79033300
16.71566700
16.67570800
17.07391700
16.55254100
16.39958400
17.06662500
16.40062500
16.67275000
16.62545800
16.65879200
16.69220800
16.71987500
16.70129200
16.50866600
16.63633400
16.89166600
16.54212500
17.03866700
16.53629200
16.56758300
16.69791700
16.69237500
16.74154100
16.54945900
16.83045800
16.56845800
16.51516700
16.84970800
16.74987500
16.46254200
16.88537500
16.70979200
16.61783300
16.72304200
16.76329100
16.59112500
16.68291700
16.66325000
17.18150000
16.29516700
16.59379100
16.65333400
16.60583300
16.86825000
16.54483300
16.71045900
16.70708300
16.54550000
16.89945800
16.46916700
16.78845800
16.67379200
16.59100000
16.71879200
16.73075000
16.78716600
16.65795900
16.57375000
16.62679100
16.85033400
16.58466600
16.90191700
16.41650000
16.78695800
16.52862500
16.93020900
16.48420800
16.79900000
17.05500000
16.47958300
16.57495900
16.69145800
16.66695800
16.62695900
16.69391600
16.70958400
16.70170800
16.89358300
16.53995900
16.62141600
16.70487500
16.64954200
16.64216700
16.67116600
16.77616700
16.58500000
16.81620800
16.64141700
16.67091700
16.62870800
16.69595800
16.68129200
16.72904200
16.61550000
16.68895800
16.68000000
16.73775000
16.64337500
17.23108300
16.33266700
16.44766700
16.80800000
16.89154100
16.45808400
16.77329100
16.67333400
16.62512500
16.60654100
16.72870900
16.73891600
16.62550000
16.49291700
16.81933300
16.63454200
16.55120800
16.75541700
16.79754200
16.65616600
16.74020900
16.60612500
16.66458300
16.70033300
16.69429200
16.66825000
16.73108300
16.67445900
16.60862500
16.68554100
16.64754200
16.58033300
16.83200000
16.75075000
16.65637500
16.56762500
16.88183400
16.60250000
16.58445800
16.89616700
16.63512500
16.58779100
16.74154200
16.54275000
16.77716700
16.62620800
16.72829200
16.64058300
16.90516700
16.44220800
16.89670800
17.07533400
16.38987500
16.84466600
16.57845900
20.58025000
49.60991600
12.84925000
8.24079200
9.31533300
8.46650000
8.54037500
15.68550000
16.64816700
16.62154200
17.04529100
16.22070900
16.80233300
16.73825000
16.71658300
16.74808400
16.44558300
16.74316700
16.74291600
16.54650000
16.64287500
16.76725000
16.80991700
16.54891700
16.71025000
16.77470800
16.70879200
16.63629100
16.50654200
16.79570800
16.74829200
16.73454200
16.66825000
16.63650000
16.72212500
16.67320800
16.74162500
16.61491700
16.61504100
16.75066700
16.61166700
16.69783300
16.72362500
16.68795800
16.89816700
16.57041700
16.64975000
16.60841600
16.99966700
16.20104200
16.78900000
16.74087500
16.72991600
16.53354200
16.90912500
16.56454200
16.64516600
16.59445900
16.79416600
17.02033400
16.66304100
16.64129200
16.72512500
16.76308300
16.81487500
16.79166700
16.23137500
16.57845800
16.58670900
16.68912500
16.72875000
16.53608300
16.68225000
16.55608300
16.96137500
16.81120900
16.67616600
16.66775000
16.55550000
16.69787500
16.73033400
16.53058300
16.54383300
16.92241700
16.67579200
16.50083300
16.75695800
16.79775000
16.55787500
16.87425000
16.64025000
16.65991700
16.71716700
16.72416600
16.47075000
16.77587500
16.78695900
16.54691600
16.71487500
16.56354200
16.62387500
16.91875000
16.72025000
16.57070800
16.94779200
16.51370800
16.58825000
16.72379200
16.58350000
16.77687500
17.02529200
16.65229100
16.36195900
16.90241600
16.99916700
16.31516700
16.62833300
16.69875000
16.63200000
16.74770800
16.62675000
16.76195900
16.62854100
16.63566700
16.72320800
16.91520900
16.55837500
16.65437500
16.61191600
16.66304200
16.70275000
16.62350000
16.68304200
16.74525000
16.64875000
16.71041600
16.68570900
16.65537500
16.76491600
16.71766700
16.50300000
16.76729200
16.74845800
16.87312500
16.55183300
16.67470900
16.73995800
16.36725000
16.77466700
16.65545800
16.62908300
16.64812500
16.78750000
16.69341700
16.73787500
16.61645800
16.64345900
16.73095800
16.69625000
16.57975000
16.74195800
16.60575000
16.75891700
16.74975000
16.67775000
16.77033300
16.56600000
16.75208400
16.66437500
16.61416600
16.74008400
16.67875000
16.61137500
17.06758300
16.87491700
16.26120800
16.58675000
16.86687500
16.53216700
16.71479100
16.49754200
17.02483300
17.06050000
16.28550000
16.86645900
16.53220800
16.56820800
16.70079200
16.82566700
16.63537500
16.63716600
16.68150000
16.92554200
16.53354200
16.45133300
16.75166700
16.68491600
16.59825000
16.89712500
16.54929200
16.56904200
16.73445800
16.76670800
16.54904200
16.69337500
16.73233300
16.56479200
16.72920800
17.02404200
16.65520800
16.51079200
16.63783300
16.70091700
16.80429200
16.47775000
16.65612500
16.71345800
16.54241700
16.89212500
16.60937500
16.56529100
16.81383400
16.62537500
16.71204100
16.72258400
16.69220800
16.68033300
16.62229200
16.67320800
16.62583400
16.77337500
16.65800000
16.62254100
16.80637500
16.62887500
16.64379200
16.73320800
16.69375000
16.62291700
16.74691700
16.61987500
16.60575000
16.82083300
16.61812500
16.65670800
16.99108400
16.48433300
16.63345800
16.55629200
16.71837500
16.73412500
16.82970800
16.53475000
16.65858400
16.81212500
16.66362500
16.57187500
16.69445800
16.74816700
16.60137500
16.67975000
16.95075000
16.46933300
16.71970800
16.66620900
16.64429100
16.74641700
16.68179200
16.60495800
16.62570800
16.80654200
16.69716700
16.63420800
16.85158300
16.48950000
16.71691700
16.70516700
16.55337500
16.68529100
16.77795900
16.71333300
16.66670800
16.63570900
16.73308300
16.85000000
16.49629200
16.71883300
16.67920800
16.51641700
16.81654200
16.62945800
16.70833300
16.75808400
16.77766600
16.60808400
16.67012500
16.56116600
17.16241700
16.55366700
16.80591600
16.29116700
16.87170800
16.63745900
16.64558300
16.76066700
16.90741600
16.55291700
16.59929200
16.61854100
16.65195900
16.69991600
16.75904200
16.58391700
16.69729100
16.81433400
16.53358300
16.79458300
16.62558400
16.63362500
16.71683300
16.69254200
16.64616600
16.71787500
16.69450000
16.89587500
16.49162500
16.79054200
16.63104200
16.61737500
16.72850000
16.61920800
16.88737500
16.55925000
16.66233300
16.62612500
16.49625000
16.66162500
16.77295900
16.61625000
16.74320800
16.63400000
16.67458300
16.69929200
16.80237500
16.69808300
16.73054200
16.62591700
16.62162500
16.74841600
16.61658400
16.64529100
16.71770900
16.67654100
16.77616700
16.71729200
16.57029100
16.63037500
16.83900000
16.60341700
16.58883300
16.87070900
16.54637500
16.61616600
16.82445900
16.59266600
16.99454200
16.45345800
16.79054200
16.46079200
16.87504100
16.67591700
16.52325000
16.82475000
16.45858300
16.95366700
16.67870800
16.67300000
16.64291700
16.68479200
16.61675000
16.63841600
16.76300000
16.67633400
16.78612500
16.48366600
16.68245900
16.84691600
16.68112500
16.60375000
16.75637500
16.67095900
16.59791600
16.73487500
16.70754200
16.67229200
16.76383300
16.59975000
16.50629200
16.71662500
16.84704100
16.61075000
16.81758400
16.57437500
16.63166600
16.84158400
16.74254100
16.47320900
16.75654100
16.63958400
16.58904100
16.79466700
16.66587500
16.60416700
16.86858300
16.53316700
16.70337500
16.65862500
16.72750000
16.63158300
16.63645800
16.66916700
16.66079200
16.76350000
16.74770800
16.61229200
17.14758300
16.35662500
16.62612500
16.74162500
16.56766700
16.73879100
16.63079200
16.76375000
16.57995800
16.83945900
16.55508300
16.67087500
16.66362500
16.77212500
16.65929200
16.68112500
16.67708300
16.63041700
16.70558300
16.70483300
16.62212500
16.81833400
16.55245800
16.72879200
16.66329100
16.78604200
16.67783300
16.59225000
16.68666700
16.78212500
16.57766700
16.77620800
16.63833300
16.72650000
16.62175000
16.56854200
16.85991700
16.71854100
16.99362500
16.35229200
16.69137500
16.42508300
16.84445900
16.69970800
16.77225000
16.53579200
16.80308300
16.54054200
16.88579100
16.72179200
16.56529200
16.62212500
16.61483300
16.90995800
16.59787500
16.74070900
16.50575000
16.88616600
16.69745900
16.90750000
16.79029100
16.74033400
16.33237500
16.64850000
16.62704100
16.67058400
16.67466600
16.66804200
16.63950000
16.87833300
16.66250000
16.50604200
16.73129200
16.72695800
16.59383300
16.70079200
16.72391700
16.63691600
16.70470900
16.76437500
16.67737500
16.57770800
16.72591700
16.69008300
16.67291700
16.71991600
16.62050000
16.69145900
16.70479100
16.69466700
16.61575000
17.01716700
16.44075000
16.60954100
16.75162500
16.56641700
16.63987500
16.76566700
17.14491600
16.16691700
16.78083300
16.65850000
16.65445900
16.65520800
16.77029200
16.57750000
16.72012500
16.68816600
16.75020900
16.69800000
16.68912500
16.64516600
16.66100000
16.70200000
16.51825000
16.82495900
16.56850000
16.63758300
16.83450000
16.63416700
16.84416600
16.65533400
16.63633300
16.52545800
16.80141700
16.62404200
16.75991600
16.54425000
16.62366700
16.82420800
16.76604200
16.59633300
16.73308400
16.57316600
16.84733400
16.63016600
16.70154200
16.61608300
16.75604200
16.63079200
16.67116600
16.69720900
16.71175000
16.59679100
16.74100000
16.60108400
16.72020800
16.76766700
16.61325000
16.71200000
16.62300000
16.74470800
16.69950000
16.73712500
16.53779200
16.73720800
16.72929200
16.54241600
16.92558400
16.54366600
16.75366700
16.61870800
16.73775000
16.72762500
16.57900000
16.72983400
16.71320800
16.68804200
16.64204100
16.80187500
16.62683400
16.68312500
16.56541600
16.74100000
16.72625000
16.62041700
16.78179200
16.65783300
16.59037500
16.72129200
16.91737500
16.54250000
16.69758300
16.50562500
16.74425000
16.74579200
16.65608300
16.66333300
16.68295900
16.80704100
16.61016700
16.55516700
16.82166600
16.45866700
16.80520800
16.64233400
16.56012500
16.92920800
16.59575000
16.64108300
16.79016700
16.72195800
16.61845900
16.70187500
16.57866600
16.75120900
16.72175000
16.83133300
16.53650000
16.65141700
16.88691600
16.40345900
16.82225000
16.69120800
16.66129200
16.61416600
16.65445900
16.88516600
16.80187500
16.50029200
16.60812500
16.85370800
16.74095900
16.47162500
16.66716600
16.69479200
16.68462500
16.90766700
16.51929100
16.60612500
16.78270900
16.62520800
16.75725000
16.59304200
16.51154100
16.87754200
16.62900000
16.63320800
16.80433400
16.51491600
16.99766700
16.52329200
16.53295800
17.01333300
16.75700000
16.67425000
16.45929200
16.74983300
16.64416700
16.60783300
16.68804200
16.75083300
16.62833400
16.72295800
16.68491700
16.61241600
16.79083400
16.66254100
16.65037500
16.66729200
16.70195800
16.64383400
16.75100000
16.68695800
16.59950000
16.73520800
16.68512500
16.69045900
16.68091600
16.71504200
16.63066700
16.71691600
16.68137500
16.64841700
16.64837500
16.68212500
16.67470800
17.00233400
16.77441600
16.55112500
16.98087500
16.26808400
16.89633300
16.40804200
16.49170800
16.79862500
16.72500000
16.77775000
16.50341700
16.72445800
16.51345800
16.79820900
16.71437500
16.68820800
16.56883300
16.80683400
16.68825000
16.64062500
16.59187500
16.64008300
17.15137500
16.27879200
16.64741600
16.79154200
16.69391700
16.67541600
16.70279200
16.58295800
16.72179200
16.65958300
16.63783400
16.81575000
16.73354100
16.48408400
16.68470800
16.69887500
16.82100000
16.61837500
16.70350000
16.76583300
16.51275000
16.82658400
16.78958300
16.49137500
16.74912500
16.57350000
16.77266700
16.77395800
16.50016700
16.65812500
16.89408300
16.66958300
16.69383400
16.64308300
16.60741700
16.59616600
16.92025000
16.55633400
17.00945800
16.51345800
16.37558400
16.86600000
16.53425000
16.75887500
16.68070800
16.94495800
16.55945900
16.56500000
16.80612500
16.67654100
16.68954200
16.65758300
16.62125000
16.74483400
16.72395800
16.68375000
16.77929200
16.42391600
16.73162500
16.74983400
16.82929100
16.52350000
16.72937500
16.68608400
16.66583300
16.51741700
16.66912500
16.79245800
16.83895800
16.70312500
16.53683400
16.59320800
16.83266700
16.53316600
16.79033400
16.76616600
16.58466700
16.70258300
16.70745900
16.56491600
16.80179200
16.68150000
16.54587500
16.81679200
16.68100000
16.59404100
16.81929200
16.61387500
16.67500000
16.55200000
16.63450000
16.83062500
16.77437500
16.57245800
16.63075000
16.64508400
16.63070800
16.87958300
16.91341700
16.51395800
16.64766700
16.68845800
16.50441700
16.83500000
16.71450000
16.49275000
16.69308300
16.86641700
16.66495800
16.61770900
16.57562500
16.80754100
16.78837500
16.64170900
16.55229100
16.85766700
16.58287500
16.62975000
16.78520800
16.73354200
16.56566700
16.65354100
16.81275000
16.62187500
16.59025000
16.99962500
16.31404200
16.71945800
17.81679200
15.96112500
16.76291700
16.67979100
16.74816700
17.16595800
16.83366700
15.81920800
16.62470900
16.87062500
16.51129100
16.65700000
16.59900000
16.99079200
16.77604200
16.69812500
16.95850000
16.12879100
16.52600000
16.72950000
16.98179200
16.46616700
16.57825000
16.70270800
16.65933300
16.73908400
16.65508300
16.62237500
16.75254200
16.68566600
16.87154200
16.55800000
16.72533300
16.62683400
16.98033300
16.42175000
16.61175000
16.75650000
16.46179200
16.84079100
16.64012500
16.72291700
16.53283300
16.74495900
16.68654100
16.56758400
16.66800000
16.81341600
17.07125000
16.64383400
16.38216600
16.76683400
16.57645800
16.70158300
16.68812500
16.61595900
16.62720800
16.86137500
16.58750000
16.66979200
16.71591600
16.51529200
16.72795800
16.62258400
16.76637500
16.76912500
16.57237500
16.75908300
16.80916700
16.63208300
17.52887500
15.86283300
16.82800000
16.80362500
16.35179200
16.67608300
16.68154200
16.56412500
17.00562500
16.49404200
16.69708300
16.87070800
16.66483400
16.54558300
16.64275000
16.52879200
16.64820800
16.84900000
16.75479200
16.47854100
17.09687500
16.43116700
16.72483300
16.64300000
16.79037500
16.53520900
16.71845800
16.52800000
16.83000000
16.68900000
17.05366700
16.33025000
16.85854100
16.46912500
16.71575000
16.67470900
16.61612500
16.56645800
16.86400000
16.55158300
16.81433400
17.30200000
16.15383300
16.61429200
16.55045800
16.74891700
16.56862500
16.85225000
16.46370800
16.77087500
16.80441700
16.70345800
16.69175000
16.62754200
16.63350000
16.73787500
16.57187500
16.82229100
16.67150000
16.63675000
16.74866700
16.64475000
16.58675000
16.78225000
16.71408300
16.53991700
17.23266700
16.43270800
16.60283300
17.05170900
16.16791600
17.09291700
16.58425000
17.77691700
15.93745800
16.57000000
16.58879200
16.63479100
16.37733400
17.03654100
16.64316700
16.59754200
16.74237500
16.81333300
16.41929200
16.66895800
16.56462500
16.57504200
16.90220800
16.78508300
16.63320900
16.68295800
17.00591700
16.50450000
16.33620800
17.01041700
16.30241600
16.81004200
16.43404200
16.83141600
16.78670900
17.45741600
15.98179200
16.60075000
16.58429200
16.77054100
16.75595900
16.57995800
16.70200000
16.70183300
16.64312500
16.65687500
16.70391700
16.88887500
16.62783300
16.50062500
16.65554200
16.80120800
16.70408400
16.58629100
16.82062500
16.60433400
16.61833300
16.75908300
16.77045900
16.59475000
16.68941600
16.68020900
16.61775000
16.71995800
16.73516700
16.56754100
16.74708400
16.66729100
16.64895900
16.66629100
16.70783400
16.65179100
16.78783400
16.66329100
16.98945900
16.45679100
16.68587500
16.62858400
16.62329100
16.75016700
16.63841700
16.92795800
16.65837500
16.60420800
17.05087500
16.09933400
16.65637500
16.80375000
16.61537500
16.66891600
16.69016700
16.56116700
16.80775000
16.63091600
16.70504200
17.03320800
16.45862500
16.55612500
16.71791700
16.65054200
16.70825000
16.66870800
16.63833300
16.76750000
16.58545900
16.82000000
16.59170800
16.82745800
16.56587500
16.63091700
16.68666700
16.71579100
16.64429200
16.72016700
16.73070800
16.61283300
16.73375000
16.66779200
16.58583300
16.79195900
16.67150000
16.61720800
16.72779200
16.74175000
16.53720800
16.79479200
16.67737500
16.77883300
16.92983300
16.64012500
16.69925000
16.63804200
16.52429200
16.59250000
16.86020800
16.58229200
16.73133300
16.71691700
16.47370800
16.80004200
16.61133300
16.64645800
16.71283400
16.74741600
16.90633400
16.68995800
16.75987500
17.61750000
16.03316700
16.46566600
16.36325000
16.63016700
16.70441700
18.60904100
14.77791700
16.89270800
16.42354200
16.79183300
16.60779200
16.59737500
16.70345800
16.69287500
16.67245900
16.70333300
16.75866700
16.58875000
16.69000000
16.67129100
16.64612500
16.68037500
16.75625000
16.64312500
16.65400000
16.81375000
16.51387500
16.59020900
16.85120800
16.60941700
16.77854100
16.51662500
16.87866700
16.62970800
16.69091700
16.69804200
16.62516600
16.70345900
16.72520800
16.51650000
16.79104200
16.70037500
16.55533300
16.90000000
16.66712500
16.58575000
16.84387500
16.61775000
16.61283300
16.64337500
16.75229200
16.66362500
16.64137500
16.71375000
16.72391700
16.68079100
17.16783400
16.17441600
16.65754200
16.71291700
16.73558300
16.60604200
16.72504100
16.70887500
16.58175000
16.69570900
16.70191600
16.96420900
16.52400000
16.65370800
16.66379200
16.51841600
16.82391700
16.61800000
16.75595800
16.67679200
16.73091700
16.60254100
16.69016700
16.66208300
16.69291700
16.66133300
16.59141700
16.84037500
16.50283300
16.86441700
16.87620800
16.73108400
16.72029100
16.45266700
16.68925000
16.73420800
16.63029200
16.69233300
16.79241700
16.57429200
16.61641600
16.75429200
16.80250000
16.54350000
16.68100000
16.62733300
16.66479200
16.77937500
16.66575000
16.65870800
16.98766700
16.50654200
16.55558300
16.72866700
16.66750000
16.66250000
16.69195800
16.69237500
16.64279200
16.74808300
16.78166700
16.58537500
16.66091600
16.74483400
16.75454100
16.64254200
16.58087500
16.67745800
16.57729200
16.71966700
16.61708300
16.91670800
16.77795900
16.50508300
16.70183300
16.60066700
16.59758300
16.75308400
16.71366600
16.55950000
16.88145900
16.57470800
16.74050000
16.60787500
16.58120800
16.80862500
16.66545900
16.72095800
16.52408300
16.80945900
16.75520800
16.59612500
16.70433300
16.68379200
16.68129200
16.69020800
16.62745800
17.26825000
16.48350000
17.41816700
15.54045800
16.76908400
16.64220800
16.72812500
16.65895800
16.63608400
16.65983300
16.72258300
16.69583400
16.79866600
16.56783400
16.55995800
16.87550000
16.68141700
16.59920800
16.75212500
16.66754200
16.53112500
16.80787500
16.81941600
16.86637500
16.56583400
16.53375000
16.59875000
16.66208300
16.75445800
16.66845900
16.70858300
16.72604200
16.57170800
16.72504200
16.95637500
16.42554100
16.72416700
16.78558300
16.69400000
16.51312500
16.74616700
16.56079200
16.89054100
16.68333400
16.54183300
16.79066700
16.50120800
16.76666700
16.66616600
16.57675000
16.92229200
16.63445800
16.55420900
16.82379100
16.70475000
16.64950000
16.64683400
16.79000000
16.59741600
16.73408400
16.48520800
16.85212500
16.63641700
16.67458300
16.52354200
16.91004100
16.60437500
16.71125000
16.70120900
16.65345800
16.61583300
16.61491700
16.78937500
16.86704200
16.54550000
16.70725000
16.59670800
16.69100000
16.72629200
16.68633300
16.67304200
16.70350000
16.57583300
16.88375000
16.46175000
16.76183300
17.03050000
17.03712500
16.07850000
16.66066700
16.56616700
16.99237500
16.52012500
16.62800000
16.93950000
16.61579100
16.58616700
16.58570800
16.76616700
16.62262500
16.69250000
16.67550000
16.66620800
16.73304200
16.70708300
16.63029200
16.72916700
16.55570800
16.73075000
16.72695800
16.60362500
16.69550000
16.76141700
16.77862500
16.57379200
16.68241600
16.68183400
16.75225000
16.77612500
16.57900000
16.68425000
16.91091600
16.53704200
16.64754200
16.66895800
16.71125000
16.60883300
16.68729200
16.77404200
16.48850000
16.84558300
16.55483300
16.72100000
17.02854200
16.52500000
16.56450000
16.65850000
16.60325000
16.74558300
16.71333400
16.80758300
16.55870800
16.88341700
16.75883300
16.54175000
16.62045900
16.66725000
16.58012500
16.82104100
16.69650000
16.62145900
16.64812500
16.84512500
17.08687500
16.76637500
16.18845800
17.98470800
15.94166700
18.62704200
14.52620800
16.52983300
16.32633400
16.75079100
17.12550000
16.35791700
17.03525000
16.67475000
16.43125000
16.82366700
16.37058300
16.91795800
16.62366700
16.65566700
16.20862500
16.86445800
16.72079200
16.24833300
17.13183300
16.97654200
16.40629200
16.81100000
16.80787500
16.41887500
16.92370800
16.54125000
16.50004200
16.87658300
16.54554200
17.07116600
16.55791700
16.65587500
16.43637500
16.71241700
16.81483300
17.09537500
16.54658300
16.72795900
16.65150000
16.60179100
16.46425000
16.92945900
16.60287500
19.88625000
15.12308300
17.16462500
16.05558300
