16.84933300
16.42154200
16.45983300
17.54762500
16.26658400
16.30029100
17.07966700
16.14158300
16.68937500
16.67258400
16.70129100
16.64566700
16.67379200
16.80195800
16.53662500
16.71066700
16.80033300
16.52562500
16.81112500
16.61545800
16.59370900
16.70550000
16.72570800
16.67258300
16.63370900
16.67770800
16.75066700
16.65979100
16.68550000
16.66591700
16.67191700
16.69000000
16.75645800
16.62287500
16.68529200
16.86516600
16.48687500
16.66841700
16.78941700
16.71662500
16.67920800
16.66037500
16.64441700
16.65200000
16.82579100
16.52095900
16.89504100
16.67512500
16.62733400
16.54970800
16.74770800
16.63720900
16.66883300
16.71129200
16.74479100
16.68270900
16.65533300
16.61025000
16.65220800
16.83016700
16.62245800
16.91320900
16.69575000
16.43800000
16.77325000
16.66087500
16.44870800
16.83520800
16.65900000
16.65975000
16.65345900
16.80491600
16.62262500
16.60712500
16.90300000
16.50529200
16.57570800
16.79725000
16.71687500
16.57162500
16.68358400
16.56929100
16.85979200
16.69545800
16.59775000
16.72712500
16.67700000
16.58100000
16.75966700
16.54270800
16.86258400
16.73745800
16.61283300
16.72250000
16.63241700
16.68145800
16.76254200
16.61404200
16.91870800
16.52729200
16.65362500
16.67825000
16.66175000
16.47841600
16.80554200
17.13975000
16.48679200
16.45204100
16.77912500
16.71816700
16.55087500
16.77112500
16.83520800
16.39429200
16.85483300
16.78441700
16.50658300
16.76033400
16.69979100
16.73020900
16.55070800
16.87104200
16.65475000
16.58545800
16.64595800
16.66737500
16.62237500
16.71729200
16.62820800
16.55933400
16.81183300
16.70604200
16.64104100
16.70750000
16.60345900
16.63129100
16.79275000
16.63516700
16.68416700
16.73716600
16.68675000
16.61925000
16.77595900
16.59679100
16.71870900
16.70104100
16.71245900
16.62658300
16.66425000
16.74537500
16.67579200
16.68716600
16.63887500
16.77104200
16.57679200
17.02637500
16.64775000
16.66970800
16.39787500
16.84633300
16.68966700
16.74312500
16.63058300
16.61425000
16.55808400
16.76520800
16.62166700
16.74787500
16.69279100
16.65070900
16.80350000
16.70754100
16.43358400
16.83920800
16.55258300
16.91495900
16.55137500
16.71887500
16.72112500
16.64637500
16.73987500
16.70062500
16.60591600
16.66354200
16.77583300
16.65633400
16.68725000
16.61637500
16.63525000
16.74987500
16.74104100
16.68500000
16.68150000
16.63504200
16.64612500
16.90225000
16.54354200
16.74529100
16.62295900
16.63866600
16.84445900
16.42466600
16.84375000
16.70162500
16.99637500
16.35716700
16.90733300
16.37145900
16.79275000
16.62604100
16.76495900
16.68666600
16.73450000
16.59795900
16.67633300
16.73645800
16.59616700
16.65379200
16.78608300
16.56337500
16.82637500
16.63429200
16.67625000
16.42904100
16.89900000
16.68662500
16.72725000
16.65783400
16.74837500
16.68237500
16.68583300
16.63000000
16.49362500
16.81037500
16.76983300
16.67629200
16.67841700
16.56937500
16.53333300
16.83325000
16.72104200
16.75270800
16.60350000
16.62220800
16.72737500
16.71420900
16.65550000
16.66916600
16.66587500
16.76225000
16.68841700
16.65870800
16.69145900
16.63833300
16.72887500
16.50762500
16.84650000
16.70120800
16.87779200
16.69112500
16.68054200
16.26520800
16.95004200
16.67933300
16.67491700
16.76004100
16.92587500
16.30416700
16.69745800
16.67883400
16.51058300
16.93341700
16.61691600
16.68941700
16.70758300
17.06929200
16.35858300
16.82900000
16.51708400
16.63825000
16.77837500
16.69600000
16.98704100
16.41358400
16.65787500
16.47725000
16.89587500
16.63275000
16.63745800
16.64162500
16.85354200
16.51787500
16.64908300
16.70170800
16.70837500
16.70133400
16.77645800
16.54433300
16.68341700
16.69766700
16.75054100
16.61487500
16.79204200
16.37095800
16.95341700
16.61887500
16.46837500
16.97929200
16.46341600
16.63087500
16.84512500
16.63750000
16.77545900
16.62804100
16.85991700
16.49941700
16.71262500
16.60312500
16.70925000
16.69545800
16.71083300
16.49808400
16.86758300
16.64070800
16.73312500
16.66200000
16.70341700
16.53262500
17.23295800
16.30833400
16.48495800
16.86566700
16.62104100
16.70258400
16.69612500
16.64350000
16.57954100
16.92720900
16.41516600
17.28083400
16.23958300
16.81454200
16.52741600
16.58587500
16.66904200
16.78200000
16.74500000
16.67045800
16.61854200
16.66991700
16.67508300
16.67841700
17.18800000
16.34150000
16.58491600
16.68920900
16.68420800
16.68120800
16.90175000
16.62062500
16.55833400
16.86720800
16.77587500
16.39050000
16.80370800
16.61100000
16.71133400
16.71566600
16.59379200
16.52025000
16.85237500
16.68087500
16.90075000
16.54070800
16.72266700
16.41620800
16.88383400
16.64150000
16.67158300
16.69345800
16.51245900
16.84216600
16.64712500
16.74420900
16.66962500
16.71737500
16.46229100
16.83058400
16.75833300
16.63400000
16.72037500
16.64304200
16.68783300
16.61441700
16.75383300
16.82187500
16.60604200
16.66779100
16.64779200
16.64875000
16.70966700
16.65954100
16.71225000
16.68050000
16.68137500
16.69579200
16.83616700
16.53216600
16.83883400
16.59633300
16.65112500
16.64779200
16.75083300
16.61325000
16.70762500
16.68379200
16.72150000
16.66295800
16.65337500
16.84020800
16.53833400
16.77129100
16.61079200
16.45820800
16.69470900
16.88912500
16.68462500
16.67500000
16.71970800
16.45837500
16.71266700
16.82470800
16.65208300
16.63316700
16.91233300
16.56187500
16.51308400
16.85012500
16.63716600
16.71641700
16.70908300
16.64762500
16.50566700
16.85004200
16.65004100
16.71708400
16.64600000
16.65429100
16.70845900
16.69875000
16.65375000
16.69829100
16.70379200
16.65570800
16.77883400
16.68679100
16.60858400
16.66216600
16.73533400
16.65154100
16.72895900
16.72429100
16.63629200
16.71450000
16.63591700
16.65587500
16.69691600
16.54441700
16.92616700
16.60775000
16.51104100
16.84212500
16.75741700
16.42408300
16.91083400
16.69645800
16.51479200
16.83450000
16.64441600
16.63400000
16.71966700
16.69462500
16.70866700
16.66304100
16.55854200
16.75483300
16.68020900
16.92950000
16.48512500
16.66279100
16.69791700
16.57045800
16.76116700
16.67770800
16.63137500
16.72208400
16.76904100
16.63783400
16.72391600
16.69175000
16.64179200
16.62075000
16.66600000
16.71741700
16.67325000
16.64875000
16.71245800
16.69300000
16.63458300
16.74691700
16.61620800
16.72508400
16.77612500
16.56141600
16.60420900
17.02870800
16.55241700
16.78062500
17.66291600
19.79437500
12.49062500
16.67625000
16.71562500
16.56954200
16.63929200
16.66558300
16.75987500
16.65591700
16.66170800
16.70179200
16.63420800
16.81695800
16.56858400
17.45033300
15.91650000
16.68029200
16.73704100
16.60491700
16.76020800
16.66133400
16.65450000
16.71162500
16.73804100
16.63579200
16.66787500
16.66495800
16.71120900
16.61091600
16.68283400
16.72508300
16.65295800
16.70841700
16.71150000
17.55629200
15.81166600
16.66795900
16.62404100
16.67504200
16.72445800
16.63720900
16.71179100
16.65129200
16.68329200
16.67670800
16.80204200
16.56554100
16.72091700
16.67795800
16.67079200
16.69183300
16.66741700
16.67704200
16.68250000
16.72379100
16.66070900
16.77400000
16.57208300
16.70208300
16.69537500
16.64695900
16.70883300
16.71225000
16.76616700
16.77500000
16.69137500
16.80341600
17.01620900
16.15554100
16.67200000
16.68437500
16.68837500
16.62258400
16.65966600
16.76554200
16.58025000
16.79920800
16.65387500
16.57516700
16.70937500
16.76204200
16.60062500
16.69933300
16.71450000
16.65079200
16.69350000
16.67370800
16.69625000
16.67545800
16.70512500
16.96658400
16.44687500
16.66725000
16.63083300
16.68991700
16.72566600
16.64383400
16.70266600
16.61479200
16.77554200
16.66675000
16.68375000
16.65433300
16.67662500
16.66920800
16.74041700
16.76804200
16.55175000
16.67175000
16.69408300
16.73312500
16.62595800
16.71641700
16.62766700
16.73170800
16.76337500
16.60037500
16.68170800
16.74304200
16.63220800
16.66070900
16.77612500
16.62720800
16.68462500
16.66283300
16.76787500
17.13020900
16.14529100
16.65570900
16.69383300
16.73625000
16.64175000
16.73358300
16.56595900
16.72762500
16.73058300
16.82816700
16.75466600
16.54716700
16.56433300
16.67404200
17.04762500
16.55041700
16.62183300
16.73466700
16.53675000
16.62875000
16.74783300
16.63883300
16.71004200
16.64170800
16.68837500
16.93962500
16.55845900
16.62329100
16.76683400
16.53120800
16.68512500
16.85204200
16.68900000
16.64912500
16.73162500
16.59579100
16.67825000
16.63533400
16.71083300
16.67166700
16.67329100
16.71233400
16.60587500
16.69583300
16.81245800
16.65412500
16.60679200
16.59495800
17.03216700
16.45125000
16.64208300
16.73345900
16.64179100
16.73529200
16.52112500
16.86575000
16.65437500
16.52679200
16.87087500
17.07150000
16.13529100
16.87075000
16.54100000
16.67450000
16.63925000
16.78937500
16.64808400
16.69066600
16.68583400
16.64829100
17.50629200
15.94175000
16.57929200
16.79141600
16.63187500
16.63483400
16.68475000
16.68370800
16.65900000
16.74666700
16.61704100
16.89133400
16.64158300
16.60158300
16.70537500
16.64766700
16.64283300
16.76533400
16.63466600
16.74862500
16.57991700
16.78341700
16.64720800
16.70433300
16.69754200
16.70804200
16.57900000
16.81237500
16.62029100
16.69770900
16.65958300
16.80641700
16.56225000
16.74075000
16.72079100
16.72395900
16.52241600
16.66108400
16.72245800
16.72404200
16.60429100
16.70075000
16.74225000
16.55583400
16.74483300
16.70766700
16.68775000
16.70275000
16.68033300
16.90591700
16.44850000
16.72766600
16.61400000
16.69579200
16.81462500
16.58837500
16.73820800
16.70683400
16.64904100
16.67379200
16.69362500
16.66670800
16.68537500
16.70745900
16.69662500
16.64862500
16.74070800
16.65295800
16.74150000
16.60470900
16.81554100
16.39187500
17.06579200
16.50550000
16.70116700
16.63308300
16.64416700
16.72587500
16.61762500
16.75487500
16.62733300
16.69154200
16.74070800
16.47075000
16.80995800
16.69379200
16.69233300
16.67637500
16.67383400
16.64095800
16.71995800
16.70329200
16.66483300
16.69187500
16.69129200
16.63487500
16.67358300
16.69820900
16.91283300
16.53079200
16.65900000
16.64695800
16.64258300
16.84587500
16.69425000
16.64941700
16.72425000
16.68891700
16.68675000
16.95912500
17.47050000
16.85562500
15.80225000
16.95233300
16.46454200
16.49883300
16.86175000
16.54516700
17.49900000
16.30016600
16.34258400
16.69150000
16.55866600
16.72891700
16.68437500
16.48120800
16.59133400
16.67112500
16.73345800
16.63654200
16.68783300
16.65254200
16.68537500
16.62920800
16.74420800
16.60833400
16.67416600
16.67937500
16.75812500
16.64608400
16.77408300
16.59791700
16.69825000
16.70454100
16.68245900
16.67412500
16.66891600
16.70112500
16.72279200
16.58570800
16.71341700
16.70712500
16.58229200
16.76900000
16.66166600
16.67925000
16.68108400
16.95258300
16.60929200
16.44316600
16.89300000
16.68645900
16.61354100
16.75041700
16.77562500
16.50195800
16.78925000
16.64804200
16.63979200
16.91062500
16.70941600
16.47775000
16.76562500
16.61387500
16.59187500
16.63687500
16.88516700
16.58450000
16.73516700
16.54133300
16.69137500
16.80983300
16.60316700
16.79712500
16.77550000
16.59612500
16.61758300
16.66975000
16.63875000
16.67570900
16.71375000
16.81691600
16.52362500
16.77745900
16.61287500
16.76954100
16.58375000
16.87837500
16.56591700
16.66641700
16.66320800
16.71979200
16.64687500
16.64962500
16.69308300
16.79554200
16.61933300
16.65095800
16.68666700
16.70345800
16.73383400
16.60983300
16.65037500
16.80429200
16.56812500
16.72425000
16.61754100
16.69554200
17.01454200
16.09237500
17.03054100
16.65629200
16.63033300
16.71970900
16.63016600
16.59912500
16.73900000
16.77433400
16.53237500
17.00350000
16.36591600
16.86008400
16.55750000
16.62283300
16.94233300
16.45170900
16.72170800
17.04854200
16.50316600
16.70033400
16.69383300
16.52200000
16.58162500
16.74083300
16.65166700
16.66241700
16.71791600
16.75120900
16.65045800
16.63950000
16.65520800
16.67862500
16.62241700
16.63279200
16.86766600
16.69716700
16.70112500
16.57120800
16.75004200
16.57241700
16.75266600
16.68783400
16.69720800
16.63462500
16.66837500
16.75104200
16.63045800
16.72325000
16.66791700
16.63679100
16.67141700
16.78183300
16.62020900
16.76716600
16.65516700
16.65054200
16.57012500
16.84612500
16.71570800
16.58275000
16.74791700
16.85062500
16.47850000
16.66783300
16.65479200
16.63750000
16.71895800
16.63029200
16.68445800
16.87045800
16.54704200
16.68554200
16.72608300
16.59320800
16.72879200
16.68775000
16.60125000
16.71125000
16.76629200
16.60245800
16.69020800
16.79679200
16.62108300
16.64062500
16.82283400
16.56570800
16.69787500
16.67929200
16.59933300
16.75054200
16.75491600
16.62125000
16.65845900
16.86429100
16.61337500
16.72387500
16.71908400
16.72608300
16.61716700
16.62170800
16.70812500
16.83466700
16.55312500
16.46250000
16.88300000
16.69520800
16.80487500
16.55608300
16.68000000
16.61683400
16.69662500
16.74841600
16.66191700
16.72166700
16.72704100
16.40470900
16.81566600
16.78954200
16.69104200
16.52975000
16.79595800
16.47300000
16.84637500
16.77562500
16.81858300
16.39195900
16.87583300
16.69962500
16.71325000
16.71545800
16.64475000
16.69562500
16.66008400
16.68545800
16.67879200
16.62091600
16.69762500
16.57195900
16.51662500
16.91670800
16.75162500
16.65662500
16.70233300
16.55304200
16.54037500
16.92250000
16.59654200
16.63970800
16.80979200
16.71329100
16.55979200
16.77795800
16.66429200
16.57875000
16.85254200
16.61487500
16.59570800
16.73270800
16.75054200
16.66325000
16.69175000
16.64479200
16.68854100
16.73079200
16.68458300
16.67895900
16.52883300
16.88083300
16.64425000
16.67358400
16.71329100
16.40175000
16.89187500
16.76862500
16.63291700
16.75475000
16.62150000
16.62200000
16.47870800
17.01637500
16.66062500
16.74858400
16.61320800
16.68145800
16.41783400
16.92158300
16.65175000
16.69337500
16.74308300
16.70700000
16.73529200
16.34337500
16.96562500
16.72170800
16.61675000
16.73966700
16.68470800
16.40641700
16.93495800
16.69066700
16.65095800
16.64895900
16.64129100
16.68162500
16.50237500
16.95100000
16.69775000
16.64854200
16.69058300
16.68629200
16.41716700
16.87504100
16.71450000
16.66008400
16.69754100
16.71675000
16.68475000
16.65570900
16.67612500
16.71679100
16.69112500
16.71570900
16.58233300
16.74333300
16.73166700
16.62245800
16.67029200
16.64483300
16.71295900
16.68333300
16.71058300
16.74470900
17.24362500
16.30087500
16.55329100
16.56304200
16.73395800
16.63312500
17.00979200
16.88708300
16.65004200
16.36950000
16.60954200
16.84929100
16.49233400
16.74366600
16.64229200
16.74916700
16.64925000
17.17595800
16.16241700
17.18395800
16.23466700
16.69487500
16.60870800
16.63520800
16.66404200
16.72887500
16.88575000
16.48854200
16.67858300
16.67441700
16.63845800
16.69095800
16.72579200
16.69254200
16.56570800
16.70170800
16.76262500
16.62925000
16.75700000
16.61870900
16.68283300
16.66654200
16.68595800
16.70158300
16.64987500
16.72370900
16.70583300
16.64479200
16.71083300
16.68495800
16.61979200
16.70470800
16.72183400
16.71300000
16.67104100
16.60570900
16.68025000
16.69762500
16.66079100
16.69787500
16.61895900
16.71275000
16.61795800
16.74458300
16.47712500
16.87654200
16.66212500
16.81358300
16.61325000
16.55670900
16.89820800
16.62225000
16.51395800
16.90629200
16.58887500
16.45125000
16.94383300
16.69233400
16.80533300
16.60750000
16.56425000
16.64954200
16.72862500
16.84962500
16.60883300
16.48820800
16.98908400
16.69625000
16.60300000
16.69966600
16.62875000
16.71308400
16.73479100
16.62775000
16.61766700
16.68958300
16.71675000
16.72079200
16.60891700
16.72216600
16.61829200
16.73054200
16.68437500
16.57670800
16.54179200
16.68470800
16.85504200
16.71858300
16.70383300
16.68862500
16.59408400
16.83737500
16.62008300
16.61737500
16.70225000
16.46850000
16.90404200
16.76891600
16.58804200
16.76379200
16.65891600
16.71670900
16.60462500
16.75525000
16.63650000
16.64120800
16.81029200
16.56837500
16.76270800
16.67754200
16.65966600
16.69387500
16.72795900
16.56750000
16.72695800
16.74087500
16.60654200
16.73133300
16.65479200
16.71133300
16.40370800
16.75866700
16.90175000
16.60958300
16.53400000
16.85825000
16.45766700
16.70895800
17.00170900
16.72604100
16.48708400
16.78762500
16.67725000
16.66662500
16.67220800
16.76133300
16.62070900
16.72012500
16.69995800
16.72887500
16.61525000
16.76237500
16.66887500
16.62675000
16.70562500
16.72995800
16.62845900
16.70791600
16.72725000
16.59591700
16.81295800
16.48900000
16.68033400
16.41595800
16.99500000
16.74754200
16.56754100
16.72133400
16.70908300
16.39308300
16.90266700
16.76283300
16.61404200
16.76220800
16.66612500
16.67041700
18.05154200
17.51008300
14.55650000
16.54541700
16.77325000
16.51833300
16.57000000
16.90350000
16.64370800
16.67329200
16.77970800
16.44558400
16.59912500
16.98783300
16.51895800
16.74770900
16.72500000
16.67604100
16.66279200
16.71675000
16.64941700
16.77937500
16.66129100
16.68495900
16.54700000
16.74095800
16.66141700
17.18141600
16.32483400
16.61716600
16.65479200
16.63454200
16.67908300
16.72662500
16.75975000
16.67229200
16.65495800
16.62358300
16.50395900
16.96320800
16.60350000
16.69679200
16.66950000
16.72145800
16.44170800
16.69129200
16.87820800
16.66291700
16.82033300
16.61670900
16.68362500
16.67983300
16.69870800
16.59758400
16.76862500
16.53608300
16.79629200
16.74404100
16.49712500
16.87566700
16.71291700
16.40183300
16.93933300
16.78041700
16.49545800
16.85108400
16.58954100
16.66183400
16.78050000
16.53750000
16.73670800
16.69320800
16.70479200
16.66625000
16.66245800
16.69195900
16.54162500
16.61458300
16.81633300
16.68158400
16.77541600
16.60062500
16.46337500
16.70525000
16.86766700
16.61516700
16.71370800
16.84712500
16.63062500
16.65454200
16.63158300
16.54029200
16.77820800
16.66029200
16.70137500
16.66654100
16.68100000
16.72687500
16.68966700
16.63479200
16.64370800
16.58687500
16.87512500
16.67108300
16.73037500
16.67387500
16.66333400
16.58570800
16.85337500
16.61187500
16.71758300
16.71154200
16.61112500
16.74300000
16.62029200
16.74420800
17.55600000
15.83508300
16.57391700
16.60358300
16.62662500
17.09795900
16.58395800
16.72733300
16.63012500
16.57033400
16.47891600
16.94058400
16.67525000
16.62370800
16.71454200
16.74416600
16.69612500
16.64495900
16.46275000
16.80341600
16.84633400
16.38695800
16.67500000
16.79854200
16.62058300
16.92825000
16.38770800
16.66641700
16.71858300
16.87191700
16.76641700
16.38616600
16.70212500
16.66237500
17.09958400
16.72200000
16.66629100
16.24604200
16.69958300
16.76162500
16.80758400
16.72887500
16.66220800
16.67095800
16.70312500
16.64258400
16.67595800
16.70829200
16.69183300
16.69104200
16.61387500
16.76716600
16.80875000
16.59375000
16.72733400
16.76887500
16.52154100
16.75454200
16.61308300
16.79741700
16.63687500
16.64904200
16.67120800
16.61841700
16.77125000
16.66129100
16.38991700
16.97720800
16.71941700
16.63670800
16.72400000
16.58287500
16.48725000
17.03366700
16.83116700
16.57145800
16.30908300
16.85045900
16.73225000
16.68995800
16.78837500
16.47129200
16.61754100
16.86987500
16.59904200
16.72683300
16.64354200
16.76491700
16.60333300
16.68800000
16.70312500
16.74958300
16.59362500
16.61358400
16.85104100
16.55779200
16.67104200
16.79850000
16.61208300
16.65620800
16.70350000
16.83470900
16.50016600
16.80620900
16.73329100
16.60362500
16.63920900
16.50245800
16.95675000
16.61600000
16.65466700
16.76679100
16.66387500
16.42887500
16.87495900
16.86245800
16.48583300
16.62645900
16.80466600
16.66920900
16.68370800
16.63450000
16.82633300
16.53120900
16.78379100
16.54420900
16.78916600
16.73262500
16.80537500
16.70654200
16.50637500
16.42345800
17.00129200
16.59800000
17.01325000
16.67979200
16.46479100
16.50729200
16.84845800
16.66695900
16.65591600
16.67654200
16.69570800
16.69479200
16.61975000
16.71095800
16.73404200
16.68337500
16.64775000
16.66979200
16.73937500
16.58900000
16.70104100
16.72800000
16.72425000
16.64783400
16.37995800
17.11250000
16.49616700
16.73316600
16.70100000
16.70316700
16.38370800
16.82633400
16.85604100
16.58412500
16.64833400
16.74075000
16.72570800
16.60916700
16.65825000
16.73745800
16.59395800
16.71145900
16.66720800
16.79145800
16.70241700
16.62658300
16.72837500
16.60845900
16.63612500
16.71379100
16.80883400
16.62333300
16.65012500
16.80779200
16.55662500
16.59341600
16.90808400
16.56645800
16.69245800
16.65170900
16.80762500
16.49387500
17.05700000
16.37337500
16.63787500
16.76187500
16.59333300
16.76033300
16.51500000
16.73933400
16.76800000
16.73916600
16.65454200
16.58616700
16.75620800
16.58833300
16.69416700
16.66137500
16.83804200
16.62641600
16.66000000
16.73679200
16.51195800
16.73141700
16.63708300
16.85733400
16.65562500
16.70512500
16.65012500
16.61670800
16.67304200
16.69508300
16.67700000
16.69108300
16.65612500
16.68225000
16.74504200
16.76445800
16.42337500
16.97583400
16.67750000
16.60904100
16.69908400
16.71008300
16.59254200
16.76508300
16.65275000
16.65325000
16.64483300
16.71766700
16.69083300
16.71083400
16.69187500
16.68458300
16.58195800
16.80645900
16.45183300
16.81458300
16.74075000
16.53591700
16.79541700
16.56300000
16.87316600
16.66066700
16.74362500
16.52616700
16.78720800
16.68612500
16.72937500
16.63633300
16.73145900
16.74116600
16.61100000
16.64612500
16.69620900
16.68833300
16.63729200
16.71254100
16.63983400
16.79183300
16.57575000
16.70270800
16.70541700
16.65454200
16.62441600
16.70475000
16.68795900
16.71900000
16.51383300
16.83862500
16.56962500
16.66379200
16.71095800
16.73979200
16.56029100
16.75629200
16.66412500
16.68579200
16.65900000
16.69595800
16.64850000
16.73958300
16.67658400
16.67912500
16.68800000
16.68579100
16.63562500
16.76929200
16.62591700
16.74425000
16.62450000
16.62258300
16.70733300
16.76920900
16.65504100
16.70754200
16.64512500
16.63375000
16.67033300
16.71129200
16.63970800
16.69400000
16.82462500
16.69012500
16.59116700
16.69850000
16.61391700
16.76020800
16.66233300
16.63733400
16.70070800
16.74766700
16.63529100
16.74287500
16.59020900
16.70450000
16.72712500
16.69266600
16.65695900
16.72729100
16.61579200
16.70254200
16.70841600
16.66212500
16.72295900
16.64295800
16.65895800
16.74691700
16.64358300
16.65720900
16.73754100
16.68191700
16.64737500
16.69137500
16.63737500
16.70591700
16.72720800
16.63304200
16.69341600
16.67850000
16.67829200
16.63620800
16.72837500
16.73008400
16.64887500
16.63691600
16.74312500
16.71337500
16.60320900
16.71008300
16.67620800
16.70908400
16.67704100
16.65166700
16.66158300
16.70250000
16.70887500
16.64833400
16.69720800
16.69229200
16.71079100
16.64954200
16.94558300
16.52000000
16.61154200
16.75179200
16.63991600
16.76479200
16.61025000
16.75612500
16.59462500
16.75295800
16.65779200
16.63875000
16.69108300
16.68016700
16.74904200
16.74058300
16.61820800
16.68750000
16.77333400
16.55295800
16.71150000
16.88270800
16.47995900
16.70770800
16.64104200
16.71079100
16.64508400
16.68216600
16.68629200
16.65945800
16.67208400
16.69587500
16.71487500
16.71445800
16.69045800
16.63658400
16.67275000
16.67087500
16.68854100
16.68441700
16.67841700
16.66637500
16.71395800
16.66925000
16.64508300
16.70362500
16.73775000
16.58379200
16.81400000
16.99508300
16.27175000
16.81412500
16.57270900
16.64395800
16.72929200
16.75029100
16.60991700
16.72408300
16.63195900
16.74216600
16.85316700
16.44625000
16.69745800
16.72020900
16.66858300
16.68487500
16.67775000
16.67820800
16.69100000
16.71954200
16.59795800
16.66450000
16.81320900
16.54995800
16.68645800
16.68112500
16.68433400
16.68266600
16.68241700
16.68429200
16.68200000
16.68445800
16.66995800
16.68166700
16.68462500
16.70020800
16.77775000
16.59979200
16.67145800
16.75145900
16.63816600
16.67025000
16.86929200
16.56400000
16.65675000
16.67845800
16.66766700
16.70762500
16.66495800
16.70154200
16.65395800
16.92516700
16.68487500
16.67708300
16.63212500
16.66287500
16.69462500
16.66708400
16.65029100
16.72570900
16.68762500
16.61220800
16.75137500
16.64504200
16.63962500
16.76658300
16.72258300
16.55608400
16.73695800
16.64629200
16.82137500
16.58891600
16.55808400
16.83250000
16.78216600
16.41912500
16.81850000
16.63366700
16.65137500
16.76120800
16.52204200
16.76337500
16.78741700
16.53933300
16.81991700
16.57283300
16.75633300
16.67566700
16.67587500
16.68545800
16.66962500
16.68933400
16.80458300
16.66250000
16.67516700
16.54429100
16.77891700
16.64491700
16.67808300
16.75250000
16.50095800
16.83912500
16.66383400
16.74541600
16.66900000
16.51570900
16.65162500
16.84750000
16.62275000
16.76941600
16.64875000
16.60550000
16.76741700
16.61100000
16.69912500
16.75350000
16.52675000
16.67379200
16.69454100
16.84087500
16.58595900
16.65891600
16.71808400
16.61616600
16.72445900
16.71962500
16.73983300
16.65033300
16.60550000
16.69766700
16.80991700
16.49766600
16.78308400
16.63508300
16.72754200
16.59637500
16.75725000
16.76575000
16.68045800
16.61600000
16.65737500
16.65587500
16.78258300
16.69929200
16.58708300
16.72579200
16.65466700
16.61312500
16.72612500
16.65891600
16.73245900
16.69604100
16.69804200
16.63675000
16.69370800
16.67545900
16.74900000
16.62408300
16.63683300
16.74841700
16.65925000
16.74879200
16.59158300
16.73912500
16.60495800
16.73987500
16.70662500
16.70966700
16.56320800
16.74641700
16.65329200
16.67241600
16.74004200
16.73891700
16.63766600
16.67262500
16.65895900
16.63829100
16.70137500
16.75800000
16.64379200
16.62954200
16.70033300
16.72750000
16.74704200
16.63270800
16.61783300
16.72500000
16.67641700
16.64083300
16.78287500
16.67329200
16.60762500
16.74441700
16.62183300
16.69825000
16.72766700
16.73279100
16.64100000
16.65325000
16.66870900
16.64612500
16.70304100
16.70237500
16.68987500
16.63266700
16.72037500
16.67170800
16.66404200
16.72204200
16.64233300
16.68920800
16.70112500
16.69945900
16.69600000
16.65212500
16.73800000
16.64216600
16.67362500
16.74191700
16.60141700
16.70408300
16.72929200
16.62683300
16.72645800
16.73587500
16.61350000
16.64858400
16.73912500
16.63929100
16.68750000
16.76137500
16.66787500
16.65458400
16.68858300
16.65233300
16.69095900
16.65979100
16.70083400
16.70304100
16.70545900
16.68225000
16.62404100
16.76825000
16.60754200
16.66241700
16.72908300
16.63070800
16.69787500
16.67120900
16.73416600
16.63400000
16.69158400
16.71645800
16.64191700
16.70054100
16.68300000
16.69754200
16.65495800
16.73529200
16.64170800
16.66670900
16.70066600
16.68345900
16.68191600
16.68575000
16.67825000
16.68545900
16.68320800
16.68095800
16.68412500
16.68504200
16.69633300
16.66825000
16.68362500
16.81687500
16.65329200
16.66170800
16.77375000
16.55054200
16.67933300
16.71675000
16.61187500
16.70212500
16.69354200
16.70091700
16.63741600
16.72158400
16.64900000
16.67966600
16.68487500
16.69708400
16.70612500
16.68962500
16.64112500
16.71891600
16.72641700
16.59908300
16.72462500
16.69120900
16.65479100
16.66825000
16.73783400
16.63204100
16.68900000
16.70379200
16.67041700
16.67870800
16.67762500
16.71400000
16.69604200
16.71450000
16.61704100
16.78129200
16.60129200
16.66170800
16.72629200
16.69320800
16.61354200
16.74354100
16.66325000
16.65433400
16.67575000
16.73795800
16.67329200
16.74254100
16.60908400
16.69370800
16.70920800
16.63550000
16.67741700
16.73625000
16.64716700
16.65450000
16.69258300
16.68629200
16.71408300
16.63904200
16.70062500
16.67883300
16.68795800
16.69262500
16.72283400
16.65962500
16.73537500
16.63462500
16.64362500
16.68000000
16.71195800
16.71933300
16.68833400
16.63337500
16.69008300
16.67829200
16.68550000
16.68237500
16.67637500
16.66095800
16.74529200
16.65462500
16.65362500
16.75258300
16.67166700
16.62091600
16.73408400
16.65575000
16.66125000
16.70879100
16.66591700
16.70920800
16.73479200
16.64670800
16.64341700
16.71383300
16.67166700
16.66579200
16.70400000
16.71475000
16.68700000
16.62629100
16.68745900
16.68491600
16.67758400
16.73641600
16.62404200
16.73616700
16.66429100
16.71820900
16.70983300
16.65541700
16.65404100
16.67720900
16.72941600
16.68295900
16.64683300
16.66412500
16.71879200
16.64237500
16.70041600
16.74041700
16.59641700
16.72391600
16.65787500
16.75637500
16.63433400
16.65633300
16.67916700
16.69587500
16.68029100
16.67825000
16.67345900
16.72041600
16.63300000
16.69212500
16.70375000
16.68625000
16.67666700
16.73062500
16.62912500
16.68612500
16.67362500
16.69058300
16.71762500
16.65508400
16.69191600
16.71287500
16.65075000
16.81950000
16.62208400
16.68695800
16.61987500
16.69787500
16.72875000
16.66904200
16.63133300
16.72379200
16.62395800
16.66550000
16.74287500
16.69887500
16.65750000
16.69354200
16.70225000
16.61912500
16.68187500
16.69058300
16.73675000
16.64483300
16.69650000
16.64937500
16.68425000
16.70370900
16.70925000
16.65483300
16.69041700
16.65558300
16.68833300
16.68162500
16.70504200
16.66287500
16.66362500
16.76858300
16.78479200
16.69825000
16.71995800
16.46925000
16.68375000
16.73762500
16.82925000
16.60787500
16.72566700
16.68570800
16.66108400
16.54533300
16.74925000
16.64904200
16.76575000
16.67816600
16.55612500
16.70658400
16.68687500
16.66262500
16.80470800
16.63975000
16.73979200
16.62150000
16.66641600
16.81441700
16.56325000
16.71587500
16.68370800
16.61491700
16.73504200
16.77237500
16.52166600
16.73395900
16.69254100
16.61970900
16.72037500
16.71904100
16.65487500
16.67441700
16.64166700
16.71329100
16.66579200
16.73812500
16.66800000
16.68558300
16.62420900
16.77083300
16.62937500
16.67212500
16.70391700
16.73191600
16.65075000
16.66866700
16.74183300
16.67095900
16.58833300
16.69833300
16.84241700
16.54529200
16.78820800
16.67487500
16.67075000
16.65212500
16.69733300
16.75808400
16.59391600
16.74275000
16.53012500
16.79400000
16.67679200
16.66445800
16.71300000
16.70495900
16.57325000
16.82766600
16.63766700
16.70620800
16.75887500
16.57941700
16.59854200
16.76375000
16.90108300
16.46712500
16.76125000
16.60912500
16.58541700
16.72954100
16.77233400
16.85595800
16.54279200
16.71500000
16.63595800
16.73270800
16.61962500
16.73329200
16.69937500
16.73487500
16.62745800
16.63991700
16.68541700
16.73904100
16.60329200
16.67750000
16.71179200
16.72008300
16.64554200
16.61087500
16.76600000
16.65791600
16.64850000
16.82587500
16.52841700
16.73870800
16.67687500
16.61500000
16.74420900
16.60783300
16.71637500
16.83454200
16.49837500
16.76133300
16.66675000
16.73066700
16.61925000
16.67025000
16.71358300
16.64150000
16.70412500
16.69245800
16.70566700
16.72308300
16.64491700
16.62416700
16.73191600
16.58658400
16.79429100
16.72629200
16.69879200
16.63654100
16.63495900
16.67820800
16.80404200
16.57845800
16.77425000
16.55362500
16.60812500
16.94995800
16.96933400
16.22625000
16.66775000
16.69720800
16.67120800
16.63891700
16.77883300
16.61820900
16.62658300
16.89795800
16.57716700
16.76016700
16.60804100
16.61920900
16.72283300
16.61941700
16.77737500
16.54808300
16.70937500
16.73979200
16.66854100
16.63508400
16.73033300
16.64154200
16.67791600
16.71041700
16.68716700
16.68450000
16.65325000
16.66616600
16.68141700
16.69287500
16.68754200
16.68045800
16.66737500
16.71479200
16.64941600
16.71091700
16.69516700
16.68941600
16.66858400
16.64358300
16.70187500
16.67354200
16.69595800
16.87641700
16.64416600
16.66095900
16.74079100
16.67675000
16.56183400
16.71095800
16.68545800
16.70079200
16.58737500
16.75450000
16.66287500
16.66295800
16.70616700
16.89958300
16.83987500
16.28350000
16.73554200
16.72575000
16.58241700
16.72837500
16.73158300
16.65912500
16.67804200
16.63029100
16.67891700
16.70200000
16.66016700
16.67991600
16.75766700
16.82745800
16.70975000
16.44854200
16.87629200
16.63954100
16.48091700
16.86837500
16.49912500
16.77845800
16.73808400
16.72554100
16.56704200
16.77975000
16.69958300
16.58216700
16.75212500
16.66183300
16.73837500
16.67950000
16.67008400
16.62845800
16.71883300
16.67550000
16.66670900
16.59029100
16.75016700
16.72054200
16.65762500
16.68312500
16.61337500
16.65170800
16.74650000
16.62050000
16.77279200
16.69316600
16.58550000
16.75795900
16.66575000
16.61887500
16.75275000
16.67533300
16.73945800
16.64637500
16.68350000
17.03008400
16.32716600
16.68775000
16.69862500
16.69950000
16.63420900
16.72687500
16.68829100
16.64195900
16.65550000
16.72450000
16.74179100
16.64033400
16.66512500
16.66583300
16.68679200
16.68958300
16.75929200
16.55987500
16.75525000
16.67633300
16.69366700
16.62625000
16.71400000
16.65691600
16.67883400
16.76179100
16.62670900
16.62270800
16.73925000
16.61979200
16.71137500
16.70516600
16.66450000
16.68145900
16.78691600
16.61554200
16.65312500
16.71391700
16.66845800
16.64487500
16.81591700
16.61975000
16.60687500
16.90112500
16.51745800
16.63333300
16.74570900
16.61262500
16.69408300
16.79737500
16.63195800
16.67175000
16.79245900
16.59258300
16.65225000
16.69166700
16.67133300
16.71750000
16.65337500
17.28887500
16.04920800
16.66487500
16.68141700
16.76691700
16.59879100
16.70654200
16.70720800
16.67737500
16.66550000
16.76662500
16.61608400
16.66070800
16.69825000
16.67775000
16.70470800
16.68095900
16.68304100
16.66604200
16.73241700
16.62862500
16.69662500
16.67270800
16.68429200
16.74804100
16.71437500
16.68870900
16.68916600
16.68083400
16.57979100
16.72441700
16.62804200
16.77200000
16.73641600
16.59408400
16.72166600
16.72395900
16.62500000
16.73612500
16.66070800
16.67683300
16.64508400
16.71037500
16.64029100
16.76158400
16.66508300
16.63650000
16.74079200
16.72187500
16.81558300
16.48954200
16.70279100
16.65791700
16.71770800
16.71533400
16.62483300
16.69095800
16.60716700
16.68425000
16.64641700
17.06683300
16.31225000
16.79079200
16.66904100
16.67675000
16.64425000
16.76891700
16.62679200
16.66904100
16.75220900
16.59479100
16.68083400
16.69233300
16.66158300
16.67162500
16.74904200
16.60645800
16.67987500
16.74091700
16.64391700
16.72504100
16.71575000
16.61316700
16.67670800
16.79204200
16.64795800
16.64920900
16.87004100
16.58745900
16.65045800
16.69112500
16.69566700
16.66445800
16.69758300
16.59933400
16.72329100
16.64820900
16.64162500
16.77229100
16.70500000
16.64929200
16.68975000
16.68575000
16.70645800
16.60812500
16.68433400
16.70316600
16.62695900
16.77354100
16.66929200
16.72258300
16.55912500
16.70700000
16.75866700
16.74870800
16.59104200
16.72562500
16.71729200
16.60058300
16.75412500
16.78758300
16.54900000
16.66733400
16.66758300
16.67908300
16.72345900
16.63512500
16.66241600
16.83183400
16.54933300
16.67654200
16.73108300
16.65916700
16.71087500
16.71212500
16.61791600
16.71225000
16.64516700
16.73887500
16.67816700
16.71320800
16.62829200
16.67645800
16.64008300
16.81679200
16.59912500
16.67283300
16.66516700
16.81300000
16.58508300
16.71129200
16.70850000
16.55054200
16.83187500
16.61070800
16.70429200
16.62862500
16.69154100
16.79195900
16.63112500
16.66083300
16.67575000
16.67587500
16.66441700
16.75354100
16.66091700
16.66287500
16.68629200
16.73150000
16.66920800
16.60216700
16.77933300
16.69620800
16.59904200
16.73491700
16.66812500
16.63745800
16.69433300
16.71570900
16.65970800
16.74125000
16.61145800
16.66525000
16.69016700
16.72762500
16.64320800
16.68133400
16.73941600
16.64333400
16.73025000
16.66387500
16.74650000
16.64816600
16.61558400
16.72345800
16.72537500
16.93716700
16.52616600
16.72654200
16.52304200
16.64229100
16.66862500
16.65550000
16.74037500
16.67162500
16.80500000
16.50150000
16.84204200
16.55125000
16.85229200
16.48462500
16.81879100
16.58062500
16.78800000
16.69050000
16.55858400
16.71320800
16.66662500
16.74337500
16.70829200
16.63995800
16.68375000
16.69600000
16.65812500
16.73729200
16.71429100
16.62983400
16.65012500
16.63845800
16.83025000
16.73133300
16.66520900
16.69183300
16.48666700
16.69791600
16.78820900
16.70745800
16.72283300
16.62516700
16.71816700
16.79683300
16.55950000
16.69137500
16.63687500
16.78133300
16.58479200
16.61929200
16.80591600
16.67350000
16.72575000
16.68745900
16.61929100
16.62520900
16.73966600
16.71991700
16.68433300
16.66237500
16.68591700
16.66637500
16.64429200
16.58883300
16.84925000
16.66745800
16.65350000
16.67995900
16.71958300
16.55791700
16.78370800
16.65025000
16.76125000
16.51679200
16.76912500
16.61154100
16.77579200
16.66233300
16.75020900
16.64791600
16.63416700
16.73716700
16.63212500
16.69525000
16.72912500
16.52995800
16.82679200
16.70266600
16.51629200
16.82862500
16.74529200
16.65966600
16.66208400
16.66733300
16.69562500
16.73487500
16.66487500
16.58225000
16.73933300
16.69033400
16.65325000
16.82450000
16.56637500
16.76266600
16.53316700
16.73604200
16.61204100
16.73400000
16.61987500
16.66458400
16.73762500
16.67370800
16.69070800
16.69475000
16.63670900
16.67954100
16.79375000
16.68162500
16.69633400
16.77975000
16.59662500
16.63450000
16.71462500
16.67166600
16.63829200
16.79379200
16.58316600
16.71770900
16.66395800
16.69129200
16.61766600
16.85333400
16.56658300
16.72054200
16.66641600
16.89333400
16.57829100
16.71600000
16.67166700
16.65950000
16.68679200
16.70712500
16.60375000
16.80133300
16.64341700
16.66425000
16.62954100
16.79587500
16.57741700
16.71250000
16.75270800
16.58429200
16.64320800
16.71595900
16.78858300
16.61020800
16.67916700
16.67983300
16.71433400
16.58562500
16.73416600
16.67366700
16.72237500
16.67141700
16.66529100
16.71462500
16.66558400
16.75616600
16.63100000
16.78012500
16.66512500
16.62820900
16.78716600
16.61312500
16.62033400
16.75016600
16.48350000
16.75937500
16.65950000
16.65762500
16.72529200
16.59145800
16.74470900
16.70837500
16.61120800
16.71550000
16.71116700
16.61283300
16.75558300
16.72000000
16.62795900
16.66687500
16.85237500
16.58616600
16.68041700
16.63295800
16.62783400
16.82837500
16.62695800
16.64787500
16.69904200
16.73804100
16.63000000
16.65675000
16.66000000
16.65450000
16.68987500
16.74241700
16.63475000
16.75929200
16.71225000
16.57545800
16.79229200
16.66033300
16.64025000
16.72820800
16.69666700
16.62308300
16.74516700
16.69887500
16.51470800
16.78716700
16.69962500
16.77195800
16.62300000
16.72925000
16.61233400
16.72845800
16.59212500
16.78691700
16.60058300
16.70141700
16.72516600
16.64450000
16.63883400
16.75862500
16.53279100
16.78004200
16.69529200
16.58595800
16.76750000
16.70383300
16.62883400
16.67050000
16.75283300
16.66408300
16.63200000
16.74016700
16.68037500
16.63287500
16.73466700
16.68400000
16.65429100
16.70087500
16.65195900
16.68662500
16.63925000
16.77179100
16.56775000
16.74241700
16.65875000
16.72350000
16.67241700
16.75358300
16.60120800
16.76650000
16.60812500
16.69520900
16.70658300
16.73545800
16.58512500
16.75145900
16.69550000
16.62837500
16.63254100
16.79008400
16.63120800
16.77391700
16.67141600
16.63500000
16.65941700
16.72166700
16.64850000
16.73091600
16.65220900
16.66583300
16.71162500
16.62604200
16.73016600
16.72325000
16.61237500
16.72533400
16.70350000
16.64150000
16.69754100
16.65108400
16.70004100
16.76383400
16.60045800
16.63016700
17.08212500
18.67358300
14.45212500
16.75812500
16.39420800
16.92283400
16.78529100
16.66087500
16.61841700
16.91587500
16.51083300
16.59245900
16.74116600
16.58754200
16.66595800
16.73700000
16.46475000
16.75216700
16.78391700
16.68687500
16.52795800
16.86691700
16.51525000
16.92587500
16.64012500
16.54266600
16.58750000
16.81329200
16.64383300
16.75525000
16.66016700
16.65329200
16.71229100
16.60666700
16.79520800
16.69150000
16.72120900
16.48762500
16.71466600
16.62866700
16.80712500
16.70604200
16.62700000
16.80150000
16.52900000
16.63408300
16.78504200
16.62916600
16.69150000
16.75004200
16.54433300
16.77745900
16.73066600
16.54304200
16.75016700
16.73325000
16.59025000
16.89016600
16.60425000
16.53862500
16.83833400
16.61316600
16.70454200
16.62058300
16.63762500
16.67895900
16.83216600
16.73579200
16.64620800
16.68691700
16.66854200
16.80045800
16.41937500
16.81658300
16.74545900
16.75354100
16.60720900
16.49400000
16.99975000
16.47929100
16.80562500
16.66104200
16.65808300
16.50433400
16.89770800
16.65916700
16.65595800
16.67850000
16.68033300
16.69750000
16.70683400
16.70045800
16.67166700
16.70645800
16.48145800
16.66541700
16.77258300
16.82833400
16.45787500
16.71683300
16.77150000
16.57695800
16.69650000
16.87837500
16.74895900
16.50879100
16.86520900
16.64012500
16.58283300
16.79162500
16.65675000
16.72520800
16.65279200
16.64720800
16.70254200
16.69045800
16.67195900
16.68266600
16.58954200
16.79358300
16.61954200
16.70454200
16.66679100
16.65583400
16.74391600
16.67583400
16.59837500
16.75070800
16.69816700
16.65304100
16.73083400
16.61737500
16.67429100
16.64208400
16.76166600
16.66708400
16.71566600
16.66437500
16.63770900
16.54375000
16.87741600
16.65075000
16.71441700
16.64904200
16.70420800
16.68195800
16.73837500
16.62287500
16.76675000
16.66154200
16.67587500
16.64395800
16.67545900
16.68054100
16.67270900
16.74558300
16.66183300
16.64487500
16.75279200
16.58079200
16.70733300
16.67045800
16.66033400
16.58391600
16.66229200
16.86379200
16.68591600
16.51704200
16.65562500
16.89075000
16.50175000
16.84745800
16.73345900
16.55229100
16.77645900
16.69783300
16.60091700
16.71508300
16.68683300
16.62033400
16.73662500
16.73970800
16.58216700
16.67908300
16.76500000
16.57750000
16.72337500
16.68391700
16.67958300
16.68191700
16.69804100
16.60537500
16.72875000
16.70500000
16.71466700
16.66195800
16.65037500
16.72225000
16.68641700
16.69025000
16.70291700
16.59133300
16.65612500
16.71979200
16.68212500
16.64441600
16.73287500
16.65833400
16.64891600
16.66308400
16.71254100
16.72312500
16.70183400
16.67495800
16.65700000
16.67612500
16.65287500
16.79700000
16.58079200
16.75870800
16.63970800
16.62929200
16.72545800
16.67700000
16.70754200
16.65837500
16.71054200
16.64200000
16.69104100
16.70766700
16.70179200
16.66533300
16.66529200
16.73733300
16.63779200
16.76070800
16.63966700
16.73391600
16.60275000
16.77229200
16.59179200
16.70270800
16.76779200
16.63766600
16.68525000
16.65975000
16.65300000
16.76258400
16.57000000
16.68450000
16.70579100
16.70512500
16.69562500
16.64437500
16.62350000
16.69362500
16.67212500
16.75520900
16.69787500
16.59966600
16.68783400
16.68954100
16.65745900
16.76683300
16.69283300
16.62170900
16.67695800
16.70137500
16.66658300
16.67345900
16.73925000
16.60650000
16.74554100
16.68550000
16.63566700
16.73354200
16.81225000
16.66845800
16.63079200
16.72395800
16.59462500
16.66000000
16.76325000
16.74654200
16.64362500
16.66812500
16.60916600
16.68412500
16.69362500
16.63333400
16.80145800
16.57283300
16.80966700
16.75770800
16.58862500
16.66779200
16.64729200
16.70366600
16.74812500
16.66312500
16.69608400
16.67579100
16.70225000
16.61512500
16.72941700
16.60970800
16.63175000
16.86908400
16.63204100
16.67820900
16.64270800
16.73504200
16.72204100
16.65025000
16.69983400
16.62162500
16.70750000
16.71062500
16.54645800
16.81312500
16.70337500
16.65166700
16.67654100
16.70150000
16.54016700
16.84062500
16.62429200
16.75416600
16.68583400
16.59016600
16.73058400
16.64300000
16.68516600
16.74920900
16.60925000
16.63020800
16.71087500
16.77395800
16.67845900
16.60562500
16.62775000
16.77466600
16.61287500
17.07833400
16.48350000
16.56462500
16.64033300
16.76512500
16.66104200
16.66729100
16.69429200
16.66516700
16.70470800
16.67375000
16.72200000
16.59433300
16.78225000
16.66608400
16.64887500
16.68304100
16.72183400
16.88325000
16.50033300
16.66504200
16.68575000
16.65958300
16.68087500
16.69045800
16.71300000
16.66729200
16.65429200
16.64725000
16.70983300
16.72083300
16.66237500
16.62787500
16.64762500
16.77262500
16.53895900
16.74437500
16.74387500
16.71041600
16.85137500
16.63537500
16.48858400
16.80666600
16.95495900
16.54875000
16.72800000
16.56391600
16.53675000
16.78745900
16.77104100
16.59870900
16.75762500
16.62337500
16.66145800
16.73675000
16.66375000
16.73212500
16.75958300
16.50475000
17.00437500
16.38020900
16.69266600
16.89533400
16.51941600
16.62454200
16.77991700
16.57045800
16.80591700
16.61750000
16.69141600
16.62512500
16.72200000
16.64658400
16.78737500
16.70175000
16.70125000
16.55395800
16.70229200
16.67604100
16.62658400
16.79979100
16.56433400
16.71966600
16.81129200
16.53895800
16.80933400
16.69845800
16.52879200
16.73900000
16.74195800
16.58020800
16.76441700
16.70187500
16.64812500
16.68237500
16.69616700
16.70666600
16.73725000
16.53300000
16.61075000
16.69737500
16.56770900
16.87929100
16.64400000
16.66291700
16.80562500
16.58262500
16.51337500
16.81333300
16.77304200
16.59408300
16.74325000
16.67025000
16.67575000
16.69129200
16.66520800
16.84412500
16.53704200
16.65370800
16.96379200
16.42291700
16.59679100
16.70266700
16.76987500
16.57312500
16.70891700
16.70937500
16.64808300
16.73595800
16.63333400
16.67979100
16.71450000
16.65487500
16.67725000
16.70104200
16.72650000
16.61691700
16.76095800
16.64733300
16.64020900
16.73962500
16.63775000
16.63587500
16.73962500
16.69291600
16.61433400
16.77633300
16.70166700
16.58100000
16.89700000
16.72179100
16.54241700
16.79483300
16.65133400
16.58095800
16.69179200
16.69800000
16.60741600
16.77641700
16.52554200
16.72550000
16.72954100
16.68745900
16.66125000
16.75929100
16.65487500
16.79816700
16.76358300
16.69558400
16.82245800
16.35391700
16.58966600
16.82745900
16.65525000
16.71779100
16.59883400
16.73016600
16.60825000
16.70545900
17.18195800
16.24325000
16.71720800
16.68854200
16.60091700
16.68870800
16.73450000
16.68208300
16.62270900
16.74095800
16.66337500
16.63500000
16.74379200
16.63337500
16.71820800
16.65850000
16.62854200
16.78683300
16.66425000
16.64925000
16.72966700
16.70516600
16.58208400
16.72816600
16.70120900
16.61129100
16.88133400
16.58008300
16.64395800
16.69037500
16.65783400
16.71087500
16.71075000
16.64387500
16.61058300
16.80691700
16.60050000
16.72954100
16.68304200
16.70883300
16.67466700
16.64641700
16.72966600
16.65350000
16.71550000
16.61137500
16.72075000
16.69145900
16.68958300
16.67904200
16.70404100
16.66458400
16.65091600
16.73820900
16.56033300
16.78604200
16.67445800
16.59929200
16.76158300
16.68058300
16.69104200
16.95837500
16.41708300
16.64775000
16.80258400
16.58150000
16.65987500
16.74045800
16.67516700
16.73233300
16.66837500
16.68087500
16.56845800
16.75537500
16.68587500
16.59466700
16.74129200
16.63387500
16.65508300
16.73945800
16.69241700
16.68533300
16.62212500
16.81195900
16.60470800
16.60041700
16.80562500
16.67604100
16.71770900
16.67029100
16.66450000
16.57775000
16.77520900
16.66495800
16.72545800
16.71820900
16.61416600
16.59075000
16.75650000
16.72225000
16.67300000
16.57791700
16.80091700
16.55629100
16.70845900
16.84975000
16.58320800
16.62870800
16.85125000
16.63862500
16.77945900
16.62712500
16.65954100
16.65933400
16.63437500
16.86570800
16.58091700
16.69491600
16.64400000
16.54008400
16.75566600
16.75958400
16.77829100
16.55466700
16.83579200
16.44962500
16.63233300
16.85608300
16.57545900
16.70679100
16.79633400
16.48225000
16.78858300
16.75762500
16.49816700
16.87908300
16.64454200
16.53912500
16.81579100
16.61016700
16.62762500
16.76637500
16.66791700
16.71837500
16.66150000
16.64654100
16.63166700
16.79087500
16.77216700
16.65850000
16.69837500
16.66162500
16.59770800
16.77954200
16.70795800
16.48733300
16.87541700
16.71183300
16.63950000
16.69883400
16.51529100
16.85204200
16.66045800
16.67304200
16.54637500
16.83966700
16.69133300
16.63325000
16.67308300
16.81695900
16.56600000
16.65166600
16.67925000
16.65966700
16.74258300
16.52970900
16.76116600
16.69645900
16.67591600
16.59883400
16.87029100
16.50258400
16.66304100
16.77170900
16.67633300
16.70420800
16.70812500
16.57116700
16.68287500
16.81091700
16.64625000
16.70133300
16.74041700
16.59875000
16.60241600
16.79379200
16.68370800
16.79816700
16.79216700
16.61420800
16.55933300
16.80654200
16.60058300
16.68904200
16.57904200
16.87925000
16.59875000
16.69045800
16.47870800
16.84808400
16.63029100
16.79066700
16.60979200
16.67400000
16.71420800
16.74112500
16.67166700
16.61862500
16.73791600
16.60879200
16.72966700
16.70845800
17.01275000
16.42695800
16.58829200
16.53183300
16.82116700
16.73337500
16.53408300
17.06779200
16.44416700
16.56554100
16.85733400
16.62941600
16.57687500
16.88916700
16.55820800
16.74362500
16.66412500
16.66245900
16.79441600
16.66779200
16.65525000
16.66812500
16.53300000
16.76495800
16.68120900
16.67350000
16.59954100
16.78541700
16.59962500
16.76916700
16.63766600
16.67483400
16.69762500
16.62487500
16.65862500
16.74641600
16.64416700
16.68433300
16.69191700
16.69283300
16.64629200
16.68579200
16.68062500
16.62991600
16.76791700
16.61187500
16.69304200
16.72066600
16.64137500
16.68545900
16.70995800
16.62712500
16.68133300
16.76900000
16.62833400
16.69716600
16.74212500
16.61262500
16.71812500
16.63841700
16.66562500
16.86316700
16.57041600
16.65708400
16.65641600
16.68833400
16.66425000
16.73454100
16.67070900
16.65708300
16.69883300
16.70000000
16.69608400
16.65708300
16.72812500
16.59412500
16.68420800
16.67533400
16.79820800
16.69733300
16.67645900
16.65625000
16.65812500
16.65979100
16.68437500
16.66725000
16.77083400
16.66275000
16.67695800
16.61762500
16.73562500
16.71333300
16.67383400
16.61291600
16.76095900
16.63679100
16.62175000
16.72108400
16.69791600
16.64337500
16.75929200
16.64545800
16.70270900
16.63633300
16.72308300
16.65733400
16.72995800
16.65600000
16.65283300
16.81045900
16.55333300
16.71275000
16.65016700
16.67029100
16.69879200
16.73850000
16.71400000
16.62445800
16.74362500
16.59729200
16.72258300
16.62620900
16.71487500
16.66362500
16.70808300
16.69775000
16.65275000
16.74900000
16.62716700
16.71920800
16.66429200
16.70262500
16.67008300
16.73229200
16.72379100
16.56779200
16.74770800
16.70733400
16.69120800
16.59720800
16.68654200
16.72120800
16.68337500
16.65475000
16.68829200
16.67808300
16.66520900
16.80712500
16.54762500
16.73158300
16.65366700
16.69183300
16.64470800
16.76591700
16.60679200
16.72229100
16.65066700
16.70950000
16.71020800
16.68279200
16.64429200
16.70375000
16.65750000
16.67525000
16.77004100
16.63750000
16.68512500
16.67795900
16.71191600
16.68500000
16.65362500
16.67325000
16.76770900
16.76520800
16.56908300
16.70341700
16.71791700
16.58612500
16.71129100
16.70816700
16.65058300
16.70341700
16.68779200
16.70383300
16.72420800
16.65470900
16.70062500
16.71691600
16.75391700
16.87212500
16.49970800
17.00854200
24.24062500
12.56050000
12.81400000
16.59020800
16.70462500
16.65925000
16.62100000
16.75866700
16.70354200
16.68550000
16.66825000
16.62970800
16.79191700
16.64216600
16.74529200
16.64645800
16.63216700
16.62733300
16.74241700
16.66600000
16.65395800
16.66716700
16.72254200
16.67625000
16.70804100
16.67925000
16.62687500
16.71129200
16.74254200
16.61170800
16.73012500
16.82716700
16.61100000
16.72816600
16.67650000
16.62545900
16.74408300
16.63408300
16.63783400
16.72583300
16.65466700
16.67004100
16.72150000
16.69591700
16.62483300
16.73912500
16.67412500
16.67129200
16.79050000
16.60850000
16.65508300
16.69745900
16.72625000
16.64862500
16.66183300
16.59604200
16.79095800
16.72195800
16.73337500
16.48958400
16.74954100
16.86845900
16.67566600
16.64937500
17.12516700
16.29716700
16.76441600
16.76641700
16.56637500
16.65133300
16.56095900
16.72662500
16.70404100
16.63725000
16.82441700
16.56037500
16.68383300
16.64033400
16.65912500
16.76279100
16.71800000
16.63354200
16.67170800
16.66212500
16.76512500
16.61379200
16.73508300
16.60670900
16.70995800
16.69150000
16.72387500
16.62295800
16.72050000
16.69762500
16.59779200
16.76695800
16.64804200
16.80837500
16.56458300
16.68979200
16.66066700
16.72354100
16.66850000
16.73279200
16.60025000
16.70158300
16.67741700
16.70383300
16.71570900
16.71979100
16.58700000
16.73233400
16.63312500
16.69475000
16.64445800
16.87545800
16.61395900
16.62233300
16.68983300
16.58354200
16.79054200
16.71220800
16.64616700
16.61308300
16.58612500
16.65945800
16.78120900
16.77470800
16.66537500
16.62616700
16.71958300
16.78479200
16.51316600
16.73916700
16.68016700
16.57620800
16.79150000
16.69391700
16.64325000
16.72262500
16.70291600
16.67808400
16.63658300
16.75175000
16.58916700
16.72037500
16.67945800
16.57083300
16.82191700
16.64125000
16.72912500
16.59350000
16.67454200
16.73895800
16.66804200
16.71391600
16.69866700
16.65191700
16.63620800
16.77137500
16.63408300
16.69650000
16.76466700
16.56700000
16.72562500
16.68754200
16.68162500
16.62570800
16.73558300
16.70954200
16.58766700
16.75916600
16.64500000
16.66233400
16.73112500
16.74533300
16.69445800
16.57204200
16.74479200
16.59695800
16.74279200
16.69750000
16.63683300
16.68950000
16.59704200
16.78245800
16.67179200
16.65570800
16.79812500
16.62250000
16.71454200
16.59341600
16.74312500
16.66895900
16.63645800
16.72491700
16.74475000
16.64208300
16.70304200
16.64579100
16.60062500
16.79283400
16.66129100
16.68916700
16.63008300
16.74837500
16.70329200
16.65087500
16.68987500
16.68358300
16.69937500
16.61904200
16.68750000
16.63708300
16.86741700
16.64533300
16.60933400
16.70916600
16.61879200
16.75533300
16.65087500
16.70645900
16.66420800
16.60716700
16.76970800
16.68779200
16.68466600
16.65470900
16.70775000
16.66262500
16.72212500
16.67450000
16.62158300
16.68941700
16.72820800
16.63687500
16.77179200
16.64983300
16.61291700
16.73883300
16.70929200
16.58545800
16.71479200
16.72687500
16.65700000
16.71370800
16.70458300
16.61129200
16.68845800
16.70325000
16.58683400
16.76295800
16.67004200
16.61275000
16.73245800
16.72208300
16.64816700
16.66879200
16.69654100
16.69104200
16.71070800
16.64141700
16.68775000
16.68162500
16.68683300
16.67179200
16.72233300
16.63079200
16.71379200
16.67708300
16.64229200
16.74520800
16.60070800
16.72950000
16.69362500
16.62683400
16.76620800
16.79041700
16.70470800
16.65408300
16.67804200
16.51804200
16.88825000
16.58983300
16.72250000
16.66450000
16.64266700
16.57150000
16.82991600
16.65687500
16.72312500
16.57654200
16.76762500
16.57104200
16.78566600
16.81000000
16.55120900
16.55920800
16.82920800
16.77875000
16.64666700
16.72920800
16.72816700
16.47854200
16.76954100
16.76645900
16.84279100
16.54400000
16.42662500
16.77637500
16.60716700
16.85191700
16.72766600
16.62545900
16.72004100
16.56262500
16.59120900
16.87720800
16.62454200
16.57225000
16.69400000
16.84654100
16.64645900
16.52562500
16.77587500
16.71058300
16.55179200
16.83487500
16.70266600
16.52516700
16.67162500
16.77854200
16.64533300
16.70733300
16.66166700
16.61729200
16.71637500
16.82587500
16.72012500
16.65679100
16.72875000
16.63445900
16.77575000
16.42970800
16.66612500
16.82358300
16.59783400
16.73145800
16.57729200
16.82233300
16.69745800
16.54270900
16.83462500
16.57641600
16.62587500
16.83108400
16.66483300
16.67454200
16.62266600
16.68450000
16.71520900
16.68862500
16.76837500
16.61829100
16.74733400
16.54583300
17.08220800
16.23437500
16.84991700
16.52808300
16.67975000
16.73825000
16.72945900
16.64708300
16.71316700
16.60670800
16.83129200
16.61283300
16.69933300
16.67304200
16.61329200
16.73329100
16.81295900
16.55229100
16.62470900
16.73833300
16.65800000
16.68833300
16.71962500
16.69487500
16.59295900
16.75929100
16.65650000
16.68508400
16.62629100
16.72812500
16.65412500
16.68375000
16.66979200
16.76516700
16.73154100
16.55170900
16.77708300
16.68862500
16.56225000
16.69629200
16.70133300
16.69295800
16.79954200
16.55962500
16.69929200
16.75937500
16.60179100
16.73975000
16.66270900
16.77595800
16.66229200
16.54358300
16.71070800
16.74870900
16.60800000
16.74141600
16.60187500
16.72929200
16.71816700
16.68345800
16.75466700
16.60816600
16.64979200
16.67204200
16.71525000
16.67683300
16.74720800
16.70345900
16.58016600
16.74066700
16.66987500
16.78108300
16.53816700
16.64991700
16.75687500
16.73166600
16.70216700
16.60537500
16.61875000
16.72716700
16.68754100
16.73162500
16.72825000
16.65933400
16.57329100
16.77800000
16.64191700
16.66475000
16.73179200
16.67850000
16.61983300
16.74579200
16.71395800
16.56816700
16.75716600
16.67725000
16.69683400
16.66745800
16.68737500
16.75362500
16.55433300
16.69745900
16.67000000
16.67958300
16.68362500
16.66804200
16.70079100
16.67975000
16.68250000
16.70658400
16.66329100
16.66783400
16.70454100
16.69229200
16.66854200
16.69216600
16.67154200
16.69087500
16.68433300
17.08162500
16.37333400
16.78525000
16.50758300
16.80375000
16.60158300
16.64512500
16.69925000
16.66983400
16.67691600
16.69070900
16.74916600
16.73025000
16.69533400
16.52929100
16.84441700
16.69329200
16.60025000
16.71325000
16.62558300
16.72420800
16.60750000
16.75016700
16.74125000
16.54475000
16.76537500
16.71233300
16.62704200
16.78587500
16.60945800
16.68558400
16.70304100
16.72829200
16.60762500
16.67000000
16.71908300
16.62395900
16.69808300
16.68045800
16.67370900
16.71366600
16.70758400
16.58441600
16.72275000
16.82808400
16.54037500
16.66554100
16.77012500
16.65308400
16.87650000
16.57900000
16.55495800
16.64516700
16.76745800
16.68104200
16.67570800
16.72887500
16.60204200
16.65937500
16.75775000
17.16337500
16.18587500
16.77100000
16.59779100
16.65820900
16.79720800
16.60383300
16.68745900
16.74116600
16.67912500
16.62133400
16.66320800
16.68275000
16.72458300
16.61095900
16.72783300
16.70016700
16.75087500
16.56929100
16.78220900
16.56166600
16.76241700
16.74054200
16.59470800
16.65212500
16.68816700
16.71637500
16.68291600
16.65037500
16.66754200
16.68341700
16.69658300
16.73537500
16.61695800
16.82950000
16.60954200
16.61491700
16.73283300
16.61075000
16.83170800
16.72550000
16.68266700
16.60537500
16.67766700
16.62720800
16.73145800
16.74545900
16.61229100
16.79587500
16.66345900
16.70487500
16.62587500
16.63712500
16.74904100
16.68400000
16.72450000
16.70579200
16.60745800
16.65041700
16.71187500
16.76337500
16.48850000
16.83216700
16.72395800
16.68462500
16.55120800
16.70858400
16.73262500
16.69025000
16.73133300
16.60833300
16.69762500
16.64775000
16.60370900
16.75220800
16.65670800
16.70216700
16.66700000
16.72966700
16.68316600
16.70683400
16.60100000
16.66945800
16.71737500
16.67350000
16.66520800
16.66629200
16.81204200
16.58562500
16.74537500
16.58754100
16.75504200
16.66416700
16.61991600
16.75958400
16.66720800
16.67562500
16.68866700
16.72358300
16.62416700
16.74270800
16.64958300
16.61341700
16.70937500
16.75837500
16.61433300
16.74412500
16.67941700
16.76337500
16.58037500
16.76512500
16.59887500
16.72583300
16.68658400
16.52929100
16.82120900
16.73170800
16.49233300
16.88037500
16.68387500
16.73041700
16.59187500
16.63741700
16.78866600
16.68145900
16.68420800
16.67237500
16.63275000
16.70670800
16.66941700
16.69220800
16.74050000
16.55737500
16.79629200
16.67520800
16.75866700
16.67750000
16.82395800
16.52920900
16.62383300
16.66662500
16.66750000
16.70008300
16.64625000
16.64695900
16.81616600
16.72150000
16.61820900
16.70850000
16.58887500
16.65275000
16.71762500
16.71512500
16.70208300
16.62270800
16.76908400
16.70275000
16.65283300
16.62325000
16.74279200
16.69245800
16.68570800
16.59812500
16.65366700
16.83958300
16.67279200
16.59991700
16.62404100
16.66704200
17.28883300
16.32912500
16.69620900
16.65141600
16.58379200
16.65166700
16.71658300
16.59675000
16.73133300
16.67812500
16.77366700
16.76120800
16.55829200
16.62304200
16.62791600
16.66391700
16.75337500
16.60516700
16.69312500
16.72700000
16.64962500
16.71804100
16.66779200
16.72212500
16.55620800
16.74729200
16.76241700
16.63037500
16.68891600
16.69641700
16.70450000
16.64137500
16.71904200
16.76695800
16.61941700
16.59641600
16.65966700
16.66729200
16.75637500
16.66212500
16.66008300
16.68495800
16.70466700
16.68025000
16.66254200
16.73858300
16.64766700
16.66687500
16.63595800
16.71637500
16.67887500
16.73308300
16.62291700
16.67862500
16.73262500
16.68991700
16.65116600
16.68812500
16.66166700
16.68925000
16.85841700
16.54741600
16.67262500
16.68104200
16.68112500
16.65495800
16.66487500
16.78641700
16.70470800
16.54083400
16.75504100
16.79437500
16.57954200
16.74716700
16.58875000
16.72783300
16.67175000
16.71250000
16.61400000
16.70662500
16.68683300
16.75350000
16.61533400
16.72325000
16.61900000
16.70025000
16.71133300
16.63883300
16.68562500
16.76175000
16.64604200
16.64779200
16.73800000
16.60341600
16.75054200
16.64658300
16.71204200
16.68866700
16.67487500
16.68425000
16.70595800
16.67166700
16.68520800
16.65583300
16.76262500
16.61204200
16.67233300
16.74291700
16.60183300
16.66150000
16.72766700
16.70854200
16.57600000
16.84400000
16.55875000
16.75029100
16.70533400
16.64191600
16.72329200
16.63158300
16.75470900
18.82150000
15.03087500
16.60479100
16.64062500
16.38762500
45.42458400
14.76633300
13.44675000
19.18083300
13.57145900
14.58020800
12.31145800
13.01950000
11.77754200
11.63562500
13.68620800
16.65833400
16.67375000
16.69562500
16.73166600
16.68241700
16.71170800
16.58825000
16.71887500
16.69950000
16.59695900
16.74541600
16.69516700
16.63566700
16.68279100
16.75558400
16.58641600
16.82345900
16.62366600
16.62766700
16.68495800
16.66154200
16.74383300
16.66533400
16.75279100
16.54383400
16.75025000
16.72625000
16.60587500
16.77166600
16.68712500
16.63208400
16.70300000
16.62933300
16.64866700
16.77645800
16.67216700
16.66704100
16.77550000
16.63804200
16.55791700
16.76362500
16.78445800
16.60141700
16.65270800
16.75950000
16.55412500
16.80004200
16.74004100
16.58441700
16.61441700
16.75162500
16.72550000
16.73287500
16.64479100
16.82162500
16.54858400
16.79412500
18.81283300
14.64908300
16.61695900
16.42500000
16.84720800
16.51270800
16.79425000
16.65341700
16.65416700
16.78050000
16.52037500
16.66758300
16.74312500
16.64850000
16.67170800
16.68575000
16.68129200
16.68904200
16.69416600
16.66920900
16.68300000
16.72229100
16.66979200
16.64495800
16.69462500
16.66933400
16.74620800
16.71066700
16.61637500
16.66387500
16.69725000
16.67850000
16.68104100
16.70025000
16.72458400
16.82041600
16.69095900
16.64875000
16.64566600
16.56550000
16.76525000
16.69129200
16.59716700
16.81216600
16.77866700
16.49683300
16.76116700
16.64033300
16.71387500
16.68708400
16.63779100
16.74054200
16.64058300
16.59362500
16.73870900
16.75537500
16.62004100
16.70808400
16.69791600
16.66841700
16.74420800
16.62495900
16.68075000
16.62600000
16.69012500
16.68812500
16.71133300
16.73391700
16.62312500
16.80587500
16.60283300
16.61766700
16.69737500
16.76304100
16.58058400
16.67337500
16.77037500
16.63200000
16.69083300
16.71558300
16.71562500
16.68137500
16.72820900
16.64837500
16.63245800
16.76766700
16.65608300
16.65812500
16.74604200
16.65537500
16.62679100
16.70041700
16.65637500
16.74262500
16.66158300
16.69316700
16.71650000
16.61970800
16.61454200
16.89095800
16.56920900
16.94420800
16.68504200
16.60687500
16.51925000
16.79087500
16.64983300
16.70504200
16.61620800
16.69970800
16.65000000
16.76704200
16.62158300
16.68975000
16.63433400
16.74487500
16.62883300
16.75629200
16.64400000
16.59958300
16.78041700
16.62779100
16.69991700
16.70587500
16.68387500
16.50237500
16.73358300
16.68879200
16.69350000
16.64475000
16.85770800
16.62620900
16.70141600
16.70858400
16.61500000
16.73916600
16.60908400
16.64579100
16.66133400
16.74850000
16.63970800
16.75512500
16.64200000
16.65141700
16.67950000
16.70412500
16.69633300
16.77187500
16.60329200
16.70158300
16.64654200
16.70958300
16.73804200
16.60770800
16.72883300
16.70854200
16.68379200
16.62570800
16.66987500
16.71108300
16.65366700
16.75783300
16.67212500
16.59791700
16.76533300
16.68837500
16.74633400
16.54095800
16.69770800
16.67425000
16.73766700
16.59270800
16.74533400
16.78816600
16.54962500
16.70195900
16.62945800
16.68916700
16.70900000
16.78708300
16.63362500
16.62954200
16.73170800
16.62820800
16.67233400
16.69920800
16.68108300
16.71004200
16.71087500
16.66283300
16.72900000
16.58412500
16.68579200
16.66666700
16.70645800
16.76633300
16.57562500
16.71454200
16.65558300
16.70791700
16.63833300
16.92837500
16.51075000
16.62550000
16.75279200
16.66150000
16.68000000
16.71087500
16.61745800
16.69041700
16.73662500
16.59754200
16.70837500
16.67583300
16.70512500
16.73462500
16.65354200
16.67891600
16.61754200
16.77500000
16.61116700
16.76216600
16.65558400
16.61737500
16.67829100
16.74445900
16.72708300
16.70354200
16.69325000
16.63737500
16.63237500
16.77704100
16.67604200
16.60512500
16.74829200
16.67716600
16.59529200
16.71791700
16.67516600
16.69937500
16.67487500
16.74508400
16.62991600
16.89645900
16.43491600
16.72275000
16.69375000
16.60433400
16.73779100
16.64350000
16.70775000
16.66475000
16.66762500
16.69250000
16.68208400
16.68158300
16.68329200
16.71850000
16.70437500
16.70820800
16.68137500
16.63079200
16.67658300
16.69879200
16.64662500
16.67516600
16.74062500
16.66408400
16.65654100
16.69337500
16.67404200
16.69162500
16.70912500
16.66650000
16.66479200
16.75758300
16.61429200
16.77529100
16.70225000
16.71412500
16.65687500
16.58845900
16.79645800
16.64162500
16.64670800
16.70245900
16.69404100
16.63000000
16.72200000
16.70000000
16.67158400
16.68662500
16.65912500
16.71883300
16.59612500
16.76216700
16.67929100
16.67487500
16.63854200
16.73033300
16.70245900
16.66662500
16.69520800
16.69587500
16.63270800
16.65766700
16.75320800
16.70708400
16.62687500
16.67500000
16.77412500
16.60808300
16.63070800
16.72020900
16.74225000
16.68416600
16.65262500
16.70162500
16.72754200
16.68666700
16.60520800
16.80462500
16.64683300
16.71712500
16.75145900
16.56445800
16.66466700
16.67883300
16.69391700
16.66191600
16.66862500
16.79333400
16.62504100
16.71870900
16.59533300
16.79041700
16.66125000
17.14558300
16.37920800
17.11812500
16.57312500
16.32737500
16.83866700
16.97008300
16.76737500
16.54025000
16.87312500
16.03691700
16.49229200
16.88016600
16.46558400
17.06537500
16.53379100
16.68191700
16.66516700
16.65366600
16.70700000
17.15912500
16.16762500
16.68129200
16.66554200
16.66133300
16.70600000
16.69012500
16.56245800
16.64341700
16.78320800
16.76441700
16.67395800
16.59975000
