19.02400000
18.89450000
19.06016600
18.81220900
21.39562500
21.30512500
21.56083300
22.38529200
20.18529100
23.22350000
22.41733400
22.45637500
22.57233300
23.90600000
22.01137500
21.98183300
21.58791700
21.56412500
21.75425000
21.56041700
21.53654100
21.65037500
21.32187500
20.76487500
20.62750000
20.80141700
20.72404200
21.12745800
20.72600000
20.86320800
21.30425000
20.69337500
20.69233400
21.98625000
21.68254100
21.94350000
21.82404200
21.89291700
21.82541600
22.50704200
21.76629200
21.95650000
21.99720800
22.08304200
21.69270800
21.70966700
21.93866600
21.92654200
21.83650000
21.79791700
21.51262500
21.59516600
21.66166700
21.70670800
21.64495900
21.50204100
21.64408400
21.64675000
21.53387500
21.38870800
21.49691700
21.53208300
21.72666700
23.46170800
21.99450000
21.79983300
21.94354200
21.49133300
21.19400000
21.19708400
20.69958300
20.94654200
21.01912500
20.86225000
20.58750000
21.30004100
21.46387500
21.15145900
21.22333300
22.51858300
22.14816700
21.81250000
22.99662500
21.81004200
20.87558300
22.25829200
21.37129100
21.39516700
21.38587500
20.95108300
20.68791700
21.20675000
21.16904200
20.76429100
21.06429200
20.95895800
20.79200000
20.90325000
20.62425000
21.10479200
20.75708300
20.76166700
20.58000000
20.69712500
21.01925000
21.40312500
20.50895800
20.88804200
20.82658300
20.75875000
20.49616700
20.70083300
20.83458400
20.83079100
20.95904200
21.37316700
20.80841600
20.24741700
20.72183300
20.74012500
20.76729200
20.58841700
20.62562500
21.03637500
21.51941600
20.60637500
20.90262500
20.85154200
20.57825000
20.41770800
20.49029200
20.62008300
20.69325000
21.46191700
21.12812500
21.15104200
21.09566600
20.65066700
21.05004200
20.85775000
21.00404100
20.96379200
20.79908300
20.92950000
21.05533400
20.79733300
20.64233300
21.18179200
20.95833300
20.70291700
20.85487500
20.98583300
20.65162500
20.71679200
21.02558300
20.94662500
21.19712500
21.16337500
20.94825000
20.86479200
21.03862500
20.85620800
21.32104200
20.98462500
20.67154200
21.09583300
20.97712500
21.36166700
21.13691600
20.96608400
20.79275000
21.17745800
21.55954200
21.41887500
20.32154100
19.80233400
19.97891600
19.92183400
20.09529100
19.28962500
19.60266700
20.93812500
20.42516700
20.10970800
19.71445800
19.73216700
19.78316700
19.85812500
19.79695800
19.99137500
19.64625000
19.65220800
19.52183400
19.68562500
20.21804100
19.82954200
20.29195800
19.97862500
19.76141700
20.16475000
20.72575000
21.57337500
21.22112500
21.00108300
21.10562500
21.09554200
20.93966700
22.32883300
21.73420800
21.32779200
20.77862500
22.04879200
21.43433300
21.79300000
20.96179200
20.94045800
20.92679200
21.39862500
21.35754100
21.10266700
20.99491700
21.41808300
20.74729200
21.37354100
20.79520900
21.17016600
22.24683400
20.99520800
21.64091700
22.03662500
20.96475000
21.02829100
20.92500000
20.59879200
20.69087500
20.71112500
20.99154200
20.52408300
20.01966700
21.29116600
20.86791700
20.75308300
20.80995900
21.09316600
19.90929200
21.24845800
20.96650000
21.07504200
21.34816700
20.91325000
20.17579100
21.91741700
21.73275000
20.78933300
21.30741700
21.14266700
20.84791600
20.45550000
21.03637500
20.21204200
20.96895800
20.91195900
20.48841600
20.45575000
21.76775000
20.84500000
21.16841700
20.93433300
20.96908400
19.95216600
21.82995900
20.87662500
20.73958300
20.86191700
20.84779100
20.76083400
20.89308300
21.55741700
20.73075000
20.94983300
20.59716700
20.43941600
20.92170900
20.62087500
20.85058300
20.92995800
20.61862500
20.74220900
20.68500000
20.45595800
20.42087500
20.80412500
19.65904200
21.96112500
20.66845800
19.95879200
21.48345800
20.55025000
19.66220800
21.63337500
20.90108400
20.28812500
20.40520800
20.37241700
20.36141600
20.72100000
20.22200000
20.51079200
20.53333300
20.63758400
20.65529100
20.64004200
26.31041700
24.37500000
24.99225000
21.43500000
23.19583300
22.49400000
21.92258300
21.51433400
21.06804100
20.88337500
20.95312500
20.99616700
21.56391700
20.43579100
20.62083400
20.85204100
20.99362500
21.73379200
20.51004200
20.23895800
21.57116700
20.66891600
19.82200000
23.06566700
20.37254200
19.44920800
20.67691700
19.89304100
18.58679200
21.63408300
20.04608400
19.69308300
20.21691700
19.76883300
19.50595800
19.63954200
19.48908300
19.55587500
19.56575000
19.58166700
19.58808300
19.00733400
20.00470800
19.70854200
19.49779100
19.42700000
19.49133400
19.84608300
19.12670800
19.49204200
19.02908300
21.28975000
20.61883400
21.59620800
20.78570800
20.98520900
20.05550000
21.01412500
20.65341600
20.87208400
20.24450000
21.34533300
21.17366700
20.48187500
20.63104100
20.78354200
20.75187500
20.87675000
20.36429200
21.48866600
21.11808400
20.70375000
20.75666600
20.42504200
20.16137500
21.10295800
20.12941700
21.56000000
20.77241700
20.66833300
20.81762500
20.59179200
19.98945800
21.50387500
20.50125000
20.40500000
20.79725000
20.56158300
20.33995900
20.92050000
20.52362500
20.76445800
20.34912500
20.47208300
20.69950000
20.43079200
20.65754200
20.47216600
20.52066700
20.45695800
20.41783400
20.96129100
20.62445900
20.57366600
20.53083400
21.18808300
21.18708300
20.96137500
20.37491700
20.49604200
21.24670800
19.89591700
21.47370800
20.76854200
19.85758300
22.35141700
20.93912500
20.16283300
21.52166700
20.93233300
20.74958300
20.76579200
20.77333300
20.37629200
20.73079200
20.74929100
20.42062500
19.88341700
21.56087500
20.43491700
20.57779100
21.00650000
20.49750000
20.93370900
20.43920800
20.34920800
20.43900000
20.60987500
20.43308400
20.67033300
20.57550000
20.46341700
19.80783300
21.43629200
20.42941600
20.82533400
19.91525000
21.29304100
20.52566700
20.62745800
20.60795900
20.56420800
20.20558300
20.44916700
20.51650000
20.84537500
20.53258300
20.62320900
21.44858300
20.48341700
19.93754100
21.59987500
20.78716700
20.51741700
20.78195800
20.79483300
20.11166700
21.29791700
20.40991600
21.41391700
21.35654200
20.92408300
20.54550000
20.67016700
19.57337500
21.88770800
20.82983300
20.83675000
20.69175000
20.94762500
19.84108400
21.82454100
20.71275000
20.76087500
20.67812500
20.36854200
20.66937500
21.01466700
20.64620800
20.31587500
20.69487500
20.73237500
20.53337500
19.91158300
21.34325000
21.38291700
20.62479200
21.68312500
20.11550000
19.52608300
20.31629200
19.59733300
19.62766700
19.88425000
19.81958300
19.49433300
19.57004200
20.58833300
19.52183400
19.81054100
19.76200000
19.83258400
19.41437500
19.93358300
19.72908300
19.63308400
19.82287500
19.61458300
19.80666700
19.70833300
19.63720800
19.67291700
19.68895800
20.62316700
20.62000000
20.70770800
20.10825000
20.76841700
20.88075000
20.54975000
20.35683300
21.41670900
20.93016600
22.21758400
20.95041600
20.31970900
20.41929100
20.35408400
20.33562500
20.80820800
20.53033300
20.35625000
20.17995900
20.74608300
20.74529200
22.11325000
23.77825000
22.32312500
21.31429100
21.33062500
20.98108400
21.44766600
21.53495900
21.03916600
20.81962500
22.25712500
21.71504200
21.04587500
21.41475000
20.97175000
20.83550000
21.30029200
21.26408300
21.10770800
20.84770900
21.16862500
21.00100000
21.18429100
20.80908400
20.71608300
21.18408300
21.58112500
21.09820900
20.95800000
21.08616600
20.82508400
20.89258300
20.64387500
21.02075000
20.92658300
21.36733400
20.78391600
21.02966700
21.20495800
21.03154200
21.20729200
21.10679100
20.80020900
20.83000000
20.67758300
21.19266700
20.67304100
20.45879200
21.05858300
21.41166700
20.91695800
21.13854200
21.32166700
20.71908300
21.22420800
21.02795900
20.72729100
21.23858400
22.32062500
20.95516600
20.82575000
20.88770900
21.07804100
20.81625000
20.84741700
21.38516700
20.98637500
20.75125000
21.01445800
20.72412500
20.71525000
21.16500000
20.92445800
20.96095900
20.74925000
20.62012500
21.14337500
21.03612500
20.82312500
20.80391600
20.77645900
20.76437500
20.69745800
20.83920800
21.14887500
20.90525000
20.84016700
21.30512500
20.62791700
20.55620800
20.68000000
20.57895800
21.00054200
21.16020800
21.96925000
21.36170900
20.87137500
21.83741600
21.05754200
20.82737500
21.88337500
21.85441700
21.67075000
21.48354100
21.03683400
22.32104100
21.33879200
20.80379200
20.64325000
20.42841600
22.09779200
21.56716700
21.15616600
21.20370900
21.60350000
20.24312500
20.53541600
20.68150000
20.05050000
20.28537500
20.13595900
20.03408300
20.03554200
21.36325000
21.91979100
21.21858400
21.94000000
24.04008300
23.12358300
21.94545900
21.46637500
21.74287500
22.55162500
22.40029100
22.71591700
21.15970800
22.06562500
21.91670900
21.30637500
20.24204100
21.26945900
21.64625000
21.38083300
21.28683300
21.21754200
21.36516700
20.94300000
21.09441600
20.94587500
21.29816700
20.63050000
21.00033300
22.14875000
21.36470900
21.15420800
21.01045800
21.42312500
21.46241700
20.98754200
21.26158300
21.07645800
21.10966700
21.15295800
21.07466700
21.03033300
21.26658400
21.44912500
21.24920800
21.04354200
21.11200000
20.78250000
20.86662500
21.01104100
20.86895900
21.36787500
20.75275000
20.76391600
20.85137500
20.60029200
20.73454200
20.28329100
20.93729200
20.68687500
20.72179200
20.58020800
20.79029200
20.63737500
20.43695800
20.23583300
20.38229200
20.26595800
20.84783400
20.38354100
20.18375000
20.35741700
20.41116700
20.68175000
20.56954100
20.38091700
20.21141700
21.06783300
21.51995800
20.98683400
20.85920800
20.57116700
20.74575000
20.52541600
20.70104200
20.74112500
20.62187500
20.27762500
20.44804200
20.28283300
20.54833300
20.26579200
20.31470800
20.54629200
20.41433300
20.02854200
20.15916700
20.25704100
20.26420900
20.13208300
20.33841700
20.07020800
21.03816700
21.99883300
21.82158300
21.07366700
20.32041700
20.22475000
20.89708300
20.56825000
20.32345800
20.19720900
20.18520800
20.58358300
20.58879200
19.81025000
20.07916700
20.65550000
20.07129100
20.42212500
20.03116700
20.24412500
20.07812500
20.34654200
19.94750000
20.13412500
20.76633300
20.15212500
20.20437500
20.19783300
20.19433400
20.00287500
19.79845800
20.01766700
20.26825000
19.80875000
19.82395800
20.25837500
20.47295800
20.20454200
19.97154200
19.97479100
19.97862500
20.38787500
20.10466700
19.82091700
21.47137500
20.09745800
20.49862500
19.98108300
20.17129200
19.80345800
19.66933400
19.84841600
20.08937500
20.22595900
19.87516600
20.85466700
20.17991700
20.23158300
22.45600000
20.01141700
19.41383300
19.17650000
19.06008300
18.94954200
19.04145800
19.66887500
18.93158400
18.99925000
18.83870800
18.88562500
18.76400000
19.18016700
19.10550000
18.78775000
19.53604100
20.24375000
19.15366700
18.85937500
18.84204200
18.75566600
18.89183400
19.26391600
19.44516700
19.24062500
19.33537500
18.92012500
18.75462500
19.21412500
20.11220800
19.47329200
20.01541700
19.57304100
19.63066700
19.49608300
19.21358400
19.53804100
21.04495900
20.50433300
21.79054200
20.54058300
21.35983300
19.79041700
19.90800000
19.94254200
19.40166600
19.48320900
19.35304100
19.84054200
19.65887500
19.71391700
19.56975000
19.94958300
19.55016700
19.40187500
19.62216600
19.76241700
20.33341700
19.57258300
19.42887500
19.87816700
20.77733300
19.45833300
19.55129200
19.67879200
19.39079100
20.61050000
19.92770900
19.44437500
19.59712500
19.44683300
19.52541700
19.45891600
19.46095900
19.50800000
19.24183300
19.39979200
19.69758300
19.77820800
19.49125000
19.29012500
19.61862500
19.60275000
19.54979200
19.15770800
19.30558400
19.78558300
19.45495800
19.43050000
20.02554200
19.90966700
20.49962500
19.49408300
19.49558300
19.06529200
19.31004200
19.28729100
19.07970900
18.68616600
18.71037500
18.95683400
19.15354100
19.05579200
19.45250000
19.04725000
19.00441700
19.25845800
19.12254200
19.68583300
19.15254200
19.19333300
19.12304200
19.06808300
19.11829200
18.81812500
18.85470800
18.89975000
19.50383300
19.53312500
18.93775000
18.69945900
19.56200000
19.04129100
19.22054200
19.21329200
19.34258300
19.23470800
18.86400000
18.84904200
19.38466700
18.89766600
19.16779200
18.91962500
19.20783300
19.02566700
19.09700000
18.80879200
19.24316600
19.04970900
18.78075000
19.08491600
18.95895900
18.69879100
18.73408400
18.66700000
18.62308300
18.80025000
18.68533300
18.66691700
18.70333300
18.72395900
18.67337500
18.57508300
18.63554200
18.90825000
18.82562500
18.79820800
18.66116700
18.78033300
18.83583300
18.28508400
19.07070800
18.86150000
18.59487500
18.57716700
18.97308300
18.66566700
18.67737500
18.48987500
18.82391600
19.34187500
18.89479200
18.95650000
19.13816700
18.69879100
18.69275000
18.69787500
18.67012500
20.19633400
19.06283300
17.82550000
17.72412500
17.74316700
17.86620800
17.51500000
17.61391700
17.50212500
17.62033300
17.42308300
17.50758400
17.43208300
17.52829200
17.34100000
17.55154100
17.46737500
17.26241700
17.40600000
17.46325000
17.81387500
17.63916700
17.30637500
17.35741600
17.38370900
17.53391600
17.28820900
17.68483300
17.53137500
17.36275000
17.12537500
17.53891700
18.32629100
18.41200000
18.75366700
18.34687500
19.13191700
18.65766600
19.89858400
18.81983300
18.58233300
18.49808400
18.31529100
18.91208400
18.26425000
18.44387500
18.61470800
18.18766700
19.30625000
20.42654100
18.77791700
19.28212500
19.01900000
19.55250000
18.62875000
18.60645800
18.68862500
18.79425000
18.32366700
18.53870800
18.24091700
18.54504200
18.08858300
18.09066700
17.99070800
18.02529200
17.89162500
17.93266600
17.74225000
17.93383400
18.39833300
18.05466700
17.85279100
17.97962500
17.78979200
19.22462500
18.70279200
18.43766600
18.60395900
18.83937500
18.34670800
18.41750000
18.73020800
18.36079200
18.27475000
18.14504200
18.18679100
17.93575000
18.03245900
17.84095800
17.72758300
18.18133400
18.47737500
17.83775000
18.27470800
17.81208300
17.82062500
17.92775000
18.16570900
18.11275000
17.58608300
17.65504200
18.66712500
18.21800000
18.38062500
18.56508300
17.95062500
19.46300000
18.11733300
17.94575000
18.33591700
18.79875000
18.79966700
18.92150000
18.57904100
18.81591700
18.48691700
18.29245800
17.73245800
18.97570900
18.32050000
18.29183300
18.02979200
18.01250000
17.61137500
17.64108300
17.75566700
18.43250000
18.25587500
18.58733300
18.71729200
18.05562500
18.04512500
18.26104100
18.10925000
18.21020900
17.88975000
18.13479100
18.33708400
18.54187500
17.65483300
17.50754200
17.68200000
17.49037500
18.11629100
17.47029200
17.63825000
18.07883300
17.55879200
17.60670800
17.53820900
17.83904100
17.79954200
17.75079200
17.77237500
17.61941600
17.54812500
17.77491700
17.35550000
17.54762500
17.60287500
17.39862500
17.80187500
17.39333300
17.38983400
17.05504100
17.69983400
17.42583300
17.64041700
17.50666600
17.50225000
17.49816700
17.28291700
17.15654100
16.85362500
17.00695900
17.79900000
17.21058300
17.24700000
17.14745800
16.91008400
17.03833300
17.73225000
17.27241700
17.19079100
17.01683400
17.05866600
17.07995900
17.20070800
17.33904200
17.59366600
16.27933400
16.19204100
16.45170900
16.25900000
16.44720800
15.90170800
17.63391700
17.15429200
16.37204100
15.81291700
16.09716700
15.90991600
17.05783400
18.29066600
17.64104200
16.43420800
17.08004200
17.35416700
16.43554100
16.40816700
16.39779200
16.60762500
16.07433300
16.32533300
17.14745900
17.50075000
17.50466600
16.17650000
16.91854200
16.50058300
16.67191700
16.12137500
17.13241700
18.18454100
17.88891700
17.48370800
17.49566700
18.27004200
17.34987500
17.37104100
17.43054200
17.31350000
17.43266700
17.86283300
16.90695800
16.89545900
17.95054100
18.01166700
17.59670800
17.76200000
17.25612500
17.28283400
18.19404100
17.92641700
16.74004200
16.61704100
17.46245900
18.03908300
17.05779200
16.83975000
16.70608300
17.73112500
16.57395800
17.64066700
16.74375000
18.07125000
16.88904200
16.64504100
16.52366700
17.74975000
17.85341700
16.98325000
16.82508300
17.21312500
17.29170800
16.85070900
16.76675000
16.49566600
17.64858400
16.75304100
16.77279200
16.95404200
16.66820800
18.96945800
18.29745900
17.28295800
16.48016700
16.74804100
16.76345900
16.55041600
16.71108400
18.68991600
17.27470900
16.71362500
16.65079100
16.55995900
16.71437500
16.43383300
16.51483300
16.65695900
16.75233300
16.50608300
16.80504200
17.79658300
17.09787500
16.98750000
16.67037500
16.48904200
16.87470800
16.38429200
16.56708300
16.84225000
16.64337500
17.02116700
16.47775000
16.56000000
16.98229200
16.24950000
16.42454100
16.60445900
16.59637500
16.53250000
16.43504100
16.59312500
16.71141700
16.69975000
16.49587500
16.31375000
16.72487500
16.37395800
16.50212500
16.66429200
17.18187500
16.56287500
16.47150000
16.59362500
16.60195800
16.64616700
16.51970800
16.49233400
16.83212500
16.36141600
16.39975000
17.71995900
16.87095800
16.63733300
16.87454200
16.55725000
16.69991700
16.73666600
16.34125000
16.44908400
17.02675000
16.42975000
16.59354100
16.63470900
16.47370800
16.23016700
16.72220800
16.30604200
16.41537500
16.59758300
16.42533300
16.28466700
16.81708300
16.54220900
16.69437500
16.51116600
16.64233400
16.62812500
16.33108300
16.36120800
16.42295900
16.54733300
16.21537500
16.47683300
16.46383400
16.38729100
16.41358400
16.39329100
16.46558400
16.38287500
16.33033300
16.36975000
16.66662500
16.18145800
17.14795900
16.51512500
16.83141600
16.76308400
16.53416600
16.32637500
19.82729200
16.91033300
15.72858400
16.04720800
16.00979200
16.76195800
19.50820800
17.52283400
17.13545800
16.87841700
17.75050000
18.33220800
17.42858300
17.19945900
17.04791600
16.95637500
17.20554200
16.70254200
16.57100000
16.80929100
16.43408400
17.48225000
17.57208300
16.43862500
17.74487500
16.25750000
17.00237500
16.27066700
17.34133300
17.53000000
16.63800000
16.30041700
17.35516600
17.90870900
17.28054100
18.23212500
17.64812500
17.88591700
17.85137500
17.84875000
17.69570800
18.23895900
17.78266600
17.67454200
17.98470800
17.88895900
17.67387500
17.85033300
18.87208300
17.63291700
17.99908300
17.86454200
17.89645800
18.21695900
19.81837500
18.07779100
18.38991700
18.74666700
17.60025000
17.42091600
17.49079200
17.42208300
17.27054200
17.87116700
17.32733300
17.03041700
17.80916600
17.26370900
18.81658300
17.82687500
17.80095800
17.73929200
18.34041700
17.77470800
17.82191700
17.52379100
17.61141700
17.76687500
18.02129200
17.94970800
18.09766700
17.84366600
18.08370900
18.16195800
18.03162500
17.61783300
19.63920900
17.99741600
18.24100000
18.16745900
18.25075000
19.50583300
18.45691700
18.23762500
18.89041600
19.11441700
18.21729200
18.66275000
18.23983300
18.05825000
18.50379200
17.82800000
17.71462500
18.38816600
18.25850000
17.86079200
17.95029200
18.09425000
17.91445800
17.16750000
19.18016700
18.24462500
18.01362500
18.79679100
17.89300000
17.71337500
17.48300000
16.65254200
16.80358300
16.94591700
16.80737500
16.90029200
16.77362500
17.49541600
17.04729200
16.95741700
16.86500000
16.92512500
16.97429100
16.69045900
16.64154100
17.01691700
16.84137500
16.70037500
16.94095800
16.53120900
15.78850000
16.90154100
16.29754200
15.66079200
15.79300000
15.16354100
15.27650000
15.16195900
15.25475000
15.36429100
15.55533400
15.71500000
15.73795800
15.10229200
15.11487500
15.59566600
15.37850000
15.27408400
15.45112500
15.41791600
15.05158400
15.41116600
15.23220900
15.16208300
15.30020800
15.05254200
15.04891700
15.41229100
15.13141700
15.04325000
15.23445800
14.86712500
15.07333400
15.08079100
14.86712500
15.08200000
14.91008400
14.58429100
14.62975000
15.04945900
15.27695800
14.68525000
14.68200000
14.54700000
14.91920800
14.56104200
14.42858300
14.65450000
14.94545900
14.64787500
14.68995800
14.47104200
15.68895800
14.56004200
14.34475000
14.32625000
15.08279100
15.27750000
15.02112500
20.54429200
16.48129200
18.61950000
17.72620800
16.92254200
16.85145800
16.93562500
16.80429200
16.67141600
17.05329200
16.65562500
16.76608300
16.84054200
17.09541700
16.90083300
16.19887500
16.11662500
15.62412500
16.02312500
15.97162500
17.73345800
17.51541700
17.05458300
17.04808400
17.20770800
16.88945800
18.48316700
18.45191700
17.66841600
17.51541700
17.33741700
16.84816600
16.93595900
17.17275000
17.70391600
16.89783400
18.54979100
17.50800000
16.85404200
17.04600000
17.00470800
16.94941700
18.14904200
16.97775000
16.93545800
17.30279200
18.09129100
18.01079200
18.40608300
18.21254200
18.07162500
18.03062500
19.28379200
18.77737500
18.08345800
18.23995800
18.38516700
19.14720800
18.32391700
17.77495800
18.92412500
19.03662500
18.35150000
18.10150000
18.22920900
18.39962500
18.03895800
17.77633300
18.31862500
18.13829200
18.09929200
18.31320800
18.43825000
18.84408300
18.87379200
18.40791700
18.11329100
18.64625000
18.49816700
17.91825000
18.24720800
18.36925000
17.79775000
18.11329200
17.92841700
17.94033300
18.17541700
17.90229100
18.06683400
18.36620800
18.11808300
17.89045900
18.23195800
17.87504200
17.77345800
18.32950000
18.38391700
18.23908300
18.05279200
17.99633300
18.22425000
18.49625000
18.37808300
18.22770900
17.95704100
17.87183400
18.82237500
18.27941600
17.93895900
18.55304100
18.08775000
18.10295900
18.47645800
18.22308300
18.14816700
18.70179200
18.30195800
18.22650000
18.49337500
17.91608300
18.56495900
18.47700000
18.12325000
17.96562500
18.21512500
17.66979100
17.68504200
18.01358300
18.28595900
17.86745800
18.04966700
17.99062500
17.87333300
18.34850000
17.92787500
17.68258300
18.19412500
17.98900000
17.83233400
17.94337500
17.84262500
17.87858300
17.68316700
18.25670800
18.07166700
18.27237500
17.97750000
17.83225000
18.08258300
19.76612500
20.01533300
19.59116700
18.51512500
19.27575000
18.49841700
19.03612500
19.16116600
19.04616700
18.91862500
19.31762500
21.04391700
23.45695800
21.40250000
21.38504200
21.35966600
20.68775000
19.41400000
19.80937500
21.90687500
21.19883400
21.93433300
19.98341700
18.92750000
18.90291600
19.58412500
21.85537500
22.36579200
19.35504200
19.03083300
19.15904200
19.73100000
19.00295800
20.46733300
21.11237500
19.47320900
18.86650000
19.20120800
20.08695800
19.60550000
19.36833400
18.81187500
18.80050000
19.12150000
19.41058300
18.68954200
17.99558300
17.70916700
18.66858300
18.26645800
18.19350000
18.41025000
18.06737500
18.31070900
18.51125000
17.71304100
17.38866700
17.26933300
17.33800000
17.39766700
18.59150000
18.29166700
17.68408300
18.85233300
17.53237500
17.47291700
18.58858300
17.32625000
18.47725000
18.26725000
18.33404200
18.95575000
18.54729200
18.32783300
18.76625000
18.98429200
18.52266600
18.19766700
18.55983300
18.89254200
18.83620800
19.17916700
18.73595800
18.96275000
18.78320900
18.17858300
18.63275000
18.27045800
18.41833400
18.30008300
18.18895800
18.15912500
18.44879200
18.34862500
18.18558300
18.13700000
18.26033400
18.18291600
17.95970900
18.20466600
18.26904200
18.05616700
18.38029100
18.41937500
18.16991700
18.14316700
18.47058300
18.35500000
19.37241700
18.83970800
18.34866700
18.07387500
17.64500000
19.31166600
18.34962500
18.37212500
18.24937500
18.21412500
19.23129200
18.46250000
18.45091700
18.55062500
18.26258300
18.14162500
18.52487500
18.49554200
18.21841600
18.46691700
18.28775000
18.43854200
18.14454100
18.48883400
18.72575000
18.48545800
18.46862500
18.79291700
18.51154100
18.19787500
18.38420900
18.42845800
18.40800000
18.15000000
18.22258300
18.33675000
18.23650000
18.54087500
18.85808400
18.71512500
18.22375000
18.31608300
17.92483300
18.61070900
17.91670800
18.37720800
17.38141700
17.89675000
17.91783300
17.45716700
17.37566700
18.19883300
17.43766700
17.39333300
17.41404200
17.89241600
17.12862500
19.45045900
18.32195800
17.80683300
17.84612500
18.03420900
17.38516600
18.35191700
19.63504200
18.51712500
18.65308300
18.14350000
18.70087500
18.85425000
18.43858300
18.24475000
18.54629200
17.91079200
17.52462500
18.38104100
17.88708400
17.81237500
17.61150000
18.10858300
17.83120800
17.62183400
17.65820800
17.48416700
17.94425000
18.22450000
17.40383300
17.63162500
18.49500000
17.96962500
17.70375000
17.75762500
17.28008300
17.24116700
18.81570800
17.83762500
18.51395900
17.94870800
17.60691700
17.97804100
18.15516700
17.93075000
19.05720800
17.83308400
17.81587500
17.43654100
17.78466700
17.67712500
17.91720800
23.02208400
19.91416600
18.54966700
18.30333300
17.23195900
18.02475000
19.31083300
18.49200000
18.54395800
18.38233400
18.37750000
18.65129100
18.89925000
17.16912500
17.04433400
18.06320800
17.10525000
17.23470800
16.62137500
17.34279200
17.11262500
17.29216700
16.78716600
17.93620900
16.05370800
16.87887500
16.81720800
16.77800000
17.70420900
17.16437500
16.89987500
17.86350000
17.98045800
17.06862500
17.08141700
17.35491600
17.30525000
18.27245900
17.35291600
16.87358400
17.27012500
18.22166600
17.93087500
19.31808400
18.73529100
19.15100000
18.57920900
18.47241600
18.02891700
17.77645800
17.90091700
18.05670800
18.05241700
17.72441700
17.61304100
17.67145900
17.48116600
18.05916700
18.12475000
17.53704200
17.42266600
17.50875000
17.59591700
17.45870800
17.61550000
17.23712500
16.90795900
19.68129100
17.55991700
17.47875000
18.72487500
18.06033300
17.07254200
18.35820800
17.31879200
17.83679200
17.73775000
18.19095800
17.92062500
18.02462500
17.99920800
17.37458400
17.71991600
17.41979200
17.59079200
18.01679100
17.56666700
17.80858300
18.27191700
17.64004200
17.90400000
17.77008300
17.42508300
17.36508400
19.82412500
18.14641600
17.56008400
18.71795800
17.66558300
18.03495900
18.65304100
17.84137500
17.48670900
17.83058300
17.59962500
17.53754200
17.57125000
17.69791600
17.15454200
17.90283300
17.04800000
18.43725000
18.23970900
18.35295800
18.97691700
17.95895800
17.27008300
18.01075000
17.72912500
17.43787500
19.99420900
19.09262500
19.35716600
19.73825000
17.58008400
18.00216600
19.39625000
17.85891700
17.41029200
17.75458300
18.14195800
18.01525000
17.82175000
17.73095900
17.54145800
17.61000000
17.52708300
17.29508400
18.23941600
17.55641700
17.33375000
16.83995800
18.64783400
17.23070800
17.98191700
17.37404100
18.84700000
17.87166700
17.64433300
17.41241700
17.79066700
16.85445800
18.41025000
17.69837500
17.20437500
17.67812500
17.42908300
17.37295900
17.72804100
17.58525000
17.70041700
17.40208300
17.44804200
17.70837500
17.82941700
17.39912500
17.38258300
17.35529200
17.83316600
17.78579200
17.71095800
17.67350000
17.50370900
18.13016600
17.51104200
17.42975000
17.17833300
18.20395900
17.32604100
18.22987500
18.62658400
17.68445800
17.25287500
18.31250000
17.86012500
17.50108300
18.00900000
17.44612500
17.84766700
17.26879200
18.08550000
18.64829100
17.67887500
17.51562500
17.72012500
19.15616700
17.76700000
18.14500000
17.66075000
17.23762500
17.17087500
16.65100000
16.58837500
17.26933300
16.58304200
16.51904200
17.56191600
17.26820900
16.45633300
17.05754200
16.96591600
17.37200000
16.50666700
16.50670800
16.82500000
18.63833400
17.37083300
17.33779200
18.12912500
17.95962500
17.49316600
18.72387500
17.37525000
16.89600000
17.17225000
16.96108400
17.47420800
17.40412500
17.40929200
17.60129100
17.73466700
17.92129200
17.62691600
17.60433400
17.92037500
18.10916600
18.40525000
17.89025000
17.57454200
17.67087500
17.30700000
18.69466700
17.64775000
17.76062500
17.64683300
17.55787500
18.08379200
18.42866600
17.70483400
17.60629100
17.80100000
17.87487500
17.47104200
18.11283300
17.65412500
17.98791700
19.55320800
18.59916700
18.82550000
18.27416700
17.79695800
18.42241700
17.72454100
18.52400000
19.00158400
18.42654100
18.02541700
17.84241700
18.63391600
18.52608400
18.18466600
17.91870900
18.61570800
17.66429200
17.70187500
17.60658300
17.55383300
17.31083400
17.51845800
17.81475000
17.34316700
18.05791600
18.25845900
17.76541600
17.55445900
18.73179100
17.59175000
19.93729200
17.45129200
17.90850000
17.59670800
17.81991700
19.32854100
17.91062500
17.79291700
17.84329200
17.61108300
17.76762500
17.57429200
18.04966600
17.99612500
17.69858400
18.05095800
18.12337500
17.79825000
17.74466700
17.79179100
17.62925000
17.46054200
17.28400000
18.06879200
17.60545800
17.77779200
17.24800000
18.62720800
17.42341700
18.13945800
18.00262500
17.55529200
17.82441600
18.24291700
17.38229200
17.64766600
17.48566700
18.29366700
17.56062500
17.69216600
17.82479200
17.88033300
17.55016700
18.46766700
17.36616600
17.52787500
17.42812500
17.59370900
17.62775000
17.55608300
17.47745800
18.23670900
17.50679100
17.54595900
17.61295800
17.73966700
17.93670800
18.45062500
18.17708300
17.67437500
17.84029200
18.34816700
17.89920800
17.84704200
17.69337500
17.81300000
17.55966600
17.78670900
17.53041600
17.71145900
17.61845800
18.35333300
17.61262500
17.63391700
17.49962500
17.75354200
17.64820800
18.17220800
18.00583400
17.89262500
17.61475000
17.52137500
17.89954100
17.75379200
17.78862500
17.31475000
17.56120800
17.65541700
17.59712500
17.87820800
18.09104200
17.72504200
17.56533300
17.60854200
17.62429100
17.87512500
17.56729200
17.15666700
16.76608300
17.12112500
17.00241700
17.50983300
17.51329200
20.75004100
18.25912500
18.10783400
20.78791600
22.66466700
20.03833300
20.33650000
16.79504200
18.56179200
17.17120800
17.31837500
17.58595800
17.67666700
17.61212500
18.30687500
17.53087500
17.82095800
17.22679200
16.96583300
17.07150000
16.76275000
17.27166700
16.80004200
17.32108300
18.00395800
17.78833400
17.75475000
17.84791600
17.83908400
17.61387500
17.63020800
17.52112500
17.98483300
17.66937500
17.97583400
17.84991600
17.70541700
17.53529200
17.48862500
18.47379100
17.66962500
18.17029200
17.70879200
17.55925000
17.50716600
18.10154200
17.72720800
17.85770900
17.82450000
17.47829100
17.76350000
18.28079200
17.79762500
17.72279200
17.68820800
17.60566700
17.67254100
17.62904200
17.65425000
17.75991700
18.21887500
17.48145800
18.20262500
19.00679200
21.68991600
19.70320900
20.20529100
18.14900000
17.73508400
17.66995800
18.32654200
18.44395800
17.76512500
18.05187500
18.37712500
17.95108300
17.65920900
17.92554100
17.93570900
17.76495800
17.70270800
17.47358400
17.67533300
18.07454200
18.06183300
17.83233300
18.03183400
17.90733300
17.91170800
17.87733400
17.83408300
17.90983300
17.97675000
17.91020900
17.91916600
18.79145900
17.83604100
17.97891700
17.90666700
17.87075000
17.94666600
17.86245900
17.94737500
18.79466600
18.08933400
17.70679100
18.42820900
18.49012500
17.79779100
17.90958400
17.80312500
18.51870800
18.41383300
17.95883400
17.99912500
18.65387500
17.93162500
17.83050000
17.81033300
18.88104200
19.04804100
19.50583400
17.62175000
17.54341600
19.37354200
20.30329200
19.24291600
19.41995900
18.31704100
18.41033400
18.94629100
18.63445900
19.15258300
18.66162500
18.42433300
17.92529200
18.79329200
18.24725000
19.23658300
18.65529200
17.99229100
18.09720900
18.83766600
18.11400000
18.22720900
18.56716600
17.76008400
18.16216600
17.97375000
18.30266700
18.21783300
17.46641700
18.77158300
17.75154200
17.67104200
18.99008300
17.89983300
17.28962500
18.60350000
18.65729200
17.82820800
17.67316700
17.93579200
17.76837500
17.96700000
17.77570800
18.06579200
18.08566600
18.55875000
18.12087500
18.33470900
18.54762500
17.67095800
18.76750000
19.04587500
18.19245800
18.51845900
18.14929100
18.50062500
18.77345900
20.56412500
19.05904100
18.58366700
19.32162500
18.87804200
18.28775000
18.58912500
18.56400000
18.51316600
18.58879200
19.72204200
17.61250000
17.35362500
17.87395800
17.12570800
18.04575000
17.49395900
17.05945800
17.95633300
18.06108400
17.12825000
17.86395800
18.43595800
17.69487500
17.49437500
17.21654200
17.72483300
17.25025000
18.78291700
18.01816700
17.59166600
18.57041700
18.49841700
17.37795800
17.75504200
16.29754100
17.60554200
18.11112500
17.12933300
17.12004200
16.88429200
17.38975000
18.06133300
17.82583300
17.56483400
18.17616600
18.60570900
18.52783300
18.23350000
17.64758300
18.77008400
17.85754100
17.63095900
17.91191600
18.23883400
19.13362500
18.13795800
17.60954200
19.10241600
17.88891700
17.77325000
19.30595800
17.58970900
18.54650000
19.04700000
18.55766600
17.86470900
17.96429100
17.77979200
19.36762500
18.44241700
17.66666600
18.64716700
19.09879200
18.46958300
18.09833300
18.18495900
17.94083300
18.13583300
18.56983400
18.36712500
17.91158300
18.01033300
18.24400000
18.38208400
18.61287500
18.54004100
18.27054200
18.50912500
19.21200000
18.16962500
17.97904200
18.08254100
18.24620900
16.99308300
18.83720800
17.95770900
16.72379100
18.67154200
19.62237500
17.95370800
18.77879200
18.54795800
17.52504200
18.47191700
18.43325000
17.92620800
18.15491700
17.94495800
17.29004200
18.68958300
18.15883300
17.23800000
18.33995900
17.92520800
17.06333300
18.03800000
17.85937500
17.10900000
19.39175000
18.06595900
16.99020800
17.80229200
19.33837500
17.66241600
18.10987500
18.15995900
17.70520800
18.19662500
17.90129200
16.53654100
19.67000000
18.71170900
17.03737500
18.52879100
18.29825000
17.74804200
18.55658300
18.49141700
17.27145800
17.90862500
17.83362500
16.88533400
17.82379100
18.33258400
17.73804100
17.65154200
17.73504200
16.93933300
18.19604200
17.91520800
17.07212500
17.82870800
17.75195900
17.01500000
18.47020800
18.33475000
17.09412500
17.76416700
17.71479100
17.28812500
17.40679200
18.93416700
17.31091600
18.46970900
18.74691600
17.37637500
18.21079200
18.17741700
16.96304100
17.85887500
17.90304200
16.97533300
17.87333400
18.06095800
17.01483300
18.16583400
17.76770800
16.81833300
17.92175000
17.87104200
17.11783300
17.90491700
17.78937500
17.07175000
17.89837500
17.89129200
16.89483300
17.79454200
17.88162500
16.86108300
17.86154200
17.82979100
16.74433400
20.14120800
17.83920800
16.97475000
17.83483400
18.11441600
16.58854200
18.26141700
17.88020800
16.78066700
19.27920800
19.16791700
17.22770800
17.47708300
17.60220900
17.29883300
17.51104200
17.91795800
17.16800000
17.74750000
17.07991700
16.21675000
16.91912500
17.55129100
16.56079200
17.85158300
17.34508400
16.12762500
16.92245800
17.41779200
16.28879100
17.40262500
16.86633400
16.10987500
16.97841600
16.85600000
16.38304200
16.70862500
17.05995800
16.10941700
17.81158300
17.30175000
16.33541700
17.59291700
17.66466600
16.83000000
17.78170900
17.94662500
16.89625000
17.65533300
17.64116700
17.05104100
17.98866700
18.01754200
17.21650000
17.92354100
18.06604200
17.59558300
17.93658400
17.92883300
16.80866700
18.27362500
17.90162500
17.13904100
17.83091700
17.66162500
17.81570800
18.06741700
17.86170800
17.19029200
17.88062500
17.93920800
16.88966700
17.82775000
17.80962500
17.08504200
18.56108300
17.77983300
16.77808400
18.73258300
17.75875000
18.62750000
17.36120800
17.13141700
17.14975000
16.93970800
16.83358400
18.28779100
17.30079200
17.16733300
17.58979200
16.74720800
17.81716700
17.25637500
17.04254200
17.71266600
17.59400000
17.11562500
17.03270900
17.08470800
17.02170800
16.70004200
17.97920800
16.74275000
17.16695900
17.23012500
17.02554100
16.67958400
17.98891600
17.51433400
17.81679100
17.48145900
17.17495800
16.88825000
18.25004200
16.76845800
16.80083300
16.96204200
16.90770800
16.72620900
18.15795800
17.39895800
17.57900000
17.39704200
17.05129200
16.61775000
17.58625000
16.90683300
16.85404200
16.83641600
16.77041700
16.94575000
16.92591700
16.65591600
18.17845900
17.26562500
16.86237500
16.93345800
16.70104200
16.64758300
18.36175000
16.83983300
16.91166700
17.04912500
16.74620800
17.73700000
17.26558400
17.08220800
16.99429200
17.04325000
17.06462500
16.94279100
17.91950000
17.16866700
17.17079200
17.29662500
16.77045800
16.93325000
17.10737500
17.41512500
17.29312500
17.01266700
17.79666600
18.23495900
16.87558300
16.16504200
17.88641600
17.75791700
17.50841700
18.09554100
17.87550000
17.51362500
17.19129200
18.19887500
17.32083300
17.40429200
17.53550000
17.21183300
17.22308400
17.72487500
17.15066600
17.95079200
18.29137500
17.42083300
17.14579200
16.83608300
17.22258400
17.45866600
16.64641700
16.54091700
18.26704100
17.84383400
17.13312500
16.59104100
17.04379200
17.27737500
17.09983300
17.07062500
17.43629200
16.31233300
15.48879200
15.18979200
15.27816600
16.18633400
15.81450000
15.51541600
15.13200000
15.14441700
15.05500000
15.14287500
15.10579200
15.15016600
15.13708400
15.18270800
15.27745800
15.12987500
15.23425000
16.07962500
15.66887500
15.68495900
14.47316600
14.16129200
14.24870800
14.44712500
14.13179200
14.24683300
14.83491700
14.32883300
13.97666700
14.12354200
13.83791600
15.19266700
14.84320800
14.36541700
13.87437500
13.87141700
13.70358300
13.82220800
13.68008400
13.56416600
13.67537500
13.43404200
13.66541700
14.27425000
13.33754100
13.79637500
16.31558400
16.66729100
16.60383400
16.82162500
16.63945800
16.63279200
16.75233300
16.69129200
16.82783300
16.81475000
16.56262500
16.65300000
16.55879200
18.15691600
15.55320900
16.45458300
16.70283300
16.49770900
16.79275000
16.77233300
16.52658300
16.68695900
16.97416600
16.34954200
16.82183300
16.67300000
16.66979200
16.71083300
16.70170900
16.60100000
16.84175000
16.68566600
16.50566700
16.73500000
17.29166700
17.27675000
17.36025000
17.21150000
17.54695800
17.99062500
18.61212500
17.71108300
17.65195900
17.59183300
17.37425000
17.74612500
17.33983300
17.40470900
17.63820800
17.45608300
17.51429200
19.04304200
17.61516600
18.16045900
17.17470800
17.45620800
18.30958400
17.47258300
17.11445800
18.07791700
17.75600000
17.89308300
17.27283400
17.46095800
17.41545800
17.42154200
17.25562500
17.47033300
17.75050000
18.68350000
17.77141700
18.16250000
17.29470800
17.89750000
17.82395900
17.37800000
17.48845800
17.91745800
17.32487500
17.94741700
18.13383300
17.88575000
17.46866700
17.61954200
17.24541600
17.33995900
17.48237500
17.52129100
17.41329200
17.66166700
17.41350000
17.45162500
17.39525000
17.53679100
17.22379200
17.48141700
17.33470800
17.94216700
17.35316600
17.38683400
17.57458300
18.20175000
17.39545800
18.09087500
17.52487500
17.42325000
18.39254200
17.48016700
17.26466600
17.42758400
17.27254100
17.32750000
17.23916700
17.27062500
17.19495800
17.09575000
17.37520900
17.30087500
17.28020800
17.30620800
17.58233400
17.40287500
17.42366600
17.25741700
17.59300000
17.67270800
18.23150000
17.77775000
17.47854200
17.61487500
17.50933300
17.10466700
17.26520800
16.56704200
18.90079200
17.22454100
17.13904200
18.21237500
17.68962500
16.77079200
19.15341600
17.15658400
17.20879100
18.26208400
17.15750000
16.58866600
18.06712500
18.43525000
16.90408400
17.02545800
17.58954200
16.35650000
19.12383300
17.74495800
17.29279200
17.08637500
18.40870800
17.81679200
17.96304200
17.90333300
17.49841700
17.27695800
17.72145800
17.20458400
17.14420800
18.11454200
16.91733300
17.00787500
17.36608300
17.06254200
16.80775000
17.03879200
17.23708300
16.50470800
18.10395900
17.48900000
16.69625000
17.33775000
17.04729100
16.69737500
16.66858400
17.40475000
18.38429100
16.36883400
20.49200000
17.90716600
16.63466700
17.97775000
18.63875000
18.49308300
17.54520900
18.05358300
55.13491700
16.04425000
18.62187500
19.79254100
18.09141700
18.68145800
19.40537500
16.83004200
17.36775000
16.45370800
16.94608400
16.22595800
15.95587500
16.04204200
16.11004100
16.63958400
20.48633300
16.54429200
16.72304100
16.94791700
18.25058300
18.54612500
19.77612500
17.78416700
17.65916700
17.60304100
17.65466700
17.55629200
17.59916600
17.16004200
16.97991700
18.21245800
18.70408300
16.80025000
16.94054200
17.04483300
17.24337500
16.94104200
18.16741700
17.04212500
16.96591600
17.23883400
17.16145800
18.36395800
17.65920900
17.42454100
17.90441700
17.48054200
17.48487500
17.99587500
18.49166600
17.57208400
17.56254100
17.97995900
17.79741600
17.79912500
18.49316700
17.87758300
18.40558400
17.80104100
17.95208400
17.42779100
19.20620900
18.51775000
19.56333300
18.77058300
20.08866700
20.84033300
19.24658400
17.33829100
18.30720900
17.49587500
17.32170800
18.55075000
17.21766700
17.98716600
17.63691700
16.88570800
18.99179200
17.59166700
17.99133300
17.95700000
18.72250000
17.58491700
18.20829100
18.30379200
19.02829200
16.16195800
16.02958300
16.74787500
16.48133400
16.25125000
16.13525000
16.15854100
15.94341700
16.15562500
15.99487500
17.00845800
16.44645900
16.43816600
16.37033400
15.88808300
16.03241700
17.04095800
14.90650000
15.04937500
15.07770800
15.60912500
15.84429200
15.21308300
15.22237500
15.55225000
15.04954200
15.41195800
14.80583400
16.01600000
15.39791600
15.15220900
14.94754100
15.22020900
15.08837500
14.99679100
15.02441700
16.30700000
14.99508300
15.27075000
16.45483400
14.89312500
14.85783300
15.01133300
16.36629200
15.24183300
15.68945900
14.57462500
14.55220800
15.43008300
14.69950000
14.79183400
14.68283300
14.80895800
14.35541700
14.80616700
14.34437500
15.47595800
14.81533300
14.51637500
14.37587500
14.66333400
14.21633300
14.93358300
14.61016700
14.41545800
14.42629200
14.78358300
14.69616700
14.19258300
15.32950000
15.46387500
16.39387500
16.70358400
16.66041600
16.62900000
16.48891700
19.76816700
15.88858300
15.93845800
15.63491700
16.26204200
16.82020800
16.61629200
16.78729100
16.56875000
16.71425000
16.62654200
16.70158300
16.78408400
16.59270800
16.68775000
16.70308300
16.85133400
16.46683300
16.69795800
17.68412500
17.39204200
17.17533300
17.70166700
17.26300000
17.41662500
18.29720800
18.78783400
17.00712500
17.36950000
17.39800000
18.02562500
18.21745800
16.96045800
17.27466700
17.76529200
17.60695800
18.53612500
16.60687500
16.10220800
16.57845900
17.46754100
17.82450000
17.50541700
17.76816700
16.63145800
17.03891700
16.58625000
17.75100000
16.98766600
17.30462500
17.14929200
17.37633300
17.33308400
16.95295800
16.36741700
16.30091600
16.18283400
16.08658300
16.56991700
17.63283300
17.08316700
16.52508300
16.83712500
17.28066700
17.50141600
17.60695900
17.49895800
18.01675000
17.10850000
18.32858300
17.16612500
16.64187500
18.65395900
18.13166600
18.19933400
17.95266600
17.13616700
16.84029200
17.82545800
16.93900000
16.33216700
17.96725000
16.82741600
17.12354200
17.54545800
16.92041700
16.76012500
16.73570800
16.63854200
18.16050000
18.79666700
16.90287500
17.48016600
18.62212500
18.86150000
17.45183400
18.03670800
17.08804200
16.56754100
17.44116700
17.59108300
16.82891700
17.50904200
17.05850000
18.33525000
17.72812500
17.02108300
16.03070800
17.85137500
16.84587500
16.18333400
17.63891600
16.76283400
16.86995800
18.84333300
17.11579200
16.29683300
17.53516700
16.63475000
16.97266700
16.64575000
17.46825000
17.02508300
16.94575000
16.99445800
17.60304200
19.08216700
16.98995800
18.02933300
18.37987500
16.93075000
17.33266700
18.10033300
16.94887500
17.26879200
16.82595800
17.55654200
16.98520800
17.58675000
16.79770900
16.97916600
17.12066700
17.80891700
17.68491600
17.43050000
16.98412500
16.93320900
16.45854100
17.61462500
16.63029200
17.46691700
17.42454100
17.05166700
17.85887500
18.37679200
17.19795800
16.81362500
18.89179200
16.92766600
16.81012500
16.86550000
17.03237500
17.81708400
18.32779100
17.05020900
16.56404100
16.88295900
16.64187500
18.33154100
17.61420900
17.15762500
17.30883300
17.40562500
18.54433300
16.58933400
17.38229100
16.77600000
18.24991700
17.05887500
16.81091700
16.52045800
16.71745800
16.44612500
16.71825000
16.71429200
16.99116700
16.83262500
16.73691600
16.40750000
16.99420900
18.20004100
16.93091700
16.73650000
17.14008300
17.64479200
16.43700000
16.60145800
16.15179200
18.24104200
16.84750000
16.56737500
21.01641600
17.22758400
19.19808300
18.15483300
18.70533400
19.06258300
17.75720800
17.82000000
17.52487500
18.77245900
17.74858300
18.08220800
18.48550000
18.73087500
19.64662500
18.65333400
17.68679100
17.44275000
18.26625000
17.62141700
17.63762500
17.56520800
17.35883400
17.80541600
17.67104200
18.04591700
17.44195800
17.72870800
19.37625000
19.31020900
17.91125000
18.19854100
16.77979200
16.57695800
17.46066700
18.24016700
17.73362500
17.05729100
17.19112500
17.06533400
17.08545800
18.56291700
17.82370800
17.66800000
17.50258300
17.77608400
16.63579100
16.56925000
17.23608400
16.35937500
18.16716600
17.37850000
17.32929200
16.43854200
17.39266600
16.68775000
16.68666700
20.32187500
17.76683300
18.31970900
19.28729100
18.05525000
17.57604200
18.93520800
18.39500000
18.79162500
17.84783400
17.78554100
18.49600000
18.27033400
17.76795800
18.01254200
17.44837500
17.47091600
17.51041700
17.28783300
17.30404200
17.39275000
17.13966700
17.78233300
17.38220800
17.09991700
17.17533300
17.21020900
17.42295800
17.54354200
17.72362500
17.81020800
16.76470800
18.41070900
17.36250000
17.81375000
18.54920800
17.43004200
18.20491600
17.35783400
17.43350000
17.73562500
18.43366600
17.54154200
17.87683300
19.90391700
17.95895800
18.23595900
18.89675000
18.32237500
17.93008300
18.43329200
18.22141600
17.99725000
18.24512500
17.89325000
18.95070900
19.02337500
18.32575000
17.97754100
18.59229200
18.04570800
18.66375000
18.21891700
18.06625000
18.00862500
17.93395800
17.71941700
18.31066700
18.50075000
18.82662500
17.88487500
17.84558300
17.86783300
17.68795900
17.62966600
18.43112500
17.71829200
18.37991700
19.89379100
18.77000000
18.20729200
18.91616700
18.17075000
17.95745800
18.36058300
17.92154200
17.71800000
19.94795800
17.47512500
17.57050000
16.68275000
16.62870900
17.10775000
17.44162500
20.67820800
23.03320800
20.70333400
19.64020800
18.93533300
19.07987500
18.94654200
19.30837500
19.00679200
17.14754100
15.75583400
16.22612500
15.94183300
15.98425000
17.05070800
15.70929200
16.51933300
16.02354200
15.46504200
15.55529100
15.16879200
15.46929200
15.63841600
15.15366700
15.36850000
15.44225000
15.15800000
14.93091700
15.16300000
15.21162500
14.74433300
15.07608300
15.16312500
14.94425000
14.84562500
15.04550000
14.66275000
14.76016700
14.89745800
14.65170900
14.66808300
14.67062500
14.60295800
14.60483400
14.66525000
14.26120800
14.41712500
16.26620800
14.29662500
14.37625000
14.47016700
14.61820800
14.28975000
14.36500000
14.25275000
14.04108400
14.46337500
14.02933300
15.36670800
14.97416700
14.06945800
13.34816700
13.60887500
13.27537500
14.91150000
16.81775000
16.72591700
16.60620800
16.63083300
17.73279200
15.71837500
16.84691700
16.54079100
16.67245900
16.72904100
16.61983400
16.52041600
16.82591700
16.65758300
16.85587500
16.52791700
16.74620800
16.60029200
16.64495800
17.15379200
16.26950000
16.69541700
16.74345800
16.66770800
17.68533400
17.74225000
18.61562500
17.94062500
17.82975000
17.89441600
17.66483400
17.84554100
19.01966700
18.35245800
17.81537500
17.52820900
17.85454100
18.24970900
18.91116600
17.95945900
17.81370800
17.72212500
18.65395800
17.92025000
17.62779200
17.64229200
17.51470800
17.66666700
17.49662500
17.57329100
17.66191700
18.04787500
18.50562500
17.59416700
17.63612500
17.81787500
18.66945800
18.39483300
17.55941700
17.56700000
17.50641700
17.66645800
19.04987500
18.25641700
18.93816600
17.85137500
17.72391700
17.59783300
17.46312500
17.60595900
17.85658300
17.68812500
19.22391700
19.02212500
17.99433300
18.22491700
19.13845800
19.09991700
18.05562500
18.21300000
18.31300000
18.28270800
17.57300000
17.75029200
17.88216600
17.49345900
17.68083300
17.98341700
18.58958300
18.46645800
17.70933400
17.49325000
17.85045800
18.29179200
17.97358300
18.28629200
17.63116600
17.63000000
19.73879200
18.01587500
18.23841700
17.50270800
17.63587500
17.89537500
17.52787500
17.89445800
17.61183400
17.94195800
17.59641700
17.66183300
17.51437500
19.25891700
17.72662500
18.26250000
18.04525000
17.28508300
17.22462500
18.62275000
17.38275000
18.56629200
18.33033300
18.24787500
17.94033300
17.44633400
17.76491600
17.54450000
17.71370900
17.83662500
17.92250000
17.49437500
17.34954100
18.03216700
17.55004200
17.12754100
17.50020900
17.40891600
18.76295900
18.10791600
18.40645900
17.69320800
17.41870800
17.59195900
17.94041600
17.55937500
17.44925000
18.88441700
18.31891700
17.50525000
17.49766600
18.20316700
17.51829200
17.86025000
17.71066600
17.30233400
17.31545800
17.50187500
17.71200000
19.20612500
19.08137500
18.22833300
18.01687500
17.39304200
17.48437500
17.68525000
18.06820800
17.81529200
18.10725000
17.32754200
17.63491600
18.12104200
17.39479200
17.74654100
19.13520900
20.96725000
18.49933300
17.90691700
17.72433300
17.33462500
17.42458300
17.54095900
18.99345800
17.57629200
18.93700000
17.93712500
17.95645800
20.80487500
17.87133300
18.12212500
17.91454200
17.82916700
18.10258300
19.18816700
17.68670800
18.72300000
17.13854200
16.47862500
17.36533300
17.67558300
16.61291700
16.48350000
16.75404200
17.07433300
16.99254200
17.60375000
16.96083300
16.57633300
17.39812500
17.62554200
16.95950000
17.48929200
17.92404100
17.74654200
16.99920800
16.64987500
16.60033400
19.31233300
18.58445800
17.78445900
18.55916600
17.57420900
17.43279100
17.78558400
18.55150000
18.26254100
18.06879200
18.04058300
18.97129200
19.27091700
17.71575000
19.23204100
17.68820900
18.09670800
19.15637500
17.73670800
17.73875000
17.68125000
17.41337500
17.22295900
18.08695800
17.06158300
17.23083400
17.22104100
17.24979200
16.77691700
18.23608300
17.98991700
18.45979100
17.71029200
18.03308300
16.58033400
18.83870800
18.67845800
19.35462500
18.54683400
19.07175000
17.48466600
18.45791700
17.84754200
17.56437500
17.70391600
17.21670900
17.15137500
18.16808300
17.17825000
17.22179200
18.53091600
18.65379200
18.66320800
18.43341700
17.98179200
18.43108300
18.82566700
19.02637500
19.09033300
18.16995800
18.17387500
17.22120900
17.65512500
17.81233300
16.93166700
17.92158300
17.65904200
17.62875000
17.61654100
17.36450000
19.39262500
18.36016700
17.37283300
17.46558400
17.26545800
17.80183300
17.39687500
17.44479200
17.53895800
17.25433400
16.99491600
17.29225000
17.38208400
18.12875000
17.75670800
17.52725000
17.11612500
17.14454200
17.11233300
17.06470800
17.71016700
18.45529200
17.70137500
16.98891600
17.51437500
17.91562500
16.93829200
17.97491700
17.32787500
18.67808300
17.66895800
17.55983400
17.17462500
16.89950000
18.25533300
16.70312500
19.16062500
18.64216700
19.30941600
19.09679200
16.97200000
17.83045800
18.34025000
18.66395900
17.31091600
17.84583400
18.19554100
17.14625000
17.05054200
17.80754200
18.43050000
17.78270800
17.39650000
17.06820800
17.81966700
17.31191700
17.94545800
17.37100000
17.65100000
17.65479200
17.99050000
18.87875000
17.53366600
17.34604200
17.23833300
17.14525000
18.25300000
17.47450000
18.31112500
17.22766700
18.94125000
17.61595800
17.94587500
17.66725000
17.72958400
17.57287500
17.61816600
17.48545900
17.42170800
17.38479200
17.58508300
17.80700000
17.10279200
18.50858300
18.40270800
18.91508400
19.35041600
17.34854200
17.58020800
18.85808400
17.14433300
16.89391700
16.89650000
16.78670800
17.33679200
18.38650000
19.14766600
18.54591700
18.69400000
17.28487500
15.82029200
16.19937500
16.60741600
17.79575000
15.90804200
16.00929200
16.00866600
15.77379200
15.65300000
15.84287500
16.12695800
17.13216700
17.06595800
16.53420900
18.69658300
17.37058300
15.97133400
16.14758300
15.73954200
15.92750000
16.84562500
16.22045800
16.03133300
16.00775000
16.12562500
15.98787500
15.73012500
16.07783400
15.82004100
15.64104200
15.94725000
16.68145800
16.90945900
16.18329100
15.81937500
15.64175000
17.10004200
16.03812500
15.86395800
15.87012500
15.58395900
16.03791600
15.87708400
15.72595800
15.52620800
15.68391700
15.41283300
15.28954200
16.20441700
15.62795800
15.33320800
15.74879200
15.82966700
15.46583300
15.26891700
15.48237500
15.38470800
15.15029200
15.04358300
15.13316700
16.07516600
15.56358400
15.87604100
15.10175000
15.92929200
16.04654200
16.10258300
15.71483300
15.47916700
15.26041700
15.52270800
15.29091700
15.20012500
15.17570800
16.43225000
16.18512500
19.88737500
17.90383300
19.07920900
17.06145800
17.23991700
16.64100000
17.33504100
17.10920900
17.42987500
17.56354100
16.90633400
16.95262500
16.74991600
16.94966700
18.14175000
16.81166700
17.27137500
18.44754100
17.70041700
19.07829200
20.05491600
18.79270900
19.28908300
18.37645800
18.01820900
18.07895800
19.27445800
18.07466700
19.02908300
17.98812500
18.01712500
17.82100000
18.00075000
19.08883400
18.89066600
19.00033400
18.49491600
18.25279200
18.94166700
18.64391600
19.03283400
17.80345800
17.99975000
18.32404200
17.89487500
21.23875000
19.05104100
18.23525000
18.09100000
18.42004200
18.24779200
17.81454100
18.51729200
17.80741700
17.71562500
18.72083300
18.26545800
18.29283400
18.17237500
18.86037500
17.86083300
17.29520800
19.75795900
17.85800000
17.72841600
17.55516700
17.71900000
17.42758300
17.76087500
17.62883400
18.11241600
17.30816700
17.54275000
16.88933300
18.22162500
19.32104200
18.34604200
17.23175000
18.29850000
17.12491600
20.46050000
19.72075000
18.60358400
20.64254100
22.29508400
19.65816600
21.20483400
17.70345800
18.71079200
18.15329100
18.60762500
17.85520900
17.78058300
17.87154200
17.40066600
17.44716700
19.73029200
19.82291600
18.32762500
16.81995900
17.36216600
18.23137500
16.97250000
19.00516700
17.34312500
18.43533300
17.93675000
17.23245900
16.96058300
17.99179200
18.83587500
17.85487500
17.04616600
16.87358400
16.70954100
18.21008400
18.55525000
17.85420800
16.58591700
17.82091600
17.35208400
17.06200000
16.71875000
16.67291600
16.65533400
18.77475000
16.31266600
18.88862500
18.53333400
18.22945800
17.36895800
19.32787500
17.80833400
17.71716600
17.40787500
19.80525000
17.83337500
17.66320900
17.30633300
17.02841700
20.06208300
17.61562500
18.40050000
18.19583300
18.20754200
18.99345800
17.88995900
17.57275000
18.00933300
17.35862500
18.50341700
17.56775000
20.76883300
19.06920800
18.76354200
17.74408300
18.26662500
18.50829200
18.53720800
18.35720900
18.39687500
17.52329100
17.58195900
18.60179100
18.45158400
17.88866600
18.58279200
19.22191700
19.04829100
18.59525000
19.41087500
18.81812500
18.53237500
19.26141700
18.46758300
17.22916700
18.06737500
17.36204200
17.54195800
17.85325000
17.32200000
17.64879200
17.66887500
17.69816600
18.89795900
17.44137500
18.16675000
18.23779100
18.72566700
18.65875000
18.07316700
17.44995800
17.67308300
17.58970900
17.84404100
18.41062500
18.80020900
17.57970800
17.82054200
17.87279100
17.87604200
17.89941700
18.48620800
18.95929200
18.81320800
18.24520800
18.15279200
17.96425000
18.54291700
18.02787500
18.00604100
17.95116700
17.40870800
17.52320900
17.62029100
17.24458400
18.99883300
17.26141700
16.66954100
20.29637500
18.98604200
18.17733300
17.90304200
18.40275000
16.99904200
18.22229100
17.25358400
17.56091600
17.72429200
18.00416700
17.92137500
18.14470800
17.21629200
17.48920800
17.81845800
17.20458400
16.68737500
18.14483300
17.00983300
18.91445900
18.82670800
18.05383300
17.52629200
17.99029200
17.00662500
17.63020800
17.21266700
17.40979100
17.25758400
18.52029100
17.17462500
17.16500000
18.13883400
17.47583300
18.20587500
17.21233300
18.23787500
17.86987500
17.27083400
17.43925000
17.46641600
18.52408400
18.25450000
17.58762500
18.02129100
17.24970900
17.98300000
18.19029100
17.87704200
17.44020800
17.97300000
18.32395900
18.07941600
17.42487500
17.49195900
17.78795800
17.30175000
18.07245800
18.93558400
18.49745800
17.32550000
18.00512500
17.96154200
17.55383300
17.52095800
18.86200000
18.20662500
19.09941700
16.67462500
16.68508300
16.53875000
16.53145900
17.48158300
18.44437500
16.71383300
16.46629200
17.89316700
17.73616600
16.58575000
17.80929200
18.29712500
17.26120800
17.71408400
17.60895800
17.66341700
16.81704100
17.29779200
16.59308300
18.23270900
16.88358300
16.70791700
17.29458300
16.82854200
18.26279100
16.84895900
17.37212500
17.68766600
18.05429200
18.05754200
18.03475000
17.71216600
17.30004200
18.29729200
18.06887500
18.21025000
18.77225000
18.11716600
17.90945900
17.54895800
17.96937500
17.44691700
17.30558300
17.45412500
17.06612500
18.18033300
17.31237500
17.78004200
18.21291700
17.23283300
17.27395800
18.65012500
18.37225000
17.90445900
17.96345800
17.48041700
17.71975000
17.31795800
18.34775000
18.25425000
18.24641700
18.41487500
17.59970800
17.45937500
18.06483300
18.68450000
18.43383400
18.50670800
19.84183300
18.42458400
19.35045800
18.53229200
18.54487500
18.39245800
17.43495800
17.32120900
17.93512500
18.42191600
18.09300000
18.11529200
18.91379200
17.55445800
18.09866700
18.78712500
18.09779100
17.68616700
17.76629200
20.74975000
18.63520800
18.29170800
18.41300000
17.55404200
17.81475000
17.18962500
17.19166700
17.51025000
18.11029100
17.77266700
17.86954200
18.98941600
18.63825000
17.54175000
17.29670900
18.01808300
18.36383300
18.99054200
17.43220800
18.89887500
17.83583400
18.22616600
17.35487500
18.26237500
17.86391700
17.50016700
18.70879100
18.66754200
20.23704200
19.22670800
17.91816700
18.75333300
18.91787500
18.69312500
17.38983300
17.61425000
17.24170900
17.68725000
18.58150000
18.16333300
17.68325000
18.10579200
17.93670800
18.87358300
18.52241700
18.60191700
18.54004100
18.41262500
18.83854200
18.46437500
17.89254200
19.15737500
18.44016600
18.93741700
19.27066700
18.29116600
19.79108400
19.40625000
17.25095800
16.90887500
17.33125000
17.48450000
17.84854200
17.10162500
16.47662500
16.37975000
16.35700000
16.95550000
16.60733300
16.50458300
17.82208400
16.76520800
16.45941700
16.97870800
16.81050000
17.18516700
15.54308300
15.87029200
15.54066600
15.68308400
15.72008300
15.19112500
15.57545800
15.70637500
15.44837500
15.41958400
15.66387500
15.31316600
16.24487500
16.27062500
15.40333400
15.37462500
15.66966600
15.85337500
16.85687500
16.61675000
15.85045900
15.11366600
15.25483400
15.76587500
16.40491600
16.81495900
16.49312500
14.70637500
14.99650000
15.02450000
15.52704100
16.35895900
14.44875000
14.13350000
14.21058300
13.98091700
14.77025000
15.80337500
14.33100000
13.97575000
14.23262500
13.87054100
14.37383400
14.62033300
15.05550000
14.22525000
15.39133300
14.17066700
14.83037500
15.78362500
14.10820800
16.12233400
14.24087500
13.86070800
14.83387500
14.14025000
14.88725000
14.13741700
13.83641600
18.99833400
15.51654100
15.12220900
15.98000000
16.47720800
16.33129200
16.14320800
16.42091700
16.71637500
16.07037500
16.40625000
16.00687500
16.18545800
16.27350000
17.06737500
16.32345800
16.45550000
16.23800000
17.67391700
16.78654200
18.53150000
19.07254100
19.20525000
18.76370900
17.72795800
18.17866700
17.68516600
17.81787500
17.68450000
17.76758400
17.70283300
18.31200000
17.19216700
19.20000000
17.67745800
17.04941700
17.76625000
18.30270800
16.95966700
17.88770800
17.89983300
17.02466700
17.75441700
17.80712500
18.06087500
18.59745800
17.53058300
18.30704200
18.65720800
17.98779200
17.06308300
18.88141700
17.57187500
18.20066700
18.69116600
20.16850000
18.78845900
18.53354100
18.17358400
16.87033300
19.22945800
18.92504200
17.92350000
18.12095800
17.69275000
16.88025000
17.66158400
17.50283300
18.54283300
18.76783400
18.77066600
16.72625000
17.69112500
17.47054200
17.54650000
17.90412500
17.74945800
16.80054200
18.05333300
17.72329200
17.09433300
17.65820900
17.49345800
17.01800000
18.12508300
17.53529200
16.93191700
17.70791600
18.00804200
17.37854200
18.29958300
17.57879200
17.04841600
17.92900000
18.60508400
16.75383300
17.77337500
18.99791700
17.98091600
17.43858400
18.38379100
18.30354200
17.46991700
18.49033300
16.99204200
17.93887500
17.60475000
16.91516600
17.88875000
17.27029200
16.90270800
18.64191700
18.95070800
17.78116700
17.76983300
18.61895900
18.33933300
17.64041700
17.15412500
18.48679100
17.72337500
18.86670900
18.09729100
17.98841700
16.97391700
16.86562500
18.52045800
17.03695800
17.49675000
18.13891700
16.74887500
18.44345800
19.37483400
18.73704100
16.77579200
17.80808300
17.53583400
20.08195800
18.90708300
17.99562500
17.82004200
19.96412500
18.32029200
19.05570800
17.71016700
18.16416600
17.82804200
18.55641700
17.77041600
18.60091700
18.44029200
17.91100000
18.64975000
19.75995800
18.35912500
17.71620800
18.73929200
19.68516700
17.30508300
18.43312500
20.50237500
17.31900000
18.42483300
18.58716700
17.05387500
17.90425000
22.98695800
16.68512500
16.41416700
18.12183300
16.68200000
19.48187500
16.93487500
17.93066700
17.01508300
17.60208400
16.18883300
21.53479200
18.22770800
16.45379200
18.27000000
17.77804100
17.31262500
18.91675000
16.33529200
18.16733300
19.93133400
18.74720800
16.76866700
17.23054100
18.33804200
17.15604200
18.33979100
18.61741700
16.29683300
16.76062500
16.74012500
17.26208400
18.64120800
18.22633300
18.11112500
18.19191700
19.11033300
18.20816700
18.20491700
17.42275000
17.96358300
17.92754200
18.39666600
17.57737500
19.19254200
17.46641700
17.15312500
17.67991600
17.15908400
16.48175000
17.36266600
18.06729200
18.37762500
17.29341700
17.05470800
18.78795800
18.08495900
19.24537500
18.41616600
17.76825000
17.07912500
18.39775000
18.13083400
17.36708300
17.31458300
