12.71775000
20.22054200
13.33333300
20.34991700
13.05366700
20.31404100
12.95583400
20.25362500
12.90975000
20.12875000
13.36479100
20.15120900
13.07583300
20.33320800
13.06133400
20.60795800
12.95045800
20.32025000
12.98650000
20.23800000
13.13779200
20.39204200
12.77862500
20.29966600
13.18837500
19.73725000
13.60925000
20.30616700
13.26337500
20.09991700
13.04925000
20.02883300
13.41995800
20.31925000
13.10154200
20.30070800
12.95345900
20.27883300
13.12658300
20.37283400
12.98500000
20.40204100
13.00291700
20.34962500
12.91620800
20.43641700
13.03941700
20.43437500
12.79579100
20.36187500
13.14562500
20.30825000
13.10133400
20.35583300
12.98500000
20.47708300
12.73845900
20.24745800
13.22033300
20.23670900
13.20308300
20.42979200
12.89945800
20.21491700
13.14279100
20.41366700
12.95904200
20.36037500
13.07612500
20.25541600
12.99170900
20.38550000
13.12125000
20.20566600
13.08987500
20.22345900
13.15675000
20.13808300
13.15975000
19.93133300
13.55887500
19.89175000
13.29345900
19.99433300
13.62479200
19.70758300
13.69920800
19.61112500
13.63504200
19.95783300
13.53525000
19.79012500
13.46033400
19.77504100
13.67495900
19.99533300
13.26875000
19.80450000
13.62362500
19.94775000
13.43329200
19.84412500
13.57258300
19.94954200
13.28312500
19.70191600
13.80983400
19.57241600
13.71250000
20.03387500
13.26020900
20.05741600
13.38033400
20.15645800
13.14479200
20.07658300
13.32591700
20.08833300
13.13841700
20.41025000
12.96687500
20.81120800
12.43650000
20.68945800
12.93133400
19.98133300
13.17695800
20.41120900
13.11641600
20.25187500
12.99137500
20.28095900
13.23070800
20.39429200
12.87008300
20.96983300
12.39891700
20.85608300
12.49737500
20.84604200
12.49041700
20.86500000
12.51908300
20.78758300
12.45562500
20.84629200
12.68537500
20.84650000
12.39200000
20.83516700
12.64045800
20.76654200
12.52425000
20.63420800
12.87058300
20.34408400
12.93675000
20.18454100
13.32550000
20.15841700
13.22962500
20.07116700
13.29437500
19.90237500
13.43379100
19.93454200
13.42800000
20.05295800
13.18500000
19.89483400
13.45141600
20.39616700
13.10266700
20.19491600
13.09933400
20.19625000
13.20358300
20.44383300
12.71608400
20.18858300
13.51395800
20.15054200
12.99116700
20.07370800
13.48804200
20.26658300
12.93583300
20.01641700
13.37087500
20.47037500
13.11654200
20.24937500
13.02562500
20.24025000
13.13012500
20.48337500
12.86537500
20.52320800
12.86425000
20.50679200
12.66366600
20.56495900
12.99900000
20.36300000
12.85737500
20.46554100
13.03275000
20.38429200
12.91229200
20.47070800
12.98437500
20.35970800
12.87350000
20.28170900
12.97450000
20.20204100
13.25387500
20.40137500
13.10275000
20.15754200
13.17083300
20.43345900
12.91587500
20.23950000
13.18004100
20.27737500
12.93045900
20.51695800
12.98562500
20.50637500
12.73095800
20.45812500
12.96887500
20.98091700
12.26241700
20.84200000
12.62020800
20.64466700
12.59212500
20.54575000
13.05358300
20.55237500
12.66995800
20.46729200
12.79212500
20.35929200
13.29475000
20.58129100
12.80991700
20.72112500
12.40645800
20.00654200
13.44562500
20.10645800
13.16070900
20.31429100
13.13208400
20.47983300
13.22570800
20.39629200
12.64020800
20.54062500
12.91062500
19.97291700
13.45270800
20.01620900
13.44416600
20.19741700
13.10662500
20.05929200
13.32262500
20.09337500
13.22633300
20.05337500
13.36158300
19.92000000
13.28837500
20.11591700
13.39545800
20.09920900
13.19395800
19.98854200
13.39633300
20.07345800
13.22637500
20.04754200
13.41350000
19.98691700
13.34004100
20.10658400
13.30629100
19.95445900
13.40945800
19.96979200
13.37454100
20.19587500
13.04783400
21.96091600
11.39933400
21.34529100
11.81225000
21.30912500
12.39966700
20.96604200
12.27350000
20.83279100
12.48962500
21.25966700
12.11316700
21.14220800
12.42766700
21.12608300
11.93891700
20.71195800
12.92833300
21.00033400
12.12745800
20.86720800
12.67787500
20.93237500
12.33041700
21.32433300
12.05725000
21.27295900
12.17600000
21.06620800
12.15066700
21.14658300
12.34900000
20.27695800
13.23300000
20.63591700
13.04183300
20.89825000
12.27445900
20.52087500
12.79287500
19.94691600
13.34287500
20.04812500
13.47437500
19.90300000
13.39175000
20.47266700
12.81095800
20.06895900
13.45775000
19.81408300
13.33595800
19.89566700
13.37612500
20.06412500
13.38058300
20.02429200
13.30508300
19.87416700
13.68333300
20.07883400
13.27050000
20.13558300
13.24166700
20.34087500
13.00862500
20.29129100
13.10650000
19.92529200
13.36716700
19.95429100
13.45812500
20.05575000
13.23533400
20.12029100
13.28900000
20.16866700
13.22620800
20.11816700
13.14491700
20.21670800
13.21512500
19.97825000
13.35633300
20.09041700
13.30050000
20.09908300
13.31162500
19.94762500
13.35000000
20.08675000
13.28570900
20.23383300
13.24316700
20.08425000
13.19941600
20.40808400
12.79925000
20.09725000
13.45066600
19.91416700
13.35933300
19.58795900
13.78062500
20.02491600
13.39666700
20.14650000
13.35408300
20.32662500
12.90979200
19.79216700
13.54945800
19.80662500
13.52220800
20.01370900
13.25262500
20.08625000
13.32845800
20.17191700
13.16966600
19.75595900
13.69008300
20.09466700
13.04187500
20.08991600
13.50979200
20.17225000
12.91129200
20.21404100
13.15570900
20.28154100
13.28875000
20.14825000
13.07595900
19.97212500
13.39066600
20.41341700
13.11791700
20.31787500
12.98987500
20.61166600
12.70341700
20.01629200
13.40508300
20.44841700
12.94012500
20.84462500
12.55379100
20.74812500
12.40108400
20.68629100
12.81012500
21.00208400
12.21258300
20.89595800
12.68604200
20.82770800
12.39787500
20.70891700
12.68670800
20.51375000
12.84558400
20.40354100
13.00350000
20.54841700
12.67170800
20.95095900
12.55962500
20.74237500
12.52575000
20.76433300
12.72120800
20.86737500
12.54154200
20.87079200
12.41512500
20.83304100
12.47195900
20.59937500
12.89512500
20.78925000
12.38125000
20.83695800
12.79054200
20.54679100
12.72562500
20.38141700
13.04337500
20.21016700
13.13691600
19.90604200
13.39533300
19.91391700
13.57200000
20.79679200
12.57737500
20.80491600
12.41591700
20.82845800
12.54170900
20.84258300
12.57554200
20.93900000
13.15983300
22.96758300
9.56137500
21.88366700
11.43133300
21.16158400
12.13916600
21.17525000
12.54054200
20.92758300
12.38516700
21.10512500
12.06116700
21.02887500
12.46166600
21.04150000
12.14979200
20.89354200
12.59358300
20.79887500
12.59741700
21.07350000
12.31291600
20.96329200
12.43287500
19.89966700
13.68754100
19.50008400
13.67945800
19.25670800
14.34179200
20.17429200
12.98100000
19.81466600
13.62212500
19.80987500
13.78900000
19.64075000
13.34004200
19.87470800
13.76116700
19.98295800
13.33866700
19.97191700
13.33412500
20.10479100
13.24783400
20.13491600
13.32845900
20.10891600
13.07150000
20.45262500
12.86083400
19.91025000
13.43475000
20.16229100
13.41554200
20.15816700
13.26533300
20.02733300
13.30975000
20.05375000
12.94612500
20.11650000
13.84320900
20.47162500
12.79466600
20.53491700
12.54158300
19.95812500
13.52879200
19.83454200
13.32616600
19.79195900
13.77875000
19.89058300
13.44945800
19.85695900
13.50720800
19.81120800
13.57600000
19.68245900
13.67570800
19.58408300
13.65633400
19.89575000
13.65975000
19.50270800
13.54900000
20.12337500
13.54550000
20.38037500
12.89233300
19.99620900
13.34758300
19.83737500
13.61104200
19.89379100
13.50912500
19.80912500
13.33833400
19.91712500
13.67991600
19.79500000
13.65070900
19.72904100
13.43608400
20.34420800
13.15733300
19.76658400
13.55933300
19.77858300
13.47083400
20.20804100
13.16416700
20.47175000
12.97170800
20.26641700
13.00895800
20.39858400
13.03683300
20.55970800
12.83500000
20.33320900
12.76516600
20.30641700
13.29983300
20.30083400
12.88104100
20.44341700
13.41666700
21.17725000
11.76733300
20.66187500
12.68604200
20.78566600
12.69429200
20.64420800
12.68370900
20.74433300
12.63983300
20.80916700
12.62225000
20.92066700
12.39254100
20.81483400
12.50354100
21.13600000
12.16670900
20.37250000
13.01162500
21.26766600
12.27012500
20.69308400
12.70758300
20.62933300
12.63333400
20.66808300
12.83287500
21.07983300
12.13958400
20.49850000
12.92583300
21.11000000
12.17091700
21.22062500
12.20891600
20.14362500
13.26829200
20.26595800
13.11108400
19.70508300
13.80650000
19.89958300
13.38887500
19.74104200
13.66066700
19.55962500
13.83187500
19.51595800
13.71329200
19.69254100
13.87487500
19.37591700
13.89587500
19.34262500
14.06054200
19.48858300
13.77670800
19.42612500
13.95966700
19.41187500
14.02704200
19.33745800
14.05400000
19.52716700
13.87816600
19.63408400
13.63858300
19.40775000
14.09191700
20.11487500
13.27775000
19.73308300
13.47687500
19.43641700
13.67516600
20.10520900
13.11279100
20.15916700
13.36316700
19.81900000
13.47654100
20.22875000
13.24445900
20.17116600
13.18979200
20.01754200
13.26200000
19.94183300
13.37608300
19.92775000
13.45183400
19.82908300
13.49750000
20.48604200
13.09733300
20.39166700
12.92441600
20.22212500
12.88754200
20.16550000
13.40591700
20.51441600
12.92362500
20.07016700
13.27420800
20.10500000
13.03495900
20.14483300
13.43695800
20.55150000
12.79500000
20.16270900
13.28512500
20.23870800
13.06791700
20.37887500
12.87750000
20.16312500
13.29795800
20.37645800
13.03233400
20.29779100
13.13683400
20.28700000
13.11437500
19.50729100
13.77795900
19.93195800
13.36983300
19.71645900
13.72083300
19.89483300
13.61729200
19.81504200
13.66833300
20.01845800
13.28183400
20.34316600
12.84516700
19.80475000
13.55987500
20.16295800
13.30837500
20.29516700
13.04550000
20.19470800
13.28341700
20.07850000
13.24033300
20.15366700
13.30462500
20.00795800
13.24566700
19.99925000
13.45295800
19.98041700
13.30120800
19.94466700
13.46858300
20.00483400
13.42087500
20.25783300
13.09045800
20.22437500
13.16095900
20.21395800
13.00045800
20.06854200
13.45437500
20.76495800
12.51608400
20.94191600
12.14166700
20.22562500
13.31500000
19.97341700
13.38662500
19.95441600
13.37600000
19.98925000
13.37804200
20.38495800
12.97820900
20.23645800
13.07879200
20.39091600
12.96620900
20.49120800
12.93662500
20.41391700
12.95395800
20.18054200
13.05925000
20.39979100
13.02604200
20.34158300
13.00520900
21.93429100
20.22495900
7.73191600
20.27504200
13.26350000
20.74550000
12.59083300
20.57358400
12.87987500
19.95495800
13.77933300
20.62791700
12.26812500
20.03000000
13.47350000
19.95120800
13.27600000
19.71812500
13.81537500
19.97675000
13.43300000
19.71625000
13.60200000
19.50100000
14.11912500
19.76975000
13.45837500
20.46254200
12.65208300
21.08029200
12.38287500
20.40791700
13.05316600
19.70504200
13.76616700
19.43525000
13.77870800
19.59325000
13.72229200
19.46141600
14.01908400
19.26720800
13.99975000
19.40195800
14.06895900
19.42491600
13.94862500
19.22570900
13.88266600
19.62045900
14.02812500
19.41233300
14.18016700
19.80041600
13.26166700
19.71241700
13.66620800
19.57412500
14.00700000
19.10066700
14.06908300
19.44795800
14.04908400
19.05770800
14.40595800
18.87504200
14.54541700
18.85741600
14.42050000
18.96991700
14.52079200
20.78295800
12.69829200
22.97404100
22.27979200
21.90854200
7.22637500
21.52779100
7.18350000
19.85279200
9.89612500
18.92695800
14.65158400
18.63416600
14.75533400
18.89175000
14.19954100
19.57633400
14.58516600
19.20062500
13.72533400
18.57595800
14.56554200
18.69337500
14.87037500
18.40662500
15.02608300
18.32695800
14.99362500
18.61566700
14.74566700
18.40625000
14.95416600
18.64783400
14.61008300
18.35108300
15.22650000
18.24683400
15.08845800
18.14941700
15.14866600
18.64837500
14.83516700
18.66145800
14.51937500
19.46066700
13.69925000
19.88458300
13.61933400
19.81329100
13.65762500
19.77525000
13.52712500
19.66475000
13.74058400
18.90591600
14.53508400
19.29870800
13.78262500
19.45833300
14.03675000
19.67475000
13.78275000
19.31650000
13.94554200
19.00804200
14.20687500
20.13679100
13.55879200
20.47191700
13.34087500
21.57562500
11.30466600
18.80754200
14.62891700
18.56875000
14.75075000
17.52629100
15.80066700
17.56395800
15.96058400
17.62337500
15.89387500
16.82395800
16.47279200
17.34170800
15.95466700
17.83525000
15.25504100
19.30575000
14.02970900
19.92383300
13.33183300
19.82904200
13.66820800
20.00791700
13.28991700
20.18525000
13.05287500
20.21000000
13.16366600
20.09420900
13.44700000
20.49512500
12.94362500
21.43179100
11.80620900
19.92416600
13.46195900
19.95704100
13.35383400
20.34479100
13.10854200
19.90083300
13.45420900
20.51625000
12.65525000
20.87383300
12.71179200
20.03550000
13.32779100
20.08725000
13.20033400
20.42008300
12.97550000
20.14337500
13.30383300
19.96266700
13.35058300
20.23358400
13.20204100
20.68629200
12.58879200
19.95558300
13.48950000
20.34037500
12.85391700
20.66416600
12.59762500
19.85212500
13.65050000
20.47537500
12.95833400
20.61216600
12.86841700
19.91487500
13.41495800
20.26800000
13.08750000
20.41891700
13.00583300
20.26279200
13.07237500
20.22145800
13.19758400
20.21341600
13.04512500
20.18370900
13.19662500
20.26991600
12.99612500
20.19975000
13.33716700
20.07691700
13.11641600
20.14245900
13.33275000
20.30862500
13.02829100
19.27145900
14.03050000
19.52091600
13.88462500
19.58345900
13.81383300
19.43525000
13.90800000
20.07458300
13.17650000
20.16316700
13.63250000
20.31008300
12.68266700
19.42408300
13.84966700
19.65787500
13.84429200
19.76462500
13.55316600
19.84516700
13.61883300
19.96420900
13.38129100
19.30662500
14.14887500
20.07733400
12.99137500
20.18150000
13.34862500
20.22812500
13.11995800
19.86016700
13.52820800
19.85391700
13.62500000
19.35595800
13.97783300
20.15462500
13.31000000
19.06508400
14.33195800
19.43112500
13.78745800
20.12475000
13.08204200
20.58454200
12.92716600
20.25791700
12.96062500
20.78279200
12.71179100
20.75183400
12.55058300
21.22033300
12.10233400
20.39241600
13.14291700
19.95233300
13.29779200
20.45587500
13.11737500
20.20695800
13.03470900
20.01666600
13.36050000
19.80345900
13.48720800
20.18554200
13.12866600
20.69375000
12.76925000
20.88941700
12.43312500
21.14825000
12.24362500
21.65125000
11.46833300
20.26983400
13.43650000
20.42916600
12.82566700
20.72250000
12.55529200
20.52333300
13.15837500
20.85579200
12.18095800
20.59920800
13.21508400
20.11583300
13.06975000
20.22075000
13.25237500
20.08937500
13.38637500
20.04983300
13.20633400
20.38575000
13.05554100
20.33012500
13.16887500
20.08362500
12.97654200
20.37941700
13.17366600
20.31708400
13.01675000
20.49929100
12.71104200
20.87579200
12.54387500
20.70866600
12.76858400
20.64391600
12.61125000
20.32320900
13.17766600
20.29400000
13.04250000
20.17466700
13.16737500
20.54541700
12.95954100
20.47737500
12.76816700
20.21025000
13.11620800
20.45275000
12.87408400
20.46662500
13.03325000
20.21250000
12.92695800
23.92554200
11.53962500
21.90645800
11.18308300
21.69600000
10.32041700
22.40533300
10.65958400
21.21366600
12.34658400
20.66125000
12.52950000
20.32445800
13.11170800
20.06370900
13.12787500
19.71595800
13.56879200
19.85433300
13.40929200
19.74554100
13.72454200
19.68679200
13.63254100
19.58200000
13.79712500
19.70804200
13.75737500
19.53604200
13.70762500
19.84004100
13.67816700
20.53508300
12.64937500
20.18100000
13.32220900
19.88400000
13.30708300
20.27858300
13.15358400
20.01266600
13.38083400
19.92287500
13.31116600
20.23737500
13.24562500
20.13058400
13.30683300
19.78520800
13.49812500
19.96100000
13.54625000
19.93325000
13.45162500
20.00929200
13.01616700
20.95112500
12.38662500
20.71445800
12.56270800
20.75016700
12.64316700
20.63045800
12.97287500
20.63808300
12.62062500
20.68245900
12.70900000
20.66654100
12.73241700
20.72654200
12.59766600
20.72725000
12.64933400
20.53304100
12.68633400
20.57845800
12.76345800
20.80675000
12.86550000
20.98491700
12.24133300
21.29991700
11.99558300
21.14662500
12.11320900
21.12225000
12.40591600
21.33233400
11.70679100
20.94825000
12.73658400
20.89204100
12.42270900
21.05295800
12.30379200
21.00620800
12.37933300
21.00062500
12.34554200
21.10341700
12.60033300
19.56295800
13.84887500
19.75475000
13.45691700
19.71587500
13.67504200
19.62362500
13.64504100
19.41520900
14.02087500
20.20895800
13.50570800
19.94520900
13.28295800
19.97237500
13.32287500
19.34325000
14.12425000
19.33504200
13.82070800
19.00783300
14.39579200
19.26704200
14.05775000
19.56904100
13.81833400
19.47133300
13.87070800
19.76041700
13.55166700
19.74983300
13.67495800
19.47725000
13.88591700
18.98666700
14.32700000
19.61358300
13.76387500
19.42216700
14.04654100
19.22050000
13.90645900
19.55750000
13.84895800
20.70483300
12.55287500
20.71366700
12.74458300
20.85779200
12.57962500
20.73066700
12.62150000
21.04362500
12.15504100
20.93954200
12.67950000
20.88837500
12.38416700
20.70225000
12.67891600
20.81970900
12.57445800
20.84754200
12.52433300
20.59775000
12.78729200
20.62245800
12.68870800
21.15795900
12.04283300
20.50108300
12.87516700
20.52283300
12.76041700
20.46775000
13.11579200
20.63633300
12.67679200
21.02941600
12.21508400
20.79279100
12.79887500
20.82070900
12.53208300
21.25979200
11.99433300
20.92345800
12.62379200
20.68975000
12.50629200
21.32695800
12.25216700
21.30325000
11.93962500
21.75095800
12.07079200
21.98195800
10.79362500
21.77520800
11.60737500
20.95950000
12.52550000
20.70983400
12.57079100
20.90358400
12.54179100
21.23337500
12.12337500
21.07212500
12.16654200
20.87433300
12.63250000
21.02325000
12.27112500
20.10133400
13.24225000
21.34779100
12.05033400
20.65512500
12.77062500
20.67062500
12.54445800
20.47300000
13.00720800
21.41683400
12.35645800
17.23379200
16.19079100
17.38220900
16.02083300
17.35600000
16.04550000
17.34983300
16.05691700
17.18475000
15.91941700
17.21287500
16.43850000
17.13912500
16.20933300
17.44616700
15.74725000
17.30758300
16.19029200
17.31337500
16.15312500
17.16333300
15.99008300
17.38454200
16.19962500
17.16800000
16.10083300
18.05637500
15.80329200
19.27537500
13.97666700
18.43762500
14.61970800
17.60783300
15.72566700
17.48408300
15.93566700
17.47270800
15.86941700
17.24950000
16.03454200
17.44604100
16.09883400
17.14170800
16.14379200
17.13150000
16.20245800
17.14654200
16.07320800
17.10991700
16.34150000
17.42933300
15.97429200
17.14695800
16.52670800
17.66508400
14.99187500
19.40112500
14.01770800
19.71033300
13.59845900
20.32954100
13.07287500
20.45329200
12.69904200
20.67741600
12.59666700
20.69916700
12.89408300
20.78458300
12.53770900
20.71075000
12.67087500
21.02816600
12.26066700
20.83037500
12.63070800
20.61254200
12.67354200
20.99279100
12.21020900
20.50070800
13.04670800
20.71770900
12.51270800
20.87700000
12.96175000
22.82295800
10.21841700
20.89770800
12.80508400
23.39712500
11.51858300
21.51329200
9.98466600
20.94158400
12.39687500
20.72550000
12.88962500
20.64158300
13.73808300
21.71850000
10.76645900
21.10945800
12.24820800
21.22970900
12.20870800
23.02308300
10.86162500
27.48395900
8.09262500
21.60054100
8.91445900
20.77962500
12.68937500
20.81925000
12.52604100
20.78987500
12.45587500
20.25583400
13.14029100
19.98612500
13.30183400
20.42483300
13.06866700
19.81741600
40.17187500
58.65120900
7.65962500
35.19908300
7.01454200
17.89933300
6.51908300
17.80487500
6.23329200
17.96320800
6.80525000
19.21604200
6.88183300
18.66075000
7.09120900
18.77437500
7.28333300
19.80866700
9.43041600
20.22933400
7.08962500
19.94300000
7.63012500
19.67645800
10.63162500
21.11095800
12.01066700
19.21458300
14.10779200
18.71479200
14.50958300
18.27937500
15.20066700
18.54329100
14.61879200
18.44541700
14.94458300
18.80250000
14.37029200
18.53475000
14.99666600
19.16779200
14.20154200
18.79216600
14.47995900
18.69366600
14.69650000
19.05370900
14.21262500
19.10350000
14.47733300
20.11916700
13.25975000
19.35354100
14.07616700
18.91779200
14.47620800
19.19758300
14.14166700
19.12595800
14.28887500
19.10575000
14.29458400
19.49766600
13.77016700
19.46320800
14.01354200
19.16841700
14.28041600
19.07416700
14.09416700
19.26345800
14.22666700
18.60595800
14.74570800
18.21537500
15.05295900
18.70891600
14.61341700
19.30083300
14.02395900
18.56525000
14.69979100
18.24204200
15.22550000
19.05454200
14.34120800
18.71358300
14.76325000
18.35225000
14.89708400
18.47241600
14.92020900
18.34429100
14.96550000
18.95937500
14.33383400
18.72004100
14.70270900
18.65058300
14.75891700
18.86058300
14.41525000
19.11929200
14.45508300
19.23983300
14.06712500
18.63516700
15.00070800
19.82204200
13.62475000
19.37354200
13.73858300
18.70875000
14.58091700
18.48375000
14.84820800
19.22654200
14.02529100
20.14641700
14.56183300
19.67729200
12.62166700
19.80295800
13.67429200
20.60875000
12.86558300
21.76370800
11.54462500
20.20491700
12.93875000
19.47633300
13.82654200
20.18600000
14.24875000
21.90487500
10.54487500
20.80141700
12.51670800
53.20112500
7.12570800
20.31854200
8.52612500
28.76583300
6.56570900
19.43266600
6.53795900
18.33529100
6.62583400
20.43470800
6.70966700
18.41033300
12.28375000
19.13941700
14.39483300
19.27775000
14.16362500
19.18633300
13.77604200
19.90266700
13.72862500
19.63270800
14.01237500
19.44008300
13.85000000
19.37729200
13.91675000
19.50691700
12.68841600
23.34670900
11.27358300
22.27025000
10.61641700
21.76129100
11.54908400
20.71579100
12.62733400
20.84404100
12.65920900
20.56858300
12.70791700
20.35512500
12.82012500
20.63416600
13.01316700
21.09087500
12.17479200
20.82712500
12.54195800
20.66091700
12.73166600
20.82091700
12.49954200
20.61854100
12.73950000
20.57037500
12.70458400
20.83083300
12.89475000
22.26037500
10.91479200
22.29545800
11.04691700
22.38875000
11.44412500
21.80675000
10.96062500
21.65533300
11.56329200
21.22820800
12.26541700
21.61033300
11.77054200
21.97825000
11.14116600
21.41562500
12.06562500
21.52025000
11.81316700
21.53091700
11.67525000
21.80366600
11.72366700
22.45012500
10.86012500
21.56754200
11.68083300
21.79062500
11.64708300
21.64608400
11.76641600
21.75345900
11.36237500
21.78929100
11.77091700
22.42541700
11.00850000
22.27495800
11.33429200
22.21033300
10.67241700
21.46712500
11.95575000
21.67329100
11.71050000
22.22662500
11.13116700
22.79875000
10.58595800
22.65920900
10.61729100
21.62845900
11.62912500
21.77566600
11.69904200
21.72450000
11.56004200
21.84191600
11.51837500
21.78425000
11.60612500
22.28887500
11.02204200
21.75591700
11.68950000
21.60637500
23.01029100
6.27987500
15.78529200
21.96795800
11.29320900
22.44762500
10.97712500
21.86708300
21.87275000
6.23050000
21.78741700
11.61533300
22.25341700
10.96987500
21.83550000
11.62720800
21.90725000
11.44925000
21.77587500
11.51587500
22.44750000
10.95275000
21.88904200
11.43808300
21.98408300
11.37779200
21.91158300
11.46091700
21.92437500
11.43270800
22.43075000
10.99233400
22.68170800
10.63491700
21.94958300
11.44300000
21.44762500
11.90850000
21.77000000
11.59350000
22.15120800
11.20783400
21.47958300
11.89104200
21.58312500
11.77591600
21.76954200
11.61783300
21.82137500
11.52620900
21.90166600
11.46604200
21.56812500
11.81866700
21.56883300
11.77066700
22.08654100
11.29695900
21.51008300
11.84891700
21.57437500
11.83295800
21.58533300
11.73525000
22.43329200
10.99458300
22.15020900
11.15512500
21.44775000
11.91691600
22.10933400
11.27595800
21.48012500
11.87725000
21.59012500
11.77541700
21.42195800
11.95904200
21.72429100
11.67275000
21.45295900
11.86262500
21.54795800
11.82445800
21.97191700
11.39337500
22.54141700
10.81937500
21.35750000
12.00754100
21.78141700
11.61883300
21.67758400
11.65850000
21.59533300
11.80908300
21.78745900
11.56233300
21.51500000
11.83733300
21.99587500
11.37845900
21.80120800
11.54833300
21.36383400
12.05091600
21.36562500
11.98600000
21.69708400
11.64458300
22.14229200
11.22500000
21.81562500
11.55404100
21.51495900
11.87416600
21.84908400
11.51858300
22.01387500
11.34683300
21.45704200
11.90300000
21.93650000
11.43500000
21.50129200
11.83720800
22.06554200
11.32312500
21.62741600
11.73729200
21.58479200
11.78445800
21.49170800
11.89575000
21.56850000
11.77316700
21.45737500
11.93962500
21.84012500
11.49120800
21.62741700
11.73458300
21.49162500
11.91575000
21.51212500
11.85433400
21.70350000
11.61025000
22.30200000
11.07712500
21.73887500
11.62341600
21.82641700
11.54854200
21.45741600
11.89875000
21.17779200
12.24112500
21.26279200
12.07345800
21.47358300
11.87745900
22.96216600
10.42187500
21.91700000
11.44654200
21.64662500
11.73520800
21.33875000
12.02729200
21.84212500
11.51466700
23.04095800
11.33587500
21.55762500
11.61500000
21.53662500
11.89470800
21.13212500
12.20416700
20.78975000
12.63325000
21.02041700
12.37566600
20.96662500
12.35845900
20.73170800
12.74654200
20.67004100
12.67941700
21.22429200
12.13895800
20.78408300
12.42033400
20.72045800
12.76004200
21.39875000
11.97658300
20.91891700
12.41341600
20.74641700
12.70625000
21.27583300
12.22154200
20.92745800
12.34116700
20.87466700
12.37587500
21.16220800
12.22475000
21.35787500
12.09845800
21.16537500
11.92133400
21.13529100
12.50025000
21.11891700
12.16845800
21.08583400
12.49895800
21.13850000
11.93954200
20.95437500
12.56495800
21.05883300
12.22658400
21.39483300
11.94858300
20.92075000
12.53404200
20.92158300
12.30120900
21.06566600
12.39941700
21.22937500
12.09587500
21.54300000
12.13766700
21.97391600
11.15245900
21.63275000
11.58470800
21.38791700
12.13795800
20.89175000
12.44516700
21.02783300
12.31929200
21.04050000
12.40154100
20.86133400
12.29570800
21.16345800
12.41100000
20.89825000
12.49133400
20.94145800
12.36345800
20.98137500
12.47483400
20.96525000
12.40062500
20.93175000
12.34937500
20.90220800
12.48329200
21.49537500
11.68191600
22.28966700
11.05108300
20.99312500
12.43237500
21.95791700
11.39233300
20.73266700
12.84441700
20.97095800
12.37329200
20.76595800
12.79362500
20.83437500
12.24879200
21.21004100
12.05066700
20.79929200
12.74891600
21.16200000
12.17312500
20.77920900
12.63066600
20.69404200
12.70308300
20.61583400
12.70195800
20.83012500
12.59658300
20.77275000
12.55762500
21.10437500
12.31883400
20.72641600
12.44379200
20.83925000
12.67404200
21.87216600
11.31920900
21.33020800
12.01229200
21.89545800
11.59566700
20.84529100
12.63587500
20.72983400
12.61383300
20.94970800
12.27954200
20.74433300
12.81837500
20.50666700
12.63100000
20.81725000
12.68383300
20.66858400
12.69675000
20.64604100
12.67879200
21.32608300
11.96745900
21.83483300
11.53225000
20.59666700
12.84095800
20.89700000
12.53737500
20.63154200
12.78533300
20.74450000
12.40425000
21.27729200
12.34200000
20.82283300
12.51112500
21.23975000
12.00325000
21.24641700
12.09350000
20.72920800
12.67850000
20.72158300
12.69104200
20.62337500
12.79995800
20.83012500
12.47308400
20.64208300
12.73408300
20.48941700
12.87479200
21.25154100
12.17037500
20.59591700
12.70270800
21.46250000
11.73808400
22.28625000
11.13866600
21.88179200
11.52487500
20.46729200
13.03245800
20.83275000
12.44575000
20.71587500
12.85229200
20.54225000
12.67520800
21.50487500
11.81025000
20.70687500
12.85366700
20.65504100
12.55520900
21.46129100
11.81108400
20.66591600
12.78904200
20.39791700
12.76483300
20.39870800
13.17875000
20.19533400
13.22166600
21.15466700
12.01679200
20.32441600
13.23916700
20.51795800
12.79562500
20.13395900
13.45587500
20.48683300
12.57158300
21.04066700
12.38150000
21.89937500
11.42479200
20.37525000
13.18295800
20.49975000
12.81000000
20.53987500
12.82887500
21.26850000
11.99737500
20.66829200
12.68716600
20.24829200
13.11604200
20.64091600
13.18870900
20.21683300
12.70241700
20.50750000
13.01591600
20.44225000
12.86504200
21.03570800
12.31466700
20.57112500
12.73995800
20.50900000
12.88837500
20.70966700
12.75104200
20.59091600
12.69562500
20.56262500
12.77191700
20.67141700
12.86037500
20.45775000
12.72995800
20.51845800
12.85841700
20.71837500
12.73829200
20.61870800
12.72754200
21.11354100
11.31900000
16.60329200
16.57883300
16.70925000
16.71395900
16.72379100
16.62300000
16.66733400
16.70500000
16.64508300
16.68770800
16.76241700
16.62312500
16.73358300
16.75550000
16.63604200
16.60179200
16.78050000
16.60387500
16.64520800
16.69875000
16.66908300
16.68525000
16.81870900
16.79212500
16.66700000
18.47129100
15.69162500
16.38425000
16.87675000
16.11045900
16.83066600
16.71554200
16.30545800
16.81787500
16.71533400
16.55795800
16.75608300
16.81208400
16.36291600
16.68358400
16.75491600
16.60537500
16.68083400
16.88312500
16.59595800
16.70600000
16.74887500
16.58762500
16.52516700
16.80858300
16.56241700
16.70916600
16.69220900
16.73995800
16.74075000
16.62641700
16.68850000
17.08154100
16.62450000
16.60995900
16.66004100
16.59379200
16.52037500
16.84141700
16.43079100
16.78666700
16.62395800
16.72016700
16.64341700
16.97529100
16.46862500
16.67983400
16.61541600
16.70104200
16.63416700
16.82554100
16.53800000
16.68066700
16.81162500
16.54875000
16.68520800
16.79404200
16.55791700
16.69762500
16.66491600
16.76691700
16.80687500
16.51133300
16.71633400
16.65733300
16.68687500
16.64187500
16.77133300
16.81579200
16.54808300
16.71737500
16.81020900
16.53483300
16.87637500
16.52966700
16.55233300
16.67745800
16.81437500
16.55379200
16.68533300
16.70704200
16.65191700
18.12379100
15.28791700
16.73804200
16.69683300
18.38829200
14.86354100
16.79412500
16.58462500
16.67887500
16.81620900
16.56216600
16.67404200
19.16770800
14.25679200
16.62820800
16.77108400
16.63379100
16.72404200
16.74066700
16.55741600
16.69108400
16.78187500
16.59620800
16.79604200
16.70000000
16.51916600
16.67737500
16.79975000
16.57462500
16.78083400
16.79216600
16.62200000
17.58545900
15.85366600
16.52433400
18.31383300
15.12095800
16.59045900
16.66245800
16.76833300
16.57654200
16.83362500
16.64154200
16.65404100
16.62729200
16.76962500
18.38879200
14.87966600
17.01295900
16.36816600
16.82791700
16.53600000
16.66404200
16.72095800
16.64820800
16.69104200
16.75025000
16.60645800
19.11362500
14.53491700
16.42429200
16.72195800
16.68237500
16.63862500
16.66654200
16.70137500
16.73058300
19.03808300
14.37050000
16.57883400
16.68775000
16.82429100
16.53075000
16.75729200
16.62116700
16.68137500
16.73766600
16.75383400
16.57762500
16.73379100
16.72333400
16.56470800
16.70716700
16.75962500
16.58670800
16.68745800
16.72858400
16.64104100
17.87645900
15.53987500
16.67970800
16.68004200
16.68987500
16.65383300
16.65091700
16.69375000
16.68633300
18.29408300
15.13000000
16.63541700
16.73937500
17.79716700
15.49979100
16.70400000
16.66716700
16.68141700
16.68529100
16.67445900
16.70595800
16.82366700
16.54770800
16.67629200
16.79366600
16.56008400
16.68433300
16.76070800
16.64487500
16.66987500
16.68054200
16.69229200
18.95233300
14.47245800
16.58308400
16.83412500
16.82108300
18.41516700
15.96812500
16.48725000
16.19041600
16.65287500
16.78416700
16.35204200
16.71483300
16.62395800
16.51420900
16.68075000
16.76629100
16.45112500
16.73975000
16.84466700
16.46141700
16.71158300
17.14304200
16.35645800
16.69016700
16.79158300
16.53141700
16.60041600
16.74208400
16.69916600
16.77804200
16.73783300
16.54350000
16.70866700
16.75887500
16.56708300
17.17691700
16.47037500
16.60741700
16.58320800
16.52887500
16.66708300
16.73300000
16.63933400
16.68475000
16.73729100
16.69600000
16.64479200
16.70466700
16.67233300
16.60283300
16.74383400
16.65875000
16.65854100
16.88800000
16.53779200
16.63283300
16.76450000
16.59704200
16.73525000
16.68229200
16.65545800
16.66004200
16.65933300
16.69854200
16.68845800
16.73179200
16.61645800
16.81766700
16.71487500
16.55804100
16.64550000
16.81912500
16.55050000
16.71270900
16.68962500
16.64983300
16.85895800
16.66016700
16.58454200
18.10095800
15.36720800
16.61245900
17.90779100
15.53050000
16.52120900
16.77504100
16.65158400
16.63725000
16.75579100
16.68245900
16.63754100
16.69087500
16.63320900
16.77691600
18.52850000
14.74541700
16.70333300
16.86850000
16.48283400
16.70712500
16.90483300
16.49441700
16.75262500
16.68212500
16.62150000
16.70012500
16.81966600
16.53300000
16.71812500
16.75416700
16.56729200
16.63658300
16.80925000
18.85479200
14.59212500
16.62695800
16.53041700
16.68362500
16.81779100
16.56016700
16.70925000
16.90279200
16.44775000
16.66787500
16.71645800
16.68833300
16.62629200
16.74775000
18.91958300
14.44479200
16.83454200
16.53041600
16.65912500
16.65041700
16.71791700
16.70529100
16.74708400
16.76925000
18.19041600
15.03108400
16.64587500
16.74666600
16.61083400
16.67929100
18.61966700
14.77562500
16.69591700
16.67258300
16.64775000
16.73375000
16.85025000
16.46433300
16.68362500
16.88850000
16.48016700
18.65708300
14.93354200
16.45283300
16.72679200
16.75825000
16.56833300
16.74945900
16.68862500
16.68445800
16.71704200
16.72745800
16.53687500
16.67704200
16.84729100
16.53600000
16.70558400
16.76779100
16.58091700
16.65954200
16.94850000
16.51866600
18.95008400
14.35920800
16.66387500
16.66962500
16.79412500
16.57083300
16.73500000
16.66595900
16.72783300
16.69904200
16.75320800
16.61250000
16.60575000
18.10258300
15.24491700
16.75020800
16.64008400
16.68612500
16.67562500
16.68175000
17.70991600
15.64591700
16.67258300
18.66579200
14.79812500
16.63220800
16.67579200
16.74787500
16.67087500
17.73629200
15.90958300
16.43116700
18.47475000
16.26429100
16.08408400
16.35666600
16.80858400
16.52675000
16.56100000
16.73295800
16.61583300
16.40320900
17.03654100
16.41325000
16.73220900
16.75970800
16.56275000
16.64441700
16.52870800
17.02416700
3778.77016600
21.63170900
20.44029100
20.62295900
20.09675000
20.32187500
20.59183300
20.72408300
19.92862500
21.25337500
20.53587500
20.60554200
19.71058300
19.42129200
20.24466700
19.83591600
18.91383400
19.58470800
19.62533300
19.86754200
19.19579200
18.72575000
18.74308300
18.57108300
18.50862500
19.87937500
21.10583400
20.77820800
19.30608300
20.12662500
18.92841700
19.09766700
18.72570800
19.36145800
18.99712500
19.46958400
19.56058300
18.74625000
18.93600000
19.28925000
18.30058300
18.86779200
19.00804200
18.60950000
19.17154100
18.99612500
19.10945900
19.70145800
18.99358300
18.84645900
18.55150000
18.94287500
19.24166600
18.51366700
19.00112500
18.67416700
18.64487500
19.34458300
19.48550000
18.42225000
19.26737500
19.36570800
18.96058400
18.56433300
18.87645800
19.47587500
18.78404200
19.08766700
18.51420800
18.63254200
18.11912500
18.70358300
19.07029200
18.13554100
19.16816700
19.29220800
18.66766700
18.67720800
19.42687500
19.03787500
18.85812500
18.81129200
18.78725000
19.16250000
18.75187500
19.99575000
19.43604200
18.99691600
18.76816700
18.62233300
18.98354200
19.51154200
19.26962500
19.18550000
19.16212500
19.43808300
18.92512500
18.93079200
18.88037500
18.26883300
18.70058300
18.69020900
18.48825000
18.26670800
19.82483300
18.56620900
18.87533300
18.19129200
19.25429100
18.80070900
18.72537500
18.92812500
18.83558300
18.77800000
18.26116700
19.39391600
18.82200000
19.27245900
19.90341600
18.98187500
19.06404200
20.49412500
19.43341700
18.69141600
19.96879200
20.00529200
18.85750000
18.84058300
18.26954200
19.77520800
19.06875000
19.42591700
19.50558300
20.33379200
17.87033300
19.26804200
18.93641600
20.66579200
19.42675000
19.02150000
19.10270800
18.86795900
18.55095800
17.99458300
17.91937500
19.83650000
18.56237500
19.34833400
18.23020800
20.19495800
17.86041700
19.67425000
18.28937500
18.51545800
18.78612500
17.40441700
19.86600000
18.87104200
18.93166600
18.55033400
19.15775000
18.35937500
20.23341600
18.30704200
19.90479200
19.64754100
19.71487500
17.65537500
19.39487500
20.22216700
18.83825000
19.22587500
18.05070800
19.35487500
18.80779200
19.95145800
18.55212500
18.02891700
16.47883300
19.32495900
18.64900000
17.90808300
18.49058300
17.56058400
18.38941600
18.03025000
18.05208400
17.96958300
18.32450000
18.76920800
17.88312500
18.75858400
18.40316600
18.63433400
18.01845800
18.29500000
18.13204200
18.82308300
18.89933300
18.50641700
18.90575000
18.45308300
18.08050000
17.92733400
18.22795800
19.50645800
19.20037500
18.81837500
21.18433400
19.15575000
19.91687500
19.02170800
18.34612500
18.66370800
18.42458400
19.45304100
19.04287500
19.20937500
18.18937500
19.37929200
20.28658300
19.01387500
19.92016700
20.03570800
18.84175000
19.13987500
20.08441700
17.96566700
18.54770800
18.97483300
20.19791700
20.10979200
19.44250000
18.83900000
19.17891600
19.10733400
17.76166600
18.70729200
20.60208300
18.41845900
19.67808300
19.76679200
18.92091600
18.94779200
18.75275000
17.96387500
21.22741700
18.97800000
20.13595800
20.82433300
18.60041700
18.93520800
21.32008400
19.15475000
18.78879100
18.08445900
19.21133300
18.69662500
18.39275000
17.80883300
20.63491700
19.93079200
19.72566600
19.63395900
19.79166600
18.92825000
18.67445900
18.94941600
20.04212500
18.38929200
19.47420800
18.25470900
19.42220800
19.57566700
19.16275000
19.29458300
19.88170800
20.68020900
19.46870800
19.21941700
18.12008300
19.11583300
20.46604200
19.22241700
19.22458300
19.41037500
20.09308300
19.75320900
20.19812500
20.46912500
18.68416600
19.45529200
18.88854200
20.62300000
18.75362500
18.81216600
20.03212500
19.28562500
19.10983400
18.87054100
19.32537500
18.99545900
19.33491600
18.67616700
18.66687500
20.11433300
19.72495900
20.07295800
19.73420800
18.59583400
20.32225000
19.62262500
20.26370800
19.14120800
18.55454200
18.37833300
18.55691700
18.97275000
18.30991700
21.18787500
19.06283300
19.20000000
18.97241700
18.81633300
18.51575000
18.70683300
18.91025000
18.65620900
18.63766600
18.82358400
19.37962500
18.37558300
18.39512500
16.26054200
20.35462500
19.11650000
19.74895800
19.00158300
18.98458400
18.90770800
19.94645800
19.39025000
19.41737500
18.87925000
17.78441700
19.39566700
20.17066600
18.88350000
18.51691700
18.81275000
17.97220800
20.21637500
20.96250000
21.14783400
19.74754100
20.79791700
20.79491700
20.32916600
21.61904200
19.56404200
19.81641600
20.23708400
19.31195800
19.21887500
19.30495800
19.26970900
19.83270800
18.64670800
20.32591700
19.55320800
19.26825000
19.77908400
20.28754100
21.59245900
20.01612500
20.23245800
19.57587500
20.33670800
21.67712500
20.12450000
20.60712500
20.49566700
20.30208300
20.92150000
19.05812500
18.57245900
18.64137500
19.68354100
18.69387500
18.49320900
18.66416600
17.26787500
19.66054200
18.78750000
19.22108300
19.73645900
19.07370800
17.83208300
17.75437500
21.11425000
17.67358400
18.55629100
17.83929200
17.87616700
17.61141600
17.60954200
19.25829200
18.22650000
18.81758300
18.15016700
17.44004100
18.40241700
18.58383300
18.36000000
18.21008400
19.02608300
18.35116700
18.32829100
18.83337500
18.58670900
18.76954100
19.15737500
20.12775000
18.56679200
18.44866700
18.64783300
18.71912500
19.58641700
18.25037500
18.88862500
18.84420800
18.42420800
18.46612500
18.49225000
18.88366700
19.86791700
19.30700000
18.86708300
18.99775000
20.29729200
18.87495800
18.22295800
19.60804200
19.93383300
19.43904200
19.20720800
19.40933400
20.00633300
29.74829200
27.12695800
20.88033300
20.85750000
21.03979200
22.67945800
20.72654200
20.46816700
20.89287500
19.14158300
20.22287500
19.77679200
21.26283300
20.06470800
20.03495900
20.00012500
19.41425000
20.39641600
20.05200000
18.56329200
22.08212500
20.26679200
19.16612500
19.80666600
18.57325000
19.77200000
19.15166700
20.80604200
20.15929100
20.35733400
19.04279100
18.69595900
18.47587500
18.81458300
18.57208300
19.58691700
19.18512500
18.66383300
19.24316700
18.87179200
18.63270800
19.28125000
20.25762500
19.59795800
19.99579200
18.92720800
18.94991700
19.39466700
19.35891600
19.65954200
19.52175000
19.75529200
19.88791600
20.00166700
20.32416700
18.99245800
18.43175000
18.25575000
18.38533300
19.62216700
20.86291700
19.61220800
19.03541700
19.45816600
19.33904200
18.54441700
18.81145800
20.12762500
18.72954200
18.55270800
18.38187500
19.14158300
19.70770900
19.07779100
19.19129200
19.83700000
19.83258300
19.86341700
19.81562500
19.79345800
18.99037500
20.34983400
19.19058300
19.19679200
18.60241600
18.58266700
18.61816700
19.06495800
19.20633300
19.60054200
19.75304200
19.10554100
18.17375000
19.57241700
19.97637500
20.38175000
19.56829200
19.40562500
19.69191600
19.43012500
19.78075000
20.18187500
19.13395900
18.84979100
18.95441700
19.46070800
18.99304200
19.45070800
20.07029200
19.05133300
18.82212500
18.40345900
18.77691600
19.61075000
20.21212500
18.94775000
18.48966700
18.64912500
18.78095800
19.92300000
19.95166700
20.74258300
20.29329200
20.20254200
20.23537500
19.82783300
19.58216700
19.98725000
19.40029100
18.62416700
18.36787500
18.89791700
19.35079100
19.58895900
18.69708300
19.32845800
18.51295900
18.15283300
17.99058300
17.98841700
17.75254200
18.21991600
18.19604200
17.82200000
18.28958300
17.08625000
16.90466700
18.30625000
17.28295800
17.47550000
18.13266700
17.95541700
17.69454100
17.26054200
18.19995800
19.67870900
21.37016600
18.86712500
19.13654200
17.72512500
16.95479200
16.75583300
17.22087500
17.84445800
17.91550000
17.43462500
16.77983400
17.44391600
16.71695900
16.17083300
16.58383300
16.20812500
15.96154200
16.02533300
17.44654200
17.32208300
17.47145900
16.82366600
17.04766700
16.70433300
18.08941700
17.86995800
18.07308400
17.96412500
17.63362500
17.67358300
18.44591700
19.20808300
18.03404200
18.27800000
18.63570800
17.67283300
20.25800000
17.32683400
17.16416600
17.00012500
17.05725000
17.99962500
17.91566700
18.75408300
17.67129200
18.14987500
19.16975000
17.86341700
19.07875000
17.80895800
17.72150000
17.77637500
18.60425000
17.48179200
17.60054100
17.35350000
17.25883400
17.40887500
17.50787500
17.28525000
17.40225000
17.27058300
17.16670800
17.68895900
18.66304100
18.07087500
18.83858400
17.99295800
18.69225000
19.51375000
18.25079200
19.22950000
19.61220800
19.63491700
19.38500000
18.14358300
18.33358300
18.32675000
18.71170900
18.18345800
18.03162500
18.45000000
18.47529200
18.95820800
19.39508300
19.09970900
19.17879100
19.77420900
17.79066600
17.50404200
17.91308300
19.60266700
19.02600000
19.11129200
18.81112500
18.63800000
19.55750000
18.03216600
17.89712500
18.86620900
18.38475000
17.82066600
18.00579200
18.40454200
19.62316600
18.40641700
18.71308300
17.61183400
16.91858300
17.18441700
17.12379100
17.97241700
17.57183300
19.08791700
18.74775000
18.39737500
18.39562500
17.42441700
18.11666600
18.49079200
17.87204200
18.23858300
18.39054200
17.68362500
19.69283300
18.40825000
18.06837500
17.78395800
17.88358400
18.48395800
18.63533300
18.40866700
18.27941700
17.79470800
18.49125000
20.83604200
19.70983300
18.54200000
17.57620800
19.28345900
18.55179100
19.34341700
18.32929200
17.48737500
17.98112500
17.30887500
17.09108300
17.07808300
17.21200000
17.91033400
17.95541600
17.12654200
17.20375000
17.66675000
17.12200000
19.00525000
17.22345800
17.26429200
17.83504200
17.92470800
17.32458300
18.01641700
18.05133300
17.54583400
18.82883300
18.73683300
17.73229200
18.62487500
18.22041700
18.55141600
18.21037500
17.78025000
17.28483400
17.38962500
17.82054100
17.36166700
17.67000000
17.88987500
18.70687500
19.80120800
17.87337500
17.28941700
17.77779200
17.43437500
17.31479100
17.89133400
18.14779100
17.86779200
17.66879200
17.11370800
17.42029200
18.16312500
17.60020800
17.83587500
17.44054200
17.51475000
16.69962500
17.02745800
16.63250000
16.26537500
16.75391700
16.39495800
17.76066700
17.24387500
16.40287500
17.58579100
17.45070900
18.68720800
17.67795800
17.60629200
17.22579200
17.59166600
17.56958400
17.30529100
16.29395900
15.42425000
15.45129100
15.53779200
15.76612500
15.91654200
16.13250000
15.95529100
15.83450000
15.61208400
16.43354100
16.66454200
16.62425000
16.94537500
16.72516700
16.92429100
16.12808400
15.55112500
15.69362500
15.26916600
15.34004200
16.67304200
16.42570800
15.84058300
15.77625000
15.19216700
15.10937500
15.06408300
15.12562500
16.20070900
16.31225000
16.52370800
17.72112500
18.30033300
18.66579200
18.91829200
18.18454100
17.40662500
17.09391700
16.98616700
16.73600000
18.18658300
16.65600000
17.53112500
16.59525000
16.73754200
16.84991600
17.83583400
16.71675000
16.88633300
17.71066700
16.65645800
16.75087500
18.30387500
16.79800000
16.27783300
16.75608400
16.23275000
16.66612500
17.99520800
17.38112500
20.19866700
18.74437500
18.94162500
19.62625000
19.86833300
17.92387500
18.20412500
18.82483300
19.04179200
20.28866700
18.74504100
19.20100000
18.64641700
18.29037500
17.07333300
16.67991700
17.24854200
16.78604100
16.48862500
17.67500000
16.99533400
17.10791600
16.32845900
16.53687500
16.85491600
16.90154200
16.39100000
16.19345800
15.78154200
16.00233300
15.75100000
15.85104200
16.43154200
16.36008300
15.68962500
16.90258300
16.31979200
15.84879200
16.42283300
16.23929200
16.68041600
16.16237500
16.12191700
15.45854200
15.83733300
16.09866700
15.54737500
15.64895800
16.21487500
16.31770800
16.39633400
17.17041600
17.90045900
16.88770800
17.21879200
16.68391600
16.16458400
17.37945800
17.27675000
17.44370800
18.18812500
16.92187500
17.25866700
16.18025000
16.38891700
16.52333300
16.53812500
16.11029200
16.99870800
16.26691700
17.00350000
16.98725000
16.67983300
17.13562500
16.85883300
16.75500000
16.44441700
16.26895800
15.89075000
15.91712500
15.93554200
16.60866700
16.66950000
16.71479100
16.09633400
15.80945800
15.86045800
17.02004200
16.12454200
17.38258300
16.19537500
17.00300000
17.16195800
16.07987500
15.95712500
16.42208400
16.33937500
16.50483300
17.83679200
18.37575000
16.85583300
16.09816700
15.88150000
16.01420800
15.94595800
15.74100000
16.25737500
16.48800000
16.13512500
16.70941700
16.62033300
16.86108400
16.85650000
15.94187500
15.95791600
16.14487500
16.71879200
16.34995800
16.79187500
16.51075000
18.94812500
17.08491700
16.47254200
17.67745800
16.25691700
16.35966600
16.48362500
16.34883400
17.43183300
17.38241700
17.09275000
17.88791600
17.28941700
17.58841700
16.58058300
18.73829200
16.94008300
16.58191700
17.36833300
16.83316700
16.49016600
16.56658400
18.16187500
18.55158300
17.00454200
17.84241600
16.59304200
17.19208300
17.86050000
16.34104200
16.18408300
16.33425000
16.04587500
18.16608400
17.26620800
16.61204200
17.29320800
17.19825000
17.57275000
18.28995800
17.79041700
17.42141700
16.03933300
16.59162500
16.66545800
17.38200000
17.05641700
17.41112500
17.35033300
17.50854200
18.20162500
18.37204200
18.67804100
18.01429200
17.95133300
17.32970900
16.90320800
16.88416700
17.44483300
16.86433300
17.68000000
17.06516700
18.36091700
17.38087500
18.24337500
19.60112500
18.06404100
18.03341700
17.77300000
18.15870800
17.79625000
17.26758400
17.12583300
16.61570800
17.27837500
16.51379200
16.85179200
17.83125000
16.56462500
16.30866600
16.45575000
16.57883400
16.94020800
16.62391700
17.10020800
16.59637500
16.31345800
15.54379200
15.32112500
15.52008300
17.04454200
16.73550000
15.50054200
15.39579100
15.28858400
15.93391600
16.24316700
15.52500000
16.75320800
16.36854200
16.66683300
16.43745900
16.51462500
16.43379100
17.90283400
17.61704100
17.10662500
16.31958400
17.45700000
18.08662500
17.78970800
16.54916700
16.93520800
17.54358300
16.54775000
16.28158400
16.24725000
16.20879100
17.53025000
16.52987500
17.09304200
16.13120800
16.31770900
16.94470800
17.95416700
17.08104100
16.45150000
16.58987500
16.88329200
16.90733300
18.73033400
17.09450000
16.33150000
16.53129100
16.68254200
16.40650000
16.45083300
16.79879200
16.31225000
16.91050000
16.48970800
16.59141700
15.99408300
16.62983400
16.76004100
17.54433400
16.83008300
15.95470800
16.03075000
16.01479200
17.24300000
16.52200000
17.73345800
16.40741700
17.12104200
18.36833300
18.41270800
16.04958400
16.71233300
16.30579200
17.32712500
15.99754100
16.60620900
15.42691600
15.08470900
15.27058300
14.69137500
15.12983300
15.23625000
14.69433400
14.93541600
14.86283400
15.03037500
15.29762500
16.12454100
15.67170900
16.22837500
15.67708300
16.28816700
16.52841600
15.06279200
15.87279200
15.21600000
15.59070800
16.53770800
16.58233400
17.52112500
18.03958300
18.02904200
16.93616600
17.64733400
17.13395800
16.98920800
17.24141700
17.83700000
17.79866700
17.84537500
17.24229100
17.45316700
17.56712500
16.69637500
4.79691700
215.17970800
16.63566700
16.66862500
16.71658300
16.64812500
16.70920800
16.68058400
16.65558300
16.70895800
16.65275000
16.70254200
16.67162500
16.68379200
16.81329100
16.55637500
16.75170900
16.62004100
16.69854200
16.66329200
16.69287500
16.67212500
16.67670800
16.69004200
16.68308300
16.73041700
16.63033300
16.71191700
16.68033300
16.67912500
16.68062500
16.66695800
16.69829200
16.67275000
16.68187500
16.67404200
16.68820800
16.70437500
16.66958300
16.67108400
16.71712500
16.65441600
16.70054200
16.66387500
16.72270800
16.70991700
16.68645800
16.61537500
16.70337500
16.66429200
16.68587500
16.68879200
16.70333300
16.69795800
16.65458400
16.69887500
16.66145800
16.69420800
16.66691700
16.68933300
16.67570900
16.70983300
16.67558300
16.66154200
16.70370800
16.66495900
16.70854100
16.66866700
16.68445800
16.68066700
16.69458300
16.67958400
16.67712500
16.71475000
16.65670800
16.68012500
16.66608300
16.68387500
16.70179200
16.66920800
16.69570900
16.68537500
16.66525000
16.69762500
16.67054100
16.70304200
16.68095800
16.66212500
16.70758400
16.67891600
16.67987500
16.69279200
16.66037500
16.68254200
16.69825000
16.68166600
16.68604200
16.68266700
16.68254100
16.68633400
16.68175000
16.71304100
16.67529200
16.67800000
16.69245800
16.69325000
16.65933400
16.67450000
16.67775000
16.69750000
16.66412500
16.67929100
16.73104200
16.65204200
16.67775000
16.79233300
16.57412500
16.69670800
16.66987500
16.67516700
16.70866700
16.66562500
16.68808300
16.70891700
16.66866600
16.69716700
16.65925000
16.66829200
16.68850000
16.68825000
16.68570800
16.67195800
16.68270900
16.69116600
16.70941700
16.77458300
16.56425000
16.67895900
16.77083300
16.60695800
16.67545900
16.70450000
16.66479100
16.70220900
16.70125000
16.64266600
16.69029200
16.68454200
16.67070800
16.68408300
16.73437500
16.65712500
16.67050000
16.72679200
16.62941700
16.68450000
16.72941600
16.66066700
16.66312500
16.68858300
16.70712500
16.68841700
16.65975000
16.68616700
16.66266600
16.77475000
16.63808400
16.63829100
16.68433400
16.72125000
16.65975000
16.67216600
16.67766700
16.73000000
16.72116700
16.60900000
16.69533300
16.73291700
16.62545800
16.71754200
16.66204100
16.70066700
16.72695800
16.61933400
16.67295800
16.69291700
16.67020800
16.68479200
16.68375000
16.68912500
16.67800000
16.67779100
16.73587500
16.62625000
16.74300000
16.65075000
16.67504200
16.67650000
16.67791700
16.67908300
16.68866700
16.69758300
16.70108300
16.77291700
16.57562500
16.68554200
16.65770800
16.71820800
16.65766700
16.67775000
16.69129200
16.72337500
16.70529100
16.64612500
16.66754200
16.67400000
16.68329200
16.67291600
16.71820900
16.72425000
16.65675000
16.67554100
16.65391700
17.14754200
16.43883300
16.60150000
16.84125000
16.42895800
16.83008400
16.60804100
16.58091700
16.73329200
16.64845800
16.69133300
17.24887500
16.13200000
16.64804200
16.67387500
16.77125000
16.64120800
16.64241700
16.76941700
16.58779100
16.68612500
16.77691700
16.62487500
16.67354200
16.64900000
16.70320800
16.68154200
16.70375000
16.65920800
16.68112500
16.68987500
16.69612500
16.65900000
16.68500000
16.69025000
16.69725000
16.65129200
16.71900000
16.68745800
16.65408300
16.67720900
16.69891600
16.66504200
16.70862500
16.68650000
16.70187500
16.66566700
16.65854100
16.70091700
16.69254200
16.71308300
16.64937500
16.69025000
16.68345800
16.65008400
16.68541600
16.68804200
16.71479200
16.68245800
16.68629200
16.70508300
16.63045800
16.68066700
16.68591700
16.72641600
16.63754200
16.71391700
16.66712500
17.15879100
16.20654200
16.68095800
16.75050000
16.62837500
16.69908400
16.65641600
16.68454200
16.66750000
16.70875000
16.66770800
16.67291700
16.73608300
16.63141700
16.68579200
16.72708300
16.63841700
16.76829100
16.68850000
16.70358400
16.62104100
16.73270900
16.63333300
16.69620800
16.69212500
16.60641700
16.73516700
16.70166600
16.62829200
16.72287500
16.69729200
16.65887500
16.76204100
16.65812500
16.63429200
16.68966700
16.67108300
16.68058300
16.66608400
16.67525000
16.71083300
16.71787500
16.65041700
16.66450000
16.72504100
16.65933400
16.67145800
16.73141700
16.70075000
16.67604100
16.74100000
16.59233400
16.69895800
16.66304200
16.64054100
16.68929200
16.70508300
16.66750000
16.72183400
16.64216600
16.70279200
16.65854200
16.67987500
16.68258300
16.68875000
16.67975000
16.67983300
16.72183400
16.71212500
16.66454100
16.65166700
16.66495800
16.70529200
16.66725000
16.69470800
16.71162500
16.64725000
16.69133400
16.69887500
16.68412500
16.64962500
16.68133300
16.76887500
16.62125000
16.71566700
16.62820800
16.73062500
16.64729200
16.69950000
16.68733300
16.70637500
16.66454200
16.65670800
16.67862500
16.67545800
16.69716700
16.67408300
16.73866700
16.67025000
16.64237500
16.68312500
16.72220800
16.66866700
16.66091700
16.68937500
16.69408300
16.70237500
16.66870800
16.67937500
16.66854200
16.68854200
16.70141600
16.69975000
16.64504200
16.67950000
16.68191700
16.68183300
16.71145800
17.04262500
16.57779200
16.44775000
16.70391700
16.73162500
16.59820800
16.87554200
16.49625000
16.73379100
16.60395900
16.77791600
16.58891700
16.70033300
16.67666700
16.68162500
16.69604200
16.66462500
16.73150000
16.63329100
16.68037500
16.72120900
16.64508300
16.74562500
16.63504200
16.71075000
16.65708300
16.70870800
16.70133400
16.62962500
16.68200000
16.68337500
16.68512500
16.71754100
16.66020900
16.65879100
16.70604200
16.69783300
16.68287500
16.65420900
16.69062500
16.67195800
16.68216700
16.67837500
16.70533300
16.67566700
16.70216600
16.71137500
16.63287500
16.67687500
16.71529200
16.70545800
16.63945900
16.71395800
16.64000000
16.70183300
16.66658400
16.70633300
16.66866700
16.72958300
16.65133300
16.66554200
16.70875000
16.66100000
16.68370800
16.72654200
16.63183300
16.68041700
16.68579200
16.71754100
16.67725000
16.68908400
16.67291600
16.67550000
16.68558400
16.72158300
16.65900000
16.66275000
16.68387500
16.70479200
16.65658300
16.68287500
16.68316700
16.68350000
16.68800000
16.70375000
16.64950000
16.70150000
16.69262500
16.67570800
16.69533300
16.69058400
16.65825000
16.69437500
16.66112500
16.72158300
16.65141700
16.71220800
16.65287500
16.69370800
16.72445900
16.63141600
16.71616700
16.66895800
16.67041700
16.69662500
16.67987500
16.66125000
16.72641700
16.64025000
16.69645800
16.68975000
16.67595800
16.67066700
16.70400000
16.67025000
16.72570800
16.68370900
16.67066600
16.64979200
16.72545800
16.65508400
16.69125000
16.69337500
16.65854100
16.73300000
16.63158400
16.68187500
16.67620800
16.68854200
16.70604100
16.66316700
16.72637500
16.63454200
16.69904100
16.67091700
16.69737500
16.67200000
16.67887500
16.71541700
16.70404100
16.66433400
16.67129100
16.65741700
16.69458300
16.67250000
16.69658400
16.71408300
16.65995800
16.68375000
17.15058400
16.62266600
16.43479200
16.68408300
16.82450000
16.43062500
16.67966700
16.70758300
16.65304200
16.69950000
16.70662500
16.66483300
16.67566700
16.75012500
16.61666700
16.72920800
16.68875000
16.64625000
16.67079200
16.63050000
16.66637500
16.70279100
16.85775000
16.49829200
16.84287500
16.72112500
16.64279200
16.87620800
16.61958300
16.64487500
16.64650000
16.95750000
16.80545900
16.58875000
16.54904100
16.65750000
16.60266700
16.72383300
16.69787500
16.57170900
16.86337500
16.65737500
16.63008300
16.77445800
16.66295900
16.60358300
16.87895800
16.60091700
16.73312500
16.63262500
16.77104200
16.64595800
16.66333300
16.59962500
17.19645900
16.58837500
16.53483300
16.88091700
16.46987500
16.65258300
16.67525000
16.46083300
16.32266700
16.75162500
1102.36175000
22.27841700
19.91658300
20.46587500
19.94025000
20.34558300
20.36233400
20.44916600
21.70187500
20.72720900
20.80700000
22.38033300
22.08708300
21.06270900
20.99970800
20.28420800
20.40820900
21.40187500
19.89241600
21.10695900
20.89204100
20.65412500
20.74033400
20.65433300
21.19537500
20.43004200
21.16733300
21.36108300
22.10712500
20.67187500
21.39220900
21.15475000
22.56466600
21.22254200
20.61854200
20.96679100
22.18979200
20.58304200
21.56983300
23.17137500
19.47083300
20.16866700
19.20995800
20.09533400
20.54904100
20.02908400
21.43066600
20.27541700
19.62337500
20.70495800
19.47208400
20.82291600
19.41579200
20.68366700
20.83445800
20.92391700
20.60950000
20.51112500
20.80762500
20.43750000
19.96145800
20.77195800
21.10445900
21.08858300
19.99954200
22.30308300
21.34933300
21.50270900
20.41337500
24.99037500
22.54941600
29.51870900
25.72920800
22.46125000
24.97308300
23.78804200
22.21187500
21.27175000
22.34941700
21.61212500
22.74079100
20.80541700
21.49933300
21.49520900
22.43987500
22.64679100
22.18720900
22.90316600
20.72854200
21.30054200
21.80012500
20.38329100
19.39645900
19.50820800
19.29458300
20.04762500
20.18433400
20.90066600
19.00954200
20.14933300
21.96229200
20.35829200
19.48050000
21.45579100
19.59808400
21.02191600
19.72600000
21.24741700
20.11941700
19.67845800
19.58087500
20.71350000
21.36233300
21.68683400
21.41404100
21.78404200
22.04679200
23.17391600
22.26708400
21.96258300
21.00137500
21.19870800
22.32245900
22.34275000
22.19891600
24.18437500
23.15625000
26.55658400
22.33304100
22.54170900
22.73816600
22.18900000
21.19154200
22.20945800
21.24962500
21.31558400
20.36095800
20.71166700
22.96350000
22.50995800
21.27875000
21.52908300
21.71150000
21.76879200
22.11812500
22.29041700
21.51562500
22.69129100
22.16158400
23.16450000
21.90816600
22.50837500
20.87375000
22.89083400
21.94779100
22.82500000
22.17550000
21.25070900
20.73708300
21.51450000
20.07400000
20.48625000
19.75341700
20.69908300
22.01670800
23.35912500
24.07675000
