18.39808400
14.94387500
17.84816600
15.52804200
17.68912500
15.67858300
17.75750000
15.59054200
17.72445800
15.64537500
17.48766700
15.88500000
17.46379200
15.87695800
17.25125000
16.08762500
17.71900000
15.70650000
17.35500000
15.97487500
17.71020800
15.67875000
17.13400000
16.21908400
17.08000000
16.14837500
17.02054100
16.36475000
17.05550000
16.40958400
17.04191600
16.37133400
16.60904100
16.69325000
16.60691700
16.76166700
16.92900000
16.43770800
17.62054200
15.79300000
17.40866600
15.95050000
17.27758400
16.12887500
17.08762500
16.21645800
16.76370800
16.49229200
17.04891700
16.42650000
17.18516600
16.18545900
17.40608300
16.00233300
17.69741700
15.67979200
17.78787500
15.56658300
17.71279200
15.65195800
18.01362500
15.35941700
18.00725000
15.35645800
18.27504200
15.10120800
17.99708300
15.37187500
17.82329200
15.52454200
17.79529100
15.55995900
17.59812500
15.78487500
17.95525000
15.25087500
18.25158300
15.28612500
18.34087500
14.85475000
18.66345800
14.87662500
17.97366700
15.39283300
18.00787500
15.37041700
18.21962500
14.96245800
18.40400000
15.12641700
18.48104200
14.72166600
18.78629200
14.74250000
18.35429200
15.00645800
18.44204200
14.95362500
18.30333300
15.05591700
18.38145800
14.98154200
18.35308300
15.02354200
18.21033300
15.15150000
17.80866700
15.37866600
18.22720900
15.31812500
18.12508300
15.23508300
17.96329200
15.40120800
17.86220900
15.50337500
17.69479100
15.66937500
17.89170900
15.45437500
18.00833300
15.33666700
19.34587500
14.03645800
19.13295800
14.24545900
18.99304100
14.34737500
19.15575000
14.22745900
19.23295800
14.11554200
18.59683300
14.77379200
18.72429100
14.66100000
18.95900000
14.38645900
18.89225000
14.48883300
18.87045800
14.49108400
19.00570800
14.36616700
18.82983300
14.52470800
18.88729200
14.50933300
19.03116700
14.31729200
19.05387500
14.32712500
19.10641600
14.10666700
19.29212500
14.23762500
19.45158300
13.93812500
17.77141700
15.60883300
17.77054200
15.57345800
17.62562500
15.56412500
17.55325000
15.94066700
17.43058300
15.93558400
17.64458300
15.74841700
17.80545800
15.56841700
17.62966600
15.75104200
17.49779200
15.83066600
17.85200000
15.52608400
17.61191600
15.76545900
17.68166600
15.52670900
17.66033300
15.84595800
17.62295900
15.76537500
17.59262500
15.75908300
17.52137500
15.84550000
17.48750000
15.88054200
17.45083300
15.92391700
17.25258300
16.09941700
17.33579100
16.04070900
17.41820800
15.94133300
17.38233400
15.84020800
16.95437500
16.52737500
17.34791700
16.04204100
17.02550000
16.30912500
17.17150000
16.21816700
17.03616700
16.31954100
17.06358400
16.35470800
17.14491700
16.17950000
17.13045800
16.23275000
17.35016700
16.01962500
17.13533300
16.21175000
17.03987500
16.23933300
17.23725000
16.21958400
17.17633300
16.19216700
17.36312500
16.02954100
17.42429200
15.93833300
17.25820900
16.14575000
17.85004100
15.51820900
18.16166600
15.19983400
18.12266600
15.23887500
17.44387500
15.90095900
17.69700000
15.67795800
17.69704200
15.52025000
17.79004100
15.72854200
18.13529200
15.24625000
18.22608300
15.15420800
18.41658400
14.95362500
18.31429100
14.86845900
18.44283300
15.08604200
18.26150000
14.94295800
18.51329200
15.03683300
18.11225000
15.24341700
18.27554100
15.10820900
18.21970800
15.13570800
17.95391700
15.39679200
17.83287500
15.53733300
17.86937500
15.49216700
17.78820800
15.57387500
17.74258300
15.62308400
17.67283300
15.69304200
17.49395800
15.84825000
17.21962500
16.04308300
17.16125000
16.30783400
17.38820800
15.97754200
17.32075000
16.04275000
17.88020800
15.53445800
17.99941700
15.36641700
18.00395800
15.35845800
17.87591700
15.50854200
17.93162500
15.40987500
17.88658300
15.48500000
17.70687500
15.65945800
17.98129200
15.40629200
17.82725000
15.52529100
17.85762500
15.51045900
17.83325000
15.53150000
18.06600000
15.29475000
18.02341600
15.36266700
17.76250000
15.59445800
17.69441700
15.49912500
18.19141700
15.34770800
17.86562500
15.50016700
17.83750000
15.51708300
17.85454200
15.51266600
17.94950000
15.44087500
17.92870900
15.27650000
18.31066600
15.20870900
19.00837500
14.32208300
18.89925000
14.45170800
18.62212500
14.75320900
19.05966600
14.31095900
19.30958300
14.06054200
19.13541600
14.21433400
19.29162500
14.11670800
19.61120800
13.71516700
19.40400000
13.98350000
19.26791700
13.95300000
19.61316600
13.90870900
19.09862500
14.23745800
19.16641700
14.24675000
19.19675000
14.13837500
19.12166600
14.26108400
18.80829100
14.40266700
19.36020800
14.17779200
19.07904200
14.23033300
17.98720800
15.45695900
18.22058300
15.03070800
18.20975000
15.24179200
18.17733300
15.18837500
17.77175000
15.60466700
18.04579200
15.33129100
17.86045900
15.32587500
17.86616600
15.67000000
17.85537500
15.34179200
17.66666700
15.84166600
17.84800000
15.54204200
17.77962500
15.57400000
17.77554200
15.60158300
17.90958300
15.46475000
18.07250000
15.29533400
17.84033300
15.35508300
17.83075000
15.69970900
18.11295800
15.25475000
17.78108300
15.42183400
17.79691600
15.75691700
17.92875000
15.25070800
18.51004200
15.02120800
18.71025000
14.68954200
18.55220800
14.80641700
18.52266700
14.82504100
18.46933400
14.72562500
18.83583300
14.71175000
18.42291700
14.76283300
18.64450000
14.90937500
18.43195800
14.93508400
18.57229100
14.78420900
18.60366600
14.76083400
18.51929100
14.67204200
18.69112500
14.67554200
18.39754100
14.97037500
18.91912500
14.65270900
18.43008300
14.73016700
17.91187500
15.62466600
17.62162500
15.75983400
17.88800000
15.46829100
17.73141700
15.62420800
17.73483400
15.63379100
17.69758400
15.66862500
17.64937500
15.71358300
17.66866700
15.72050000
17.86029100
15.52970900
18.03929100
15.12570900
17.73712500
15.79220800
17.88979200
15.50345800
17.95295800
15.41712500
17.87529200
15.49212500
17.73841700
15.61154100
17.94787500
15.41558400
17.82854100
15.52433400
18.07662500
15.12520800
17.89995800
15.63020900
17.88712500
15.48662500
17.79516600
15.58091700
18.17700000
15.00966700
18.08929100
15.44545900
17.90120800
15.47841700
18.00716600
15.17833400
17.86216600
15.66770900
18.02258300
15.37004200
18.01762500
15.33316600
18.13425000
15.23391700
17.84566700
15.53495800
18.16079200
15.01729100
17.87229200
15.68558300
18.13800000
15.05245900
17.91270800
15.61133300
17.80179200
15.55937500
17.41612500
15.94258300
17.73750000
15.64487500
17.80766700
15.55929200
17.71370800
15.47791700
17.75004100
15.79504200
17.45491700
15.87050000
17.34787500
16.01879100
17.44570900
15.96537500
17.66529100
15.68762500
17.54033400
15.81166600
17.84170900
15.37300000
17.58008300
15.95887500
17.74908300
15.61416700
17.88129200
15.49841600
17.73470900
15.44883300
17.83083300
15.70341700
17.80204200
15.58537500
17.60554100
15.72229200
17.48745800
15.91370900
17.86620800
15.50366700
17.85279100
15.50279200
17.85433300
15.51158400
18.12191600
15.29508400
18.47225000
14.84708300
18.32312500
15.03729200
18.30162500
15.08625000
18.37987500
14.91441600
18.29045900
15.14429100
18.57945900
14.59829100
18.50195900
14.86475000
18.29883300
15.25508300
18.40862500
14.96112500
18.76312500
14.59283400
19.11600000
14.20108300
19.52195800
13.85862500
19.55225000
13.85595900
19.47787500
13.83758300
19.38579200
14.01691600
19.31575000
14.03591700
19.91054200
13.46854100
19.41729200
13.93175000
19.50308300
13.85000000
19.11220900
14.25725000
19.17720800
14.17150000
18.93783300
14.46916700
19.05383300
14.15095900
18.94991600
14.57820900
19.94441600
13.40720900
19.48287500
13.91104100
19.81200000
13.55316700
19.96425000
13.39991700
19.35729100
13.84645900
18.53691600
15.01470900
18.75966600
14.59816700
18.51279200
14.85925000
18.45150000
14.84391600
18.58258400
14.85891600
18.64258400
14.72137500
19.81641600
13.36312500
22.31433400
11.22787500
22.56258300
10.79700000
20.18962500
13.01175000
19.83712500
13.68362500
17.75875000
15.62866700
17.63329100
15.70587500
17.40616700
15.95270800
17.56520900
15.83700000
17.41962500
15.91358300
17.12641700
16.26325000
17.55437500
15.82270800
17.42570800
15.76087500
17.43558400
16.06662500
17.29154100
16.08850000
17.49204200
15.89100000
17.41658300
15.78475000
17.43320900
16.08629100
17.71470900
15.49900000
17.59508300
15.91408300
17.27650000
16.10029200
17.71195800
15.62891700
17.28708300
15.95283400
17.24987500
16.25500000
17.44937500
15.94137500
17.61954100
15.75716700
17.56604200
15.80091600
17.56887500
15.80062500
17.26279200
16.06100000
17.52350000
15.89362500
17.60341700
15.75783300
17.70079200
15.65608300
17.62954200
15.72975000
17.42804100
15.77820900
17.45650000
16.11100000
17.37620800
15.80258300
17.42208400
16.08075000
17.71191600
15.67291700
17.44054200
15.76058300
17.62075000
15.92216700
17.53079100
15.65791700
17.44712500
16.06341700
17.45129100
15.92025000
17.51387500
15.70512500
17.64941700
15.87087500
17.62975000
15.75637500
17.75683300
15.60108400
17.56008300
15.79808300
17.64658400
15.56308300
17.44983300
16.07241700
18.04579200
15.16658300
17.92787500
15.62204200
17.86804100
15.49962500
17.78608400
15.56562500
17.83995800
15.35683300
18.63516700
14.91845800
18.21679200
14.96329200
18.45612500
15.09683300
18.30320800
15.06920900
18.53433300
14.81837500
18.38545800
14.97716700
18.64000000
14.74045800
18.54554200
14.63212500
18.60979200
14.81295800
18.53308300
14.97404200
18.60437500
14.74445800
18.46495900
14.90395800
18.26387500
15.10429200
18.75212500
14.60637500
18.40320800
14.97654200
18.61325000
14.56608300
18.74945800
14.81270900
18.60679100
14.74204200
18.61970800
14.75679200
18.91504200
14.45191600
18.21325000
15.14308400
18.16141600
15.21620900
17.76445800
15.60070800
17.66745900
15.69016600
17.60725000
15.74025000
17.44933400
15.91708300
17.23954200
16.11520800
17.55741700
15.80679100
19.12629200
14.24283300
18.69425000
14.66012500
18.93508400
14.29741600
18.57120900
14.94158300
18.63025000
14.72104200
18.59458300
14.76970800
18.42866700
14.95679200
18.64020800
14.70975000
18.64870800
14.72854200
18.76633300
14.60208400
18.74354100
14.63404200
18.60287500
14.73741700
18.61520800
14.79154200
18.83800000
14.49104100
18.73879200
14.61991700
18.42091600
14.95820900
19.26158300
14.10245800
18.90241700
14.38516700
17.43416600
16.06325000
17.53245900
15.83575000
17.39054100
15.96083400
17.55766600
15.81320900
17.86658300
15.51504200
17.69745800
15.64775000
17.76258300
15.62516700
17.68150000
15.70491700
17.41991600
15.73866700
17.30050000
16.07504200
17.40312500
16.14458300
17.83725000
15.51658300
17.68154200
15.66708300
17.64950000
15.75300000
18.04237500
15.30708400
17.72266600
15.64208400
17.72291600
15.64770900
17.82566600
15.53208400
17.75820800
15.59729200
17.94104100
15.45608400
17.08079100
16.09562500
17.36620900
16.13362500
17.53666600
15.89058400
17.50404100
15.81391700
17.58112500
15.79820800
17.41837500
15.94454200
17.66166700
15.71208300
17.72270800
15.65383400
17.59245800
15.60629200
17.68870800
15.84079200
17.58050000
15.77466600
17.56987500
15.64245900
17.79391600
15.74920900
17.48816600
15.74075000
17.62020900
15.70779100
17.56962500
15.95491700
17.66966700
15.54620800
17.83362500
15.68870800
17.83483400
15.36916600
17.71637500
15.79958400
17.54666600
15.85420900
17.58775000
15.77391600
17.48637500
15.85254200
17.60079200
15.61720800
17.94733300
15.59850000
17.36579200
15.95966700
17.21533300
16.13416700
17.65583300
15.74925000
17.81720800
15.55429200
17.92075000
15.45766700
18.09337500
15.28529100
17.93700000
15.41437500
18.31920900
15.04316600
17.89429200
15.48100000
18.06420800
15.30241700
17.98387500
15.37841700
17.84433300
18.48558300
13.73150000
17.92520900
15.43995800
18.04016700
15.26979100
17.82683400
15.41225000
18.03933300
15.50800000
17.94908300
15.42237500
17.59125000
15.59266700
17.69479200
15.84520800
17.58541700
15.60508300
17.50533300
15.98658400
17.55891600
15.82912500
17.42412500
15.94550000
17.48354200
15.86770800
18.12550000
15.27891700
18.41737500
14.96183300
18.14395900
15.04454100
17.38812500
16.10337500
17.77816700
15.63341700
17.22191600
16.08954200
17.41375000
15.98850000
17.18429200
16.16287500
17.26512500
16.08775000
17.00004100
16.35925000
16.98716700
16.26379200
17.15150000
16.39612500
17.21554100
16.08912500
17.19812500
16.19029200
17.16987500
16.24291700
17.49083300
15.83920800
17.13941700
16.21591700
16.98670800
16.34566700
17.26929100
16.10033400
17.12183300
16.20725000
18.58195800
14.85170900
18.33983300
15.01550000
18.35112500
15.01562500
18.33358300
15.04662500
17.94208400
15.39904100
17.81320900
15.55183300
17.93700000
15.44954200
18.03187500
15.32466600
18.19929200
15.14533300
19.54150000
13.85920900
18.33566600
15.00975000
18.12150000
15.26300000
17.92262500
15.44604200
18.07025000
15.29012500
17.81933300
15.53345900
17.80545800
15.57612500
17.71720800
15.64795900
16.98766600
16.25320900
16.68333300
16.79837500
16.57283300
16.78679200
16.57533300
16.80283400
16.57175000
16.78250000
16.57625000
16.79450000
16.57200000
16.78708300
17.09429200
16.29208300
17.60712500
15.79941700
17.68425000
15.67329100
17.31183400
15.90079100
17.20216700
16.31854200
16.69425000
16.61187500
17.07662500
16.36641600
16.97595900
16.35195800
17.13900000
16.25758300
16.75375000
16.54862500
17.97241700
15.43575000
18.39829200
14.97058300
19.84775000
13.38237500
17.22850000
16.31195800
16.87879200
16.39550000
18.10350000
15.17891700
19.68341600
13.68700000
18.61637500
14.74654200
16.70591700
16.81554100
16.52912500
16.80708400
16.56016600
16.79883400
16.69325000
16.63145800
17.40162500
15.89254200
18.94250000
14.56566600
18.49320900
14.86962500
18.58516600
14.79720900
105.44429100
6.24162500
33.64679200
5.78554200
22.85520800
5.31229200
21.22379100
5.14837500
21.21316700
5.13900000
21.34920800
5.36233400
21.29612500
5.19720800
21.12783300
4.79891700
19.59712500
4.90350000
20.16629200
4.81525000
19.90579100
4.79570900
19.37487500
4.86775000
19.64708300
4.82541700
19.15225000
13.93654100
18.00920900
15.36450000
18.35654100
15.01516700
18.02937500
15.34308300
17.90245900
15.48670800
18.10708300
15.24937500
18.20062500
14.98712500
18.37341700
15.15866700
17.87704100
15.49704200
17.84629200
15.52441600
17.75687500
15.58700000
17.87741700
15.51433300
17.82304200
15.53650000
17.90183300
15.46104200
17.78300000
15.59233300
17.75550000
15.60308400
17.90016600
15.45975000
17.80825000
15.54837500
17.60470900
15.76491600
17.75787500
15.60237500
17.59354200
15.77158300
17.41154200
15.94745800
17.80700000
15.56629200
16.76625000
16.53629200
16.59883300
16.79595800
16.80412500
16.44866700
16.76520800
16.60150000
16.90033400
16.57104100
17.12904200
16.24666700
16.95870800
16.45362500
16.92145800
16.41029200
17.17225000
16.06987500
17.43208300
16.06612500
17.45279200
15.92616700
17.44854100
15.77429200
17.11716700
16.41400000
18.18925000
15.20020800
19.39241700
13.94450000
19.18187500
14.15445800
18.87108300
14.53833400
18.66895800
14.66675000
18.50341700
14.88145800
19.17241700
14.16562500
17.87345800
15.49570800
18.53529200
14.83254200
19.32104100
14.03654200
19.60179200
13.64308300
19.86137500
13.66004200
20.46766600
12.76895900
20.79100000
12.60204100
20.00208400
13.46916600
19.15937500
14.17204200
18.65283300
14.74670900
19.97537500
13.24504100
19.00125000
14.47808400
17.96391600
15.31237500
17.66108400
15.82604100
17.86950000
15.49695900
17.89300000
15.49908300
18.68879200
14.67991600
18.60216700
14.65191700
19.30591600
13.99491700
18.83483300
14.70125000
18.27300000
14.98533400
18.85550000
14.45008300
18.37870800
15.17129200
19.14245800
14.04937500
19.20600000
14.29812500
19.07941700
14.15462500
20.02137500
13.46779200
20.83525000
12.40491600
22.94741700
10.41000000
18.41591700
15.10825000
18.25075000
14.96733300
18.24279200
15.29929100
18.52054200
14.82266700
18.58058300
14.62520800
18.47629200
15.06287500
18.47262500
14.88575000
18.39450000
14.96983300
18.94966700
14.41754200
19.73295800
13.61662500
19.31445800
14.04587500
18.81512500
14.58620900
18.44283300
14.84879200
18.33058300
15.08245800
18.74354200
14.66154200
18.30233300
14.88116700
18.52350000
15.00645800
19.17062500
14.21750000
18.66929200
14.68620800
18.88400000
14.46362500
18.78625000
14.60329200
19.23162500
14.11533300
18.13033300
15.23987500
17.62404200
15.72012500
17.48766700
15.88462500
17.18954100
16.19404200
17.43895800
15.89945900
17.38212500
15.93745800
18.51970800
14.78429200
18.20479200
15.29754100
17.63487500
15.72833400
17.49370800
15.85504200
17.33437500
16.01108300
17.85133300
15.56666700
17.71716700
15.62554100
17.68687500
15.69075000
17.69683400
15.67791600
17.73104200
15.61295800
17.59679200
15.79062500
17.94791700
15.43787500
17.99791600
15.36833400
17.75229100
15.60737500
17.74308400
15.60745800
17.42479200
15.93525000
17.85179100
15.53108400
17.69258300
15.67620800
18.23320900
15.14416600
18.73362500
14.61716700
18.55287500
14.82216700
18.64770800
14.72979200
18.70391600
14.64904200
18.64283300
14.55504200
18.54416700
14.98008300
19.17708300
14.16170900
19.44320800
13.94487500
18.37304200
15.03187500
18.36970800
14.96800000
18.02670800
15.31820900
18.72787500
14.68379100
18.74812500
14.60391700
18.63475000
14.56300000
18.50875000
15.04600000
18.60554200
14.74883300
18.44420800
14.91020900
18.47012500
14.73291600
18.34100000
15.15054200
18.64604200
14.72670800
20.08533300
13.33208400
19.52566600
13.80641700
17.98133300
15.36820900
18.36425000
15.02566600
18.53529200
14.82229200
18.38404100
14.96345900
18.31908300
15.06995800
18.62075000
14.76983400
18.44695800
14.87887500
18.51137500
14.85062500
18.42945800
14.95212500
18.72883400
14.62720800
18.47150000
14.89462500
18.51650000
14.86745800
18.64833400
14.68841600
18.36045900
15.01954100
18.70287500
14.67841700
18.51945800
14.88895900
16.95758300
16.33337500
16.96079200
16.41679100
17.11162500
16.21408400
17.27020800
16.14795800
16.93450000
16.32558400
17.15166600
16.30625000
18.31916700
15.12012500
18.57300000
14.60554200
18.68612500
14.87070800
18.55350000
14.79462500
18.58220800
14.80137500
18.49716700
14.68329200
18.53058300
14.83729200
18.43475000
14.92675000
18.53125000
15.03225000
18.62200000
14.74808300
18.76679200
14.40058300
18.58108300
14.95391700
18.51412500
14.85833300
18.33987500
15.02166700
18.39137500
14.99970800
18.06162500
15.28445900
18.11612500
15.25241600
18.08229200
15.29591700
18.41300000
14.93100000
18.43879100
14.76995900
18.54062500
15.02887500
18.58604100
14.74229200
18.43458300
14.93595900
18.49875000
14.87233300
18.53220800
14.82833400
18.43291600
14.93887500
18.25920900
15.12204100
18.70687500
14.57841700
18.41945800
15.00900000
18.43012500
14.94841700
18.67858300
14.69195900
18.44550000
14.73200000
18.52495800
15.02404200
18.61275000
14.62820800
18.50979200
14.97687500
18.13850000
15.24020800
18.27983300
15.08541700
17.98900000
15.36179200
18.33333300
14.86300000
17.85687500
15.71404200
18.26145800
15.07425000
16.51220800
16.83962500
16.52391700
16.68350000
16.69450000
16.71300000
16.64233300
16.80670900
16.56604100
16.79425000
16.56720900
16.77979100
16.58595900
16.68329100
16.68354200
16.68320800
16.68433400
16.80145800
16.56429200
16.76912500
16.59750000
16.78770800
16.57887500
16.78325000
16.58770800
16.77745900
16.58487500
16.84316600
16.53050000
16.68300000
16.67679200
16.74845800
16.61829200
16.76850000
16.59804200
16.84816600
16.51845900
16.77604100
16.59645900
16.79554100
16.56641700
16.79425000
16.57133300
16.78291700
16.58366700
16.78404100
16.58362500
16.80004200
16.56666700
16.84604100
16.52154200
16.79054200
16.57412500
16.85458300
16.51225000
16.79525000
17.07862500
16.29841700
17.80887500
15.60808300
18.32029200
15.03233300
18.44183300
14.94129200
18.75666700
14.63891600
18.31420900
15.02129100
18.35558400
15.01616600
18.75275000
14.56012500
18.84920900
14.56862500
18.76762500
14.59850000
18.82433300
14.55445800
18.78391700
14.39683300
17.93120900
15.55537500
19.81650000
13.57512500
19.52895800
13.87575000
19.55654200
13.77054100
19.82125000
13.58441700
19.80825000
13.53350000
19.91783300
13.46162500
19.70304200
13.66304200
19.82137500
13.55541600
19.73966700
13.61175000
19.55362500
13.77725000
19.22529200
14.19395800
18.94312500
14.37487500
18.65700000
14.70462500
18.21500000
15.17220800
18.44741700
14.89912500
18.29941700
15.06600000
18.57212500
14.79729100
18.67558400
14.76379100
16.53991700
16.74958300
16.66800000
16.57700000
16.67900000
16.68516700
16.75225000
16.72970800
16.56604200
16.83050000
16.53650000
16.68320800
16.68329200
16.69258300
16.68845900
16.79454100
16.55770900
16.81404100
16.55275000
16.78741700
16.57920800
16.80229200
16.57229200
16.77400000
16.58500000
16.79137500
16.57495800
16.80012500
16.57841700
16.67250000
16.68225000
16.71612500
16.66379100
16.84375000
16.51545900
16.79520800
16.56570800
16.79445900
16.57241600
16.68429200
16.68233300
16.82020900
16.54750000
16.78775000
16.57770800
16.79933300
16.56729200
16.80633300
16.56800000
16.78950000
16.56979200
16.86670800
16.50075000
16.82400000
16.55387500
16.77712500
16.87008400
16.51425000
17.02825000
16.21466600
17.00679200
16.47616700
17.01770800
16.23270800
16.68337500
16.80766700
16.78595800
16.51720900
16.62925000
16.78087500
16.64645800
16.62441700
16.85041600
16.61770900
16.66891600
16.69795900
16.61270800
16.83087500
16.49641700
16.68316600
16.68837500
16.84825000
16.51337500
16.80087500
16.56575000
16.80912500
16.55954200
16.78950000
16.57516700
16.79312500
16.57375000
16.68316600
16.68345900
16.79470800
16.57195800
16.79458400
16.57629100
16.85979200
16.50262500
16.78479200
16.58283300
16.77800000
16.58758300
16.78308400
16.58550000
16.77125000
16.59350000
16.68483300
16.68212500
16.80779200
16.55862500
16.77520800
16.59150000
16.79245800
16.57408400
16.79833300
16.57350000
16.83337500
16.60675000
16.70054200
16.59008300
16.81433300
16.54983400
16.72187500
16.64566600
16.78429200
16.58150000
16.81187500
16.55620800
16.80633400
16.55883300
16.79158300
16.57512500
16.79408400
16.66933300
16.69679200
17.33479100
16.06529200
16.53979200
16.84975000
16.66395800
16.64745800
16.57208400
16.77483300
16.59175000
16.84562500
16.52112500
16.80125000
16.93150000
16.41533300
16.59162500
16.78295900
16.64587500
16.61483300
16.68458300
16.78737500
16.65070900
16.72004100
16.57529200
16.79662500
16.60812500
16.72779200
16.77641600
16.50637500
17.05754200
16.43433300
17.32845900
16.07475000
17.15266600
16.18258400
17.35833300
15.87925000
17.80608300
15.66750000
18.78175000
14.60625000
19.72254200
13.68654200
18.31479100
15.01904200
18.48154200
14.86725000
18.15837500
15.22887500
18.53750000
14.83120800
18.21112500
15.14650000
18.39033300
14.98416700
18.53487500
14.84595800
18.59425000
14.74016700
18.87854200
14.51516600
18.59929200
14.75775000
18.75508300
14.62262500
18.52637500
14.68729200
18.74966700
14.76587500
19.03404100
14.30408400
18.42000000
14.97187500
17.95004100
15.28862500
17.45925000
16.06750000
17.45225000
15.91075000
17.26537500
16.09800000
17.22483400
16.11545800
17.41766700
15.97429100
17.30287500
16.06475000
17.72520900
15.63987500
17.43666600
15.93391700
17.71000000
15.67587500
17.52900000
15.83433300
17.66429200
15.51383300
17.88604200
15.67358300
17.39895900
15.77458300
17.71112500
15.85216700
17.53608300
15.81983300
17.74675000
15.61975000
17.78995900
15.56054100
17.63570900
15.56154100
17.85395900
15.69154100
17.62208400
15.75616600
17.64037500
15.71112500
17.37458400
15.99979100
17.73770900
15.62758300
17.62500000
15.73837500
17.60262500
15.77091700
17.85604100
15.50383400
17.63620800
15.72120800
17.59741700
15.78704200
17.57075000
15.78379100
17.62729200
15.77683300
17.45812500
15.87375000
17.77066700
17.50983300
14.78233400
16.64341600
17.38966700
16.00120800
17.76712500
15.43958400
17.78545800
17.48641700
14.94387500
17.63504100
15.69579200
17.62929200
15.76512500
17.66037500
15.73729100
17.46608400
15.86283300
17.56179200
15.81641600
17.58008400
15.79220800
17.41979200
15.76404100
17.74395900
15.79825000
17.60325000
15.76937500
17.60400000
15.60887500
17.77233300
15.56854200
18.01283300
15.35845800
17.95079200
15.57250000
17.57354200
15.79504100
17.99316700
15.21520800
18.99050000
14.49629200
18.66095800
14.73891700
17.72766700
15.63541600
17.70195900
15.65166600
17.58379200
15.80587500
17.56895800
15.83525000
17.76762500
15.39504200
17.89008300
15.64595900
17.49358300
15.88025000
18.00887500
15.35162500
17.87087500
15.48304200
17.72120800
15.49125000
18.03645800
15.50654200
17.72058300
15.61754200
17.58904200
15.80970800
17.47687500
15.88970800
17.80137500
15.54895900
17.52733300
15.85012500
17.71758300
15.65962500
20.95329200
12.22900000
18.69879200
14.80266600
17.94666700
15.45658300
17.61516700
15.74570800
17.70291700
15.66400000
17.65979200
15.69520800
17.84516700
15.54295800
17.56758300
15.76912500
17.71220900
15.52808300
17.94437500
15.56191700
17.61529100
15.59887500
17.75054200
15.78712500
17.95254200
15.39404100
17.80570900
15.56962500
17.71379100
15.64333400
17.65533300
15.67945800
17.98312500
15.37125000
19.19016700
14.22558300
18.86154200
14.47966700
18.57245800
14.79862500
18.93275000
14.28983300
18.83829200
14.69841700
18.79908300
14.52562500
18.70062500
14.71645800
18.61916700
14.70829200
18.74687500
14.59983300
18.53245800
14.85054200
18.87041700
14.49895800
19.02683300
14.34366700
18.94862500
14.39558300
18.99850000
14.41104200
19.03258300
14.29145900
18.76825000
14.60095800
19.29608300
14.09250000
19.41266700
13.96387500
17.39791700
15.95829100
17.62154200
15.77941700
17.64295800
15.70633300
17.74770900
15.59704100
17.59370900
15.80604100
17.89445900
15.45266600
17.46320900
15.90716600
17.64587500
15.74679200
17.55458300
15.62975000
17.77029200
15.77387500
17.57833300
15.81266700
17.47904200
15.68587500
18.26541600
15.24525000
17.81887500
15.56279200
17.83441700
15.57225000
17.47595800
15.82012500
17.47525000
15.93970800
17.49608400
15.86545800
17.39037500
15.95908300
17.29508400
16.05608300
17.34625000
16.05270800
17.25395900
16.08475000
17.41366600
15.96487500
17.38008400
16.00179100
17.49645900
15.85920800
17.19154200
16.17441600
17.34112500
16.03287500
17.53241700
15.83045800
17.30345900
16.04937500
17.40566600
15.81266700
17.58841700
15.92858300
17.33208300
15.88875000
17.30987500
16.20754200
17.39825000
15.96270800
17.29791700
16.07179200
17.39150000
15.98712500
17.63520800
15.74195800
17.44795900
15.76391600
17.94304200
15.56866700
17.82183300
15.55150000
17.27120800
16.07270900
17.34300000
16.05620800
17.50929200
15.68133300
17.57162500
15.93979200
17.44775000
15.92816600
17.27279200
16.06933300
17.57708400
15.80866600
17.40883400
15.96050000
17.48095800
15.72887500
17.49904200
16.03041600
17.46537500
15.89858400
17.18445800
16.18416700
17.48750000
15.87600000
17.37170800
15.99466700
17.45466600
15.93966700
17.22845800
15.95179200
17.40208300
16.12195900
17.46779100
15.74212500
17.16254200
16.32845800
17.13279200
16.10895800
17.20645900
16.29425000
17.53358300
15.86583300
17.31695900
16.04516600
17.41358400
15.79370800
17.52362500
16.01895800
17.33187500
16.00862500
17.36529200
16.01416700
17.48620800
15.89166700
17.32562500
16.01887500
17.31870800
16.09545800
17.47904200
15.87008300
17.39345900
15.94304100
17.26162500
16.09687500
17.32104200
16.06208300
17.38791700
15.96341700
17.31404100
16.02870900
17.64841600
15.78283400
17.48083300
15.85570800
17.36716700
15.84183300
17.45275000
16.07850000
17.44625000
15.90154200
17.31187500
16.05470800
17.20495900
16.17316600
17.21962500
16.12837500
17.85170900
15.53754100
18.84958400
14.48704100
18.68370900
14.57625000
18.61991600
14.84383400
18.75479100
14.65008400
18.67737500
14.66779100
18.42595900
14.92125000
18.65441600
14.72879200
18.78900000
14.61745800
18.29679200
15.01912500
18.39983300
14.98012500
18.19750000
15.17591700
18.57570800
14.76679200
18.37683300
14.99658400
18.51875000
14.85754100
18.25012500
14.98012500
18.24745900
15.24237500
18.98987500
14.40237500
19.04191600
14.28887500
17.95837500
15.29537500
17.26891700
16.24875000
17.18075000
16.14725000
17.34408300
16.05500000
17.07716700
16.32016700
17.21537500
16.14766600
17.11154200
16.24595800
17.24729200
16.11395800
17.29183400
15.91775000
17.33595800
16.18204200
17.24404100
15.97116700
17.23533300
16.30012500
17.07266700
16.12520800
17.20458400
16.31266600
17.13550000
16.21683400
17.30750000
15.92425000
17.33345800
16.18625000
17.13750000
16.21750000
16.94612500
16.40012500
17.11104200
16.27700000
17.07970800
16.29212500
17.11008300
16.23158400
16.99091600
16.38087500
17.12725000
16.26062500
17.21629200
16.13545800
17.09825000
16.14304200
17.18279200
16.31233300
17.15904200
16.19858300
17.16250000
16.24170800
17.15137500
16.19750000
17.28958400
16.06929100
17.10566700
16.24862500
17.07929200
16.27858300
17.26095800
15.98570900
17.21558300
16.15100000
17.19329200
16.32287500
17.14233300
16.21991700
17.17850000
16.17950000
17.48508300
15.91750000
17.24550000
16.10437500
17.19608300
16.18154200
17.15729200
16.19845800
17.13991700
16.18325000
17.07533300
16.18687500
17.16954200
16.33479100
17.20458400
16.16983300
17.15691700
16.11395800
17.24233300
16.06708400
16.85291600
16.67208400
16.63591600
16.57237500
16.84600000
16.63779200
16.66383300
16.70154200
16.68045800
16.57054200
16.85562500
16.62720800
16.65725000
16.62095900
16.75270800
16.69591700
16.68908300
16.64141700
16.61220800
16.80062500
16.67791700
16.68212500
16.70125000
16.67504100
16.67033400
16.69216600
16.72825000
16.65054200
16.55383300
16.83308400
16.65733300
16.57262500
16.84616700
16.64900000
16.72595800
16.49812500
16.78912500
16.74070800
16.69837500
16.67450000
16.66408400
16.53300000
16.80808300
16.69641700
16.66470800
16.56416700
16.78304100
16.58408400
16.85733300
16.51720800
16.84500000
16.64900000
16.67658400
16.67570800
16.66004200
16.67691600
16.59175000
16.81450000
16.71745900
16.61033300
16.59208300
16.69291700
16.82566700
16.66904100
16.68979200
16.69941700
16.69862500
16.54220800
16.76437500
16.77804200
16.47250000
16.80654100
16.56029200
16.68316700
16.68320800
16.68333300
16.68341700
16.68316700
16.68341600
16.68350000
16.68312500
16.68345900
16.68316600
16.68337500
16.68337500
16.68325000
16.68341700
16.68333300
16.68333400
16.68341600
16.68316700
16.68320800
16.68337500
16.68937500
16.67729200
16.68350000
16.68625000
16.68020800
16.68345900
16.69433300
16.67229200
16.68345800
16.68333300
16.68362500
16.68304200
16.68366700
16.68337500
16.77604100
16.73004200
16.66829200
16.76645800
16.47520800
16.78545900
16.71791600
16.66300000
16.67679200
16.69691700
16.67691600
16.68833400
16.69637500
16.67995800
16.55175000
16.86325000
16.60266700
16.67716600
16.71504200
16.66529200
16.67716600
16.70795900
16.55900000
16.80425000
16.56345800
16.69216700
16.84375000
16.51212500
16.80729100
16.73391700
16.52412500
16.79166700
16.75325000
16.67358300
16.66479200
16.66408300
16.71920800
16.50475000
16.68016700
16.70129200
16.83762500
16.66362500
16.73300000
16.66083300
16.69691700
16.71587500
16.63529100
16.64304200
16.55650000
16.79575000
16.56033300
16.79175000
16.57758400
16.68137500
16.85254100
16.73245900
16.64545800
16.67333300
16.63520900
16.56725000
16.67620800
16.87766700
16.50554100
16.66750000
16.69087500
16.84470900
16.62175000
16.69395800
16.56712500
16.80537500
16.55883300
16.80054200
16.56612500
16.79229200
16.79062500
16.63754100
16.62608400
16.70750000
16.66820800
16.56745800
16.81125000
16.55141700
16.79658300
16.76241700
16.61879200
16.55591600
16.68058400
16.77983300
16.71887500
16.68787500
16.66279200
16.56725000
16.68483300
16.68275000
16.86150000
16.51320800
16.78595900
16.57700000
16.80908300
16.68579200
16.72862500
16.65962500
16.52887500
16.83058300
16.70520800
16.51841700
16.81525000
16.71454200
16.68850000
16.54933300
16.81129200
16.51629100
16.71812500
16.80804200
16.71200000
16.49516700
16.78433300
16.58237500
16.83620800
16.69879200
16.63554200
16.56291600
16.85466700
16.63966700
16.74079100
16.62345900
16.56275000
16.67862500
16.80345800
16.56295800
16.68341700
16.81733300
16.72183400
16.51183300
16.68325000
16.85350000
16.69608300
16.62033400
16.56341600
16.68250000
16.81595900
16.73333300
16.50058300
16.72375000
16.64300000
16.79766700
16.69020800
16.56704200
16.80566700
16.68079100
16.73345900
16.64762500
16.67416600
16.68529200
16.55145800
16.81991700
16.54662500
16.77591700
16.59129100
16.68783400
16.85583300
16.50708300
16.80204200
16.68562500
16.68662500
16.55775000
16.79283300
16.75016700
16.68583300
16.62316700
16.71929200
16.53641600
16.86591700
16.49445800
16.82691700
16.70775000
16.64087500
16.78516700
16.60837500
16.70370800
16.70220800
16.61745900
16.72283300
16.65579200
16.54412500
16.79862500
16.56820800
16.81129200
16.72845800
16.66287500
16.65129200
16.65704100
16.59070900
16.84275000
16.54025000
16.66558300
16.68320800
16.68333400
16.68358300
16.68316700
16.68320800
16.68350000
16.68308300
16.68333400
16.68350000
16.68333300
16.68333300
16.68329200
16.68329200
16.68325000
16.68354100
16.68308400
16.68333300
16.68341700
16.68337500
16.68325000
16.68354100
16.68312500
16.68445900
16.68220800
16.68337500
16.68929200
16.67733300
16.68341700
16.68333300
16.68333300
16.68316700
16.68345800
16.68370900
16.68287500
16.78691600
16.71000000
16.71912500
16.68579200
16.51483300
16.80908400
16.74666600
16.59125000
16.69654200
16.70283300
16.55358400
16.68616600
16.80033400
16.70808300
16.68079200
16.67512500
16.66516600
16.70820900
16.66533300
16.56079200
16.85250000
16.62950000
16.69179100
16.56725000
16.82183400
16.71008300
16.63320800
16.56066700
16.80441700
16.74587500
16.68779100
16.61387500
16.66004200
16.68808300
16.58612500
16.86187500
16.50183400
16.68333300
16.82383300
16.70787500
16.69545900
16.69845800
16.60275000
16.57170800
16.83225000
16.70779200
16.65850000
16.53816700
16.80350000
16.72520800
16.51779200
16.78816600
16.57850000
16.81166700
16.55508300
16.83862500
16.68020900
16.67937500
16.53512500
16.77775000
16.59425000
16.80687500
16.72875000
16.63166600
16.67920900
16.75575000
16.65904100
16.67904200
16.72516700
16.61291600
16.68775000
16.55650000
16.79241700
16.56283300
16.68341700
16.83470800
16.66762500
16.54758400
16.80891600
16.72629200
16.65458300
16.69304200
16.53387500
16.81858300
16.69133400
16.54212500
16.83854100
16.64666700
16.73916700
16.52341600
16.66683400
16.81304100
16.73400000
16.67945900
16.64787500
16.71095800
16.51475000
16.81316700
16.71070800
16.70275000
16.50654200
16.77595800
16.59075000
16.81083300
16.72804200
16.66850000
16.52600000
16.80854200
16.73983300
16.53979200
16.64725000
16.78125000
16.71720800
16.55170800
16.83808400
16.67625000
16.65408300
16.56262500
16.68333300
16.69145900
16.67958300
16.67891700
16.68416600
16.68887500
16.68379200
16.67983300
16.68554200
16.68475000
16.67645800
16.68337500
16.70633400
16.67012500
16.68150000
16.67525000
16.68566600
16.68104200
16.68329200
16.68341600
16.68320900
16.68337500
16.69000000
16.67670800
16.68941700
16.68012500
16.68045800
16.68733300
16.67929200
16.68679200
16.68720800
16.67595800
16.70350000
16.66525000
16.68133400
16.68329100
16.68341700
16.68329200
16.68325000
16.68333300
16.68350000
16.68316700
16.68337500
16.68337500
16.68333300
16.68333300
16.68333400
16.68333300
16.68341700
16.68316600
16.68341700
16.68325000
16.68337500
16.68362500
16.68308300
16.68337500
16.68337500
16.68325000
16.68337500
16.68333400
16.68325000
16.68333300
16.68341700
16.68333300
16.68333300
16.68337500
16.68329200
16.68337500
16.68337500
16.68333300
16.69062500
16.67579200
16.68529200
16.68162500
16.68316600
16.68341700
16.68487500
16.68566700
16.67966600
16.68308400
16.68333300
16.68333300
16.68320900
16.68350000
16.68329100
16.68329200
16.68608300
16.68645900
16.67745800
16.68329200
16.68341600
16.68329200
16.69350000
16.67308300
16.68341700
16.68333300
16.68329200
16.68333300
16.69616700
16.67520800
16.67866700
16.70716700
16.66270800
16.68008300
16.68354200
16.68337500
16.68316700
16.68320800
16.68341700
16.68337500
16.70333300
16.68429200
16.66404100
16.68237500
16.68254200
16.68595800
16.70054200
16.66358300
16.68333400
16.68333300
16.69208300
16.67462500
16.68983400
16.67754100
16.71433400
16.65158300
16.69116700
16.67933300
16.67941700
16.68341600
16.72062500
16.64737500
16.68195900
16.71595800
16.65066700
16.68354100
16.68312500
16.68333400
16.68333300
16.68891700
16.69412500
16.66704100
16.68320900
16.68375000
16.68291600
16.69529200
16.67279200
16.68941600
16.68254200
16.67666700
16.68337500
16.68333300
16.68350000
16.68720800
16.67954200
16.68466700
16.68591600
16.68029200
16.68270800
16.68575000
16.68095900
16.68775000
16.68983300
16.67195800
16.70212500
16.67358400
16.67429100
16.68316700
16.68341700
16.69091600
16.67929200
16.68541700
16.68070800
16.69316700
16.67075000
16.69379100
16.67262500
16.68445900
16.68216600
16.68345900
16.68316600
16.68645900
16.68708300
16.67666700
16.68625000
16.68029100
16.68600000
16.68075000
16.68445900
16.68212500
16.68562500
16.68100000
16.68337500
16.68333300
16.69258300
16.67670900
16.68066600
16.68358400
16.69016600
16.67637500
16.68329200
16.68329200
16.69033300
16.68870800
16.67179200
16.68254200
16.68562500
16.68150000
16.68366600
16.68258400
16.69450000
16.68575000
16.67741600
16.69033400
16.69725000
17.21129100
16.36533400
16.44508300
18.23150000
21.97637500
17.96216700
19.68766600
20.03579200
20.62408300
17.32425000
16.17437500
15.97262500
14.51908400
14.23316600
14.15079200
14.29550000
14.39366700
13.72812500
13.76770800
16.53954200
16.68312500
16.68370800
16.68316700
16.68320800
16.68366700
16.68291600
16.68345900
16.68329100
16.68337500
16.68350000
16.68366700
16.68291700
16.68320800
16.68333300
16.68354200
16.68358300
16.68312500
16.68325000
16.68350000
16.68316700
16.68345800
16.68337500
16.68325000
16.68304200
16.69183300
16.67504200
16.68316700
16.72875000
16.63804100
16.68333400
16.68325000
16.68412500
16.68254100
16.68354200
16.70966700
16.65679100
16.68458400
16.68204100
16.68333400
16.68450000
16.68345800
16.68516700
16.69070800
16.68975000
16.66675000
16.68295800
16.69175000
16.67495900
16.68350000
16.68329100
16.68337500
16.68341700
16.68700000
16.67958300
16.68333400
16.68329100
16.69108400
16.67545800
16.68337500
16.68325000
16.68383300
16.68300000
16.69187500
16.67500000
16.68304200
16.69054200
16.70650000
16.65300000
16.68350000
16.68308300
16.70304200
16.66841600
16.67866700
16.68720800
16.67933400
16.68337500
16.68441600
16.68575000
16.68408400
16.68137500
16.68116600
16.69141700
16.67816700
16.68079100
16.68779200
16.68745800
16.67429200
16.69491700
16.67820800
16.67691700
16.68462500
16.68487500
16.68091600
16.68945900
16.67816600
16.68250000
16.68362500
16.68345900
16.68250000
16.68308300
16.68337500
16.68550000
16.68220800
16.68225000
16.68337500
16.68354200
16.71866700
16.65537500
16.69387500
16.66529100
16.68733400
16.71158300
16.66000000
16.68016700
16.68058300
16.68025000
16.68354200
16.68312500
16.68341600
16.68316700
16.68341700
16.68341600
16.68808400
16.67854100
16.68320900
16.68345800
16.68350000
16.68308300
16.68350000
16.68341700
16.68325000
16.68366700
16.68312500
16.68337500
16.68295800
16.68375000
16.68312500
16.68325000
16.69775000
16.66900000
16.68341700
16.68437500
16.68208300
16.68341700
16.68820800
16.67875000
16.68387500
16.69616700
16.67808300
16.67479200
16.68583300
16.68108300
16.68358400
16.68291600
16.68429200
16.68245800
16.68379200
16.68412500
16.68304200
16.68229100
16.68345900
16.68354100
16.68366700
20.63150000
15.30704200
14.11083300
16.68412500
16.68254200
16.68354100
16.68325000
16.71787500
16.64883400
16.68333300
16.69116700
16.67583300
16.68304200
16.72475000
16.64179100
16.68366700
16.68870800
16.67770900
16.68329100
16.69225000
16.67650000
16.68112500
16.68454200
16.68325000
16.68708300
16.67841700
16.69033300
16.67666700
16.68320800
16.68400000
16.68341700
16.68258300
16.68416700
16.69912500
16.70033300
16.65004200
16.68316700
16.68304100
16.68333400
16.68320800
16.68337500
16.68341700
16.68333300
16.68325000
16.68337500
16.68341700
16.68316600
16.68345900
16.68354100
16.68308400
16.68366600
16.68316700
16.68320800
16.68333400
16.68316600
16.68345900
16.68320800
16.68354200
16.68341600
16.68308400
16.68341600
16.68345900
16.68320800
16.68325000
16.68329200
16.68333300
16.68333300
16.68345900
16.68320800
16.68825000
16.67887500
16.68320800
16.69337500
16.67362500
16.68304200
16.68337500
16.68329200
16.68329100
16.69350000
16.67429200
16.68225000
16.68329200
16.68362500
16.68408300
16.68233300
16.68325000
16.68345900
16.68316600
16.68741700
16.68575000
16.67791700
16.68262500
16.68587500
16.68050000
16.68337500
16.69729100
16.67420900
16.68662500
16.68925000
16.68241600
16.67512500
16.67854200
16.68316700
16.68433300
16.68495800
16.68229200
16.68175000
16.68341700
16.68325000
16.68341600
16.68433400
16.68325000
16.68229100
16.68329200
16.68350000
16.68312500
16.69291700
16.67929100
16.67800000
16.68345900
16.68541600
16.68379200
16.68158300
16.68237500
16.68325000
16.68345900
16.68325000
16.69212500
16.67529100
16.68345900
16.68262500
16.68329100
16.68575000
16.68345900
16.68166600
16.68304200
16.69054200
16.67545800
16.68445800
16.69962500
16.66670900
16.68279100
16.68337500
16.68875000
16.68291700
16.69516700
16.67600000
16.67379100
16.68987500
16.67641700
16.68520800
16.68166700
16.68358300
16.68329200
16.68312500
16.69800000
16.66866700
16.68333300
16.70020800
16.66637500
16.68429200
16.68262500
16.69200000
16.67462500
16.68345800
16.68416700
16.68216700
16.68337500
16.68316600
16.68429200
16.68612500
16.67958300
16.69370900
16.67420800
16.69070800
16.68091700
16.68308300
16.67741700
16.69279200
16.67433300
16.68300000
16.68420800
16.68241700
16.69095800
16.67554200
16.68350000
16.68333300
16.68675000
16.68562500
16.67766700
16.68337500
16.68312500
16.68337500
16.68341700
16.69066600
16.68462500
16.67454200
16.69383300
16.67487500
16.68250000
16.68654200
16.68008300
16.68329200
16.68487500
16.68079200
16.69954100
16.66987500
16.69579200
16.67420800
16.68200000
16.67883400
16.68325000
16.68608300
16.68054200
16.68412500
16.68262500
16.68304100
16.69145900
16.67537500
16.68762500
16.67979100
16.68258400
16.68345800
16.68308300
16.68429200
16.68462500
16.68283300
16.68454200
16.68025000
16.71191700
16.65525000
16.68291600
16.68329200
16.68337500
16.68441700
16.68220800
16.69333300
16.67333400
16.68354100
16.68633400
16.68229100
16.68666700
16.68812500
16.67870800
16.67850000
16.68904200
16.68058300
16.67966700
16.68320800
16.68704200
16.67979200
16.68362500
16.68812500
16.67820800
16.68370800
16.68320900
16.68387500
16.68508300
16.68066700
16.68604100
16.68954200
16.67466700
16.68312500
16.68354100
16.68308400
16.68345800
16.68329200
16.68329100
16.68370900
16.68295800
16.68508300
16.68216700
16.68291700
16.68308300
16.68354200
16.68337500
16.68304100
16.68383400
16.68316600
16.68345900
16.68312500
16.68320800
16.68341700
16.68320800
16.68375000
16.68333300
16.68291700
16.68345800
16.68316700
16.68333300
16.68395900
16.68291600
16.68316700
16.68329200
16.77108300
16.59595800
16.68337500
16.68291700
16.69195800
16.67579200
16.68250000
16.68654200
16.68004100
16.68341700
16.68387500
16.68608300
16.67991700
16.68329200
16.68337500
16.68412500
16.68241600
16.68433400
16.68250000
16.68345800
16.69066700
16.67591600
16.69704200
16.66954200
16.68458300
16.68200000
16.68325000
16.68595800
16.68154200
16.76183300
16.65354200
17.04008300
16.27729200
16.68875000
16.67866700
16.71437500
16.67483300
16.67437500
16.66895800
16.68437500
16.68291700
16.72470800
16.64450000
16.68020900
16.68325000
16.68716600
16.67958400
16.68304100
16.68341700
16.68345800
16.68541700
16.68133300
16.68337500
16.68341700
16.68791700
16.67854100
16.68341700
16.68304200
16.68383300
16.68325000
16.68316700
16.68325000
16.68337500
16.68333300
16.68387500
16.69166700
16.93341600
16.87383400
16.31004100
16.95358400
16.58475000
16.86929100
16.39179200
16.59408300
16.72900000
16.89991700
16.65695800
16.63720900
17.02695800
16.18154200
16.59862500
17.31775000
16.94704100
16.33283400
17.00200000
16.01750000
16.72945800
16.79795800
16.32233400
16.84608300
16.52091700
16.70191600
16.66958400
16.69529100
16.67575000
16.68854200
16.68162500
17.23045800
16.87829200
16.97608300
16.50758400
16.56062500
17.16916600
16.05025000
16.43454200
17.44891700
16.09050000
17.09766600
17.45595900
15.68783300
18.05845800
15.28879200
16.57129200
17.83583300
16.01400000
16.59958300
17.14983400
16.06783300
16.74333300
16.77579200
16.28358300
16.37762500
16.70920900
16.61008300
16.94883300
16.49645900
16.38458300
17.54645800
16.62916700
17.00766700
15.94616600
16.74529200
16.54433300
17.06845900
16.16487500
17.17587500
15.98904100
16.90875000
16.45808400
16.68291600
16.68350000
17.02650000
16.37583400
17.22895800
16.14037500
16.64487500
16.69487500
16.67737500
16.68954200
16.67154100
16.68354200
16.83462500
16.53395800
16.88695900
16.61383300
16.55370800
17.54691700
15.82979200
17.30504100
16.04500000
16.68795900
16.67887500
16.68912500
16.70391600
16.81350000
16.58158400
16.97608300
16.33579200
17.72725000
17.01979100
15.56358400
16.42229100
17.38891700
17.37616700
15.28512500
16.77412500
16.59262500
16.73820800
16.62825000
16.68341700
16.80745800
16.55908300
16.84850000
16.51858400
16.68341600
16.68291700
16.85479200
16.51200000
16.68316600
16.68337500
16.68325000
16.68329200
17.18687500
16.17975000
16.68341700
16.68391600
16.89912500
16.47275000
16.67754200
16.68337500
16.68412500
17.12570800
16.25550000
16.66825000
16.68391700
16.69195800
16.67400000
16.69266700
16.67416700
16.68604100
16.68050000
16.68345900
17.03887500
16.32783300
16.68316700
16.68333300
16.71812500
17.50791700
15.82400000
17.82825000
15.80916600
16.41250000
16.68333400
16.69537500
16.73645800
16.61808300
16.68358400
16.68341600
16.68300000
16.69841700
16.68679200
16.67629100
16.67704200
16.67833300
16.68325000
16.68337500
16.69237500
16.67425000
16.68325000
16.70270900
16.67312500
16.67462500
16.68304100
16.68329200
16.68312500
16.68333300
16.68641700
16.68029200
16.68341600
16.68370900
16.68287500
16.68387500
16.68300000
16.68320800
16.68354200
16.68308300
16.68362500
16.69916700
16.67629100
16.67429200
16.68350000
16.68754200
16.67891600
16.68958400
16.67708300
16.68354200
16.68341600
16.68295900
16.68354100
17.58695900
16.90770800
15.55525000
16.68320800
16.68350000
16.68320900
16.69845800
16.92645800
16.44416700
16.66437500
16.68316700
16.68354100
16.68487500
16.68183400
16.68375000
16.68400000
16.68208300
16.68345800
16.68325000
16.68333400
16.68333300
16.70283300
16.66400000
16.68345900
16.68312500
16.70266600
16.66412500
16.68650000
16.68670900
16.67662500
16.69408300
16.86241700
16.99487500
16.44108300
16.42429200
16.68345800
16.68325000
16.68337500
16.68316700
16.68362500
16.68300000
16.68545800
16.68116700
16.68333300
16.68350000
16.68579200
16.68070800
16.68362500
16.96912500
16.39758300
16.68295900
16.68404100
16.69379200
16.67733300
16.67862500
16.69883400
16.66770800
16.68520800
16.69220900
16.67245800
16.68325000
16.68354200
16.68300000
16.68345800
16.68325000
16.68345800
16.68333400
16.68333300
16.68316700
16.68662500
16.68150000
16.68187500
16.68329100
16.68354200
16.68316700
16.68333300
16.68658300
16.68016700
16.69562500
16.68400000
16.67033300
16.68350000
16.68345900
16.68325000
16.68304100
16.68358400
16.68325000
16.70012500
16.68558300
16.67462500
16.67287500
16.69625000
16.67087500
16.68325000
16.68304200
16.69904100
16.68250000
16.66850000
16.69941700
16.68725000
16.67679200
16.67341600
16.69237500
16.67137500
16.68308400
16.68316600
16.68291700
16.68358300
16.68316700
16.68391700
16.68304100
16.68308400
16.68345800
16.68325000
16.68329200
16.68329100
16.68345900
16.68325000
16.68337500
16.68341600
16.68316700
16.68358300
16.68329200
16.68320800
16.68983400
16.69504100
16.66508400
16.68891600
16.67787500
16.68350000
16.68308400
16.69400000
16.67275000
16.68316600
16.68329200
16.68354200
16.68475000
16.68179100
16.69950000
16.66737500
16.68308400
16.68358300
16.68345800
16.68312500
16.68345900
16.70037500
16.67191600
16.67741700
16.69550000
16.67125000
16.68354200
16.68316600
16.70762500
16.65891700
16.68775000
16.67904200
16.68329100
16.68837500
16.67825000
16.68337500
16.68354200
16.69345800
16.67300000
16.68325000
16.68350000
16.68325000
16.68341700
16.68341700
16.68316600
16.68341700
16.68325000
16.68850000
16.67825000
16.69766700
16.66887500
16.70158300
16.66529200
16.68329100
16.68329200
16.68337500
16.68316700
16.68583300
16.68087500
16.68329200
16.68341600
16.68320900
16.68337500
16.68354100
16.68320900
16.68337500
16.68683300
16.68437500
16.67945800
16.72958400
21.46054100
17.12525000
20.34616700
16.62808300
16.00133400
16.82629100
19.62466700
15.90200000
16.03308300
16.33300000
16.40779200
16.04304200
15.10950000
14.48666600
14.80316700
14.63029200
15.80879100
16.68329200
16.68350000
16.68345800
16.68312500
16.68341700
16.69166700
16.67754100
16.68062500
16.68754200
16.67925000
16.68329200
16.68366600
16.68295900
16.68345800
16.69608300
16.68562500
16.68429200
16.68645800
16.68270900
16.66491600
16.68329200
16.70091700
16.66575000
16.68312500
16.70170800
16.68108300
16.66720900
16.68454100
16.68570900
16.67987500
16.69616600
16.68258400
16.67116600
16.68350000
16.68325000
16.68312500
16.70300000
16.68141700
16.66575000
16.68316700
16.69916600
16.67054200
16.69845800
16.66704200
16.68779200
16.68012500
16.68054100
16.68316700
16.69583300
16.67091700
16.68945800
16.67775000
16.69058400
16.67545800
16.69770800
16.68391700
16.66850000
16.69529200
16.67620800
16.67841700
16.68329100
16.68358400
16.68537500
16.69054100
16.68016700
16.67691700
16.68341600
16.68333400
16.68687500
16.67987500
16.68312500
16.68337500
16.68329100
16.69304200
16.67375000
16.68333300
16.68433400
16.69587500
16.66975000
16.69825000
16.66858300
16.68350000
16.68300000
16.68387500
16.68604200
16.68004100
16.68329200
16.68341700
16.68354100
16.68329200
16.68325000
16.68312500
16.68341700
16.68529100
16.68158400
16.68329100
16.68304200
16.68370800
16.68491700
16.68141700
16.68345800
16.68316700
16.68345800
16.68320800
16.68341700
16.68325000
16.68345800
16.68345900
16.68312500
16.68341600
16.68329200
16.68325000
16.68337500
16.68337500
16.68329200
16.68341600
16.68329200
16.68333300
16.68333400
16.68537500
16.68437500
16.68045800
16.68308300
16.69562500
16.67133400
16.69800000
16.66850000
16.68354100
16.68304200
16.68337500
16.68350000
16.68337500
16.68570800
16.68075000
16.68329200
16.68350000
16.68929200
16.67729100
16.68329200
16.68358300
16.68312500
16.68341700
16.69370800
16.69041700
16.68425000
16.66512500
16.68308300
16.69841700
16.66825000
16.68333300
16.68379200
16.68595800
16.69858400
16.67862500
16.66966600
16.68350000
16.68516700
16.68154200
16.68345800
16.68312500
16.70300000
16.66362500
16.68341700
16.68333300
16.68337500
16.68320800
16.68837500
16.67825000
16.68450000
16.68233400
16.68329100
16.68329200
16.69191700
16.67458300
16.68333300
16.68350000
16.68345900
16.68316600
16.68358400
16.68750000
16.67891600
16.68358400
16.68291600
16.68354200
16.68325000
16.68320800
16.70033400
16.66645800
16.68333300
16.69150000
16.67520900
16.68333300
16.68333300
16.69662500
16.66991700
16.68345800
16.68333400
16.68333300
16.68320800
16.68358400
16.68333300
16.68608300
16.69366700
16.67050000
16.69287500
16.67329200
16.68345800
16.69187500
16.67483300
16.69437500
16.67262500
16.68308400
16.68412500
16.69625000
16.66941600
16.68350000
16.68308400
16.70270800
16.66416700
16.68333300
16.68970800
16.67700000
16.68650000
16.68016700
16.68341700
16.69504100
16.67129200
16.68337500
16.68358300
16.69441700
16.67241700
16.68320800
16.68316700
16.69558300
16.68304200
16.67350000
16.68104100
16.68354200
16.68354200
16.69816600
16.66833400
16.68358300
16.68295800
16.68316700
16.68345800
16.68333400
16.68841600
16.69304200
16.66854200
16.69287500
16.67370800
16.68325000
16.68641700
16.68020800
16.68333300
16.68350000
16.69262500
16.67391700
16.68333300
16.68350000
16.68333400
16.68883300
16.67775000
16.68370800
16.68304200
16.68329200
16.68333300
16.68329200
16.68329100
16.68341700
16.68325000
16.68333300
16.69754200
16.66920800
16.68325000
16.68337500
16.68325000
16.68333400
16.68333300
16.68345800
16.68325000
16.68337500
16.68425000
16.68241700
16.69083300
16.67583400
16.68483300
16.68175000
16.68404200
16.68370800
16.68225000
16.68329200
16.68341600
16.68329200
16.68341700
16.68333300
16.68325000
16.68329200
16.68333300
16.68341700
16.68320800
16.68337500
16.68329200
16.68350000
16.68329100
16.68333400
16.68333300
16.68329200
16.68341600
16.68333400
16.68337500
16.68325000
16.68329100
16.68333400
16.68341600
16.68320900
16.68333300
16.68337500
16.68329200
16.68341600
16.68345900
16.68316600
16.68375000
16.68333400
16.68316600
16.68433400
16.68229100
16.68316700
16.68554200
16.69212500
16.68745800
16.66816700
16.68350000
16.68312500
16.71275000
16.65391600
16.68333400
16.69125000
16.69816600
16.66283400
16.68120800
16.68362500
16.72583300
16.64316700
16.69850000
16.66558300
16.68329200
16.68325000
16.68370800
16.68387500
16.68583400
16.68004100
16.70012500
16.68300000
16.66704200
16.68345800
16.68679200
16.67958300
16.68341700
16.68316700
16.68966600
16.68933400
16.72533300
16.63275000
16.68987500
16.69662500
16.65991700
16.69450000
16.69479100
16.66062500
16.68387500
16.68275000
16.68316700
16.68366700
16.69745800
16.67220800
16.72470900
16.65229100
16.67475000
16.67937500
16.68350000
16.68216700
16.70154200
16.68054100
16.67120900
16.71666600
16.66129200
16.68825000
16.70120800
16.65270900
16.72233300
16.67033300
16.70041700
16.67604200
16.69875000
16.68554100
16.68720900
16.69579100
16.68254200
16.67729200
16.68429100
16.61266700
16.68333300
16.68345900
16.68725000
16.75466600
16.69683400
16.67141600
16.69533400
16.72008300
16.66679200
16.68620800
16.69083300
16.67345900
16.69429100
16.70575000
16.64354200
16.58304200
16.68045800
16.83554200
16.53500000
16.78350000
16.70745800
16.69933300
16.70229200
16.68345800
16.64683400
16.71416600
16.68412500
16.68541700
16.69758300
16.61287500
16.75641700
16.67758300
16.66625000
16.69887500
16.67650000
16.63995900
16.73833300
16.66725000
16.66112500
16.69191700
16.69158300
16.68116700
16.70437500
16.67170800
16.67358300
16.54350000
16.67254200
16.82975000
16.70583300
16.67658400
16.67804100
16.69808400
16.66695800
16.54483300
16.84358400
16.64075000
16.70933300
16.52266700
16.84604100
16.68045900
16.68745800
16.69887500
16.66187500
16.52537500
16.86383300
16.66366700
16.65725000
16.54912500
16.82158300
16.54437500
16.80829200
16.70175000
16.68425000
16.62783300
16.73137500
16.68433400
16.67079100
16.70195900
16.67704100
16.67316700
16.69295800
16.68658400
16.66933300
16.70000000
16.67262500
16.66779200
16.70508300
16.67329200
16.68133300
16.70137500
16.66566700
16.67862500
16.69995800
16.66454200
16.69000000
16.70295800
16.66195800
16.68341700
16.70000000
16.67187500
16.55733300
16.68491700
16.67762500
16.81100000
16.73258300
16.50741700
16.84675000
16.70695800
16.66270900
16.70716600
16.67037500
16.67487500
16.51345900
16.86645800
16.65541700
16.70029100
16.69829200
16.49616700
16.83962500
16.53200000
16.71104100
16.80695900
16.69491600
16.66850000
16.70554200
16.50812500
16.69745800
16.84291700
16.70700000
16.64341700
16.71708300
16.68812500
16.65358300
16.69420900
16.69654100
16.65245900
16.54016600
16.83900000
16.68787500
16.69566700
16.65645800
16.69508400
16.68541600
16.68720900
16.66600000
16.70312500
16.65279100
16.53183400
16.85545800
16.66045800
16.54504200
16.86808300
16.66450000
16.51866700
16.85887500
16.65991700
16.51895800
16.88062500
16.64087500
16.70400000
16.50770800
16.84829200
16.69291700
16.68866600
16.69033400
16.64800000
16.70350000
16.51179100
16.82245900
16.72725000
16.50020800
16.85029200
16.69095800
16.66491700
16.69637500
16.52383300
16.83812500
16.52025000
16.86850000
16.66750000
16.69195800
16.68187500
16.65983400
16.71729100
16.66333400
16.51933300
16.84545800
16.68958400
16.66337500
16.70375000
16.51966600
16.82145900
16.71816600
16.66637500
16.69054200
16.68600000
16.50800000
16.84633300
16.67783400
16.69304100
16.68154200
16.65116700
16.71904100
16.67941700
16.70820800
16.65108400
16.67425000
16.69925000
16.67395800
16.52820800
16.70629200
16.81775000
16.53550000
16.85075000
16.67645800
16.69270900
16.66695800
16.69600000
16.65845800
16.71050000
16.50895900
16.83850000
16.69787500
16.66354100
16.67575000
16.69075000
16.68650000
16.69820900
16.68770800
16.66637500
16.52437500
16.84383300
16.68466700
16.52145800
16.86225000
16.69245900
16.66479100
16.52125000
16.83812500
16.68925000
16.69829200
16.62675000
16.75537500
16.63283300
16.61533400
16.69641600
16.66875000
16.69387500
16.68783400
16.67995800
16.66991700
16.71391600
16.65429200
16.69308300
16.59537500
16.76220900
16.68791600
16.69537500
16.67408400
16.67462500
16.71341600
16.65579200
16.68416700
16.69458300
16.66875000
16.68350000
16.69762500
16.68216700
16.68408300
16.59158300
16.77133400
16.68904100
16.69583400
16.66504100
16.68495900
16.70420800
16.66175000
16.68237500
16.68662500
16.66354200
16.69050000
16.78141600
16.67350000
16.70895900
16.49204100
16.85537500
16.51175000
16.88462500
16.66329200
16.68675000
16.49708300
16.84025000
16.73629200
16.67291700
16.63987500
16.71566600
16.67191700
16.67950000
16.51025000
16.88758300
16.64966700
16.69591700
16.67908300
16.68233300
16.68925000
16.49950000
16.86962500
16.69887500
16.65704200
16.68562500
16.69558300
16.65283400
16.69337500
16.51375000
16.84604100
16.69612500
16.68879200
16.67120800
16.68412500
16.54195900
16.83420800
16.67308300
16.68408400
16.68795800
16.68479200
16.69133300
16.50816700
16.87341600
16.67154200
16.65658300
16.69170900
16.70337500
16.67495800
16.68591700
16.71120800
16.65183300
16.69316700
16.70945800
16.64441700
16.50716700
16.68329100
16.85404200
16.71412500
16.67450000
16.66687500
16.69820800
16.49245900
16.85183300
16.52020800
16.84908400
16.67287500
16.73670800
16.47000000
16.86133300
16.69195900
16.53366600
16.80533400
16.52350000
16.85637500
16.68037500
16.71216600
16.66333400
16.67666600
16.51145900
16.84558300
16.69404200
16.70025000
16.64966600
16.70175000
16.69954200
16.67008300
16.68237500
16.68929200
16.67179200
16.68820800
16.69895800
16.68175000
16.67675000
16.68795900
16.66504100
16.68779200
16.67858300
16.69329200
16.68141700
16.51662500
16.82258300
16.71941700
16.67666600
16.67729200
16.68512500
16.69879200
16.66791600
16.71300000
16.49645900
16.82862500
16.70870800
16.71004200
16.49841600
16.81850000
16.70941700
16.66991700
16.69337500
16.67770800
16.67683300
16.69245900
16.67808300
16.67537500
16.69820800
16.68237500
16.66237500
16.68691700
16.52083300
16.73962500
16.62912500
16.80808400
16.60675000
21.19820800
12.11550000
16.76179200
16.75304100
16.70204200
16.53691700
16.83833300
16.68241700
16.67433300
16.52329200
16.85429100
16.66154200
16.71666700
16.66041600
16.67808400
16.69912500
16.67912500
16.68550000
16.69591600
16.66462500
16.67183400
16.70975000
16.63345800
16.55079200
16.68400000
16.68304100
16.86237500
16.66895900
16.67258300
16.70933300
16.50658400
16.84229100
16.68120900
16.69070800
16.66766700
16.71250000
16.57270800
16.60912500
16.68341700
16.68362500
16.68333300
16.68395800
16.68250000
16.68320900
16.68320800
16.68333300
16.68337500
16.68329200
16.68325000
16.68341700
16.68466600
16.68858400
16.67825000
16.72120800
16.64570800
16.72212500
16.68629200
16.68379200
16.64075000
16.68595800
16.71925000
16.65675000
16.66991700
16.68441600
16.68612500
16.68079200
16.68716700
16.68233300
16.68716700
16.67533300
16.68341700
16.68329100
16.68329200
16.68345800
16.68316700
16.68345800
16.68329200
16.68329200
16.68337500
16.68625000
16.68225000
16.68162500
16.68320800
16.68341700
16.68691600
16.67970900
16.68329100
16.68858400
16.67804100
16.68337500
16.69804200
16.66866700
16.68670800
16.68020800
16.68400000
16.68229200
16.68333300
16.68354200
16.68320800
16.68337500
16.68733400
16.67966600
16.68295900
16.68325000
16.68450000
16.69416600
16.67133400
16.68995800
16.68304200
16.67700000
16.68337500
16.68345800
16.68508300
16.68358400
16.68954100
16.68279200
16.67558300
16.68429200
16.69200000
16.67362500
16.68337500
16.68475000
16.68241700
16.68308300
18.00870800
15.35887500
16.68258400
16.68600000
16.68054100
16.68337500
16.68333400
16.68333300
16.68337500
16.68316700
16.68354100
16.68304200
16.68337500
17.50341700
15.86325000
16.80791600
16.55891700
16.68354200
16.68300000
16.68479100
16.68204200
16.68304200
16.68345800
16.68329200
16.69745800
16.66920800
16.68345900
16.68325000
16.68329100
16.68762500
16.67908400
16.69195800
16.69166700
16.66625000
16.68370800
16.68370800
16.69820900
16.66854100
16.68283400
16.70066600
16.66575000
16.68333400
16.68641600
16.68037500
16.68329200
16.68666700
16.67991600
16.68341700
16.68325000
16.68337500
16.68612500
16.68087500
16.68300000
16.68333300
16.68491700
16.68166700
16.68350000
16.68312500
16.68525000
16.69783300
16.67216700
16.67845800
16.69183300
16.67454200
16.68337500
16.68333300
16.69775000
16.68229200
16.67470800
16.67870900
16.68916600
16.67733400
16.68325000
16.69458300
16.68887500
16.67066700
16.67929100
16.68341700
16.68329200
16.68337500
16.68341600
16.68320900
16.68629100
16.68037500
16.68370900
16.68287500
16.68375000
16.68283300
16.68920800
16.67762500
16.68329200
16.68337500
16.68666700
16.69366600
16.66975000
16.68312500
16.68337500
16.68375000
16.68304200
16.68566700
16.68104100
16.69545900
16.67104100
16.68629200
16.68037500
16.68345800
16.68416700
16.68258300
16.68325000
16.69529200
16.68166700
16.68245800
16.67395800
16.68641700
16.68091700
16.68291600
16.68312500
16.68329200
16.68304200
16.68379100
16.68329200
16.68300000
16.68333300
16.68350000
16.68329200
16.68337500
16.68312500
16.68358300
16.68329200
16.68320800
16.68329200
16.68333300
16.68345900
16.68350000
16.68308300
16.68333300
16.68333400
16.68333300
16.68312500
16.68366700
16.68316600
16.68916700
16.67770800
16.68308400
16.68358300
16.68329200
16.68329100
16.68316700
16.68354200
16.68320800
16.68345800
16.68866700
16.68825000
16.67300000
16.68337500
16.68329200
16.68333300
16.69645800
16.67045900
16.68304100
16.68695900
16.69062500
16.68920800
16.66654200
16.68350000
16.68333300
16.68345800
16.68304200
16.69129200
16.67545800
16.68329200
16.68333300
16.68333300
16.68337500
16.68354200
16.69675000
16.66979200
16.68308300
16.69941700
16.66737500
16.68325000
16.69312500
16.67366600
16.68316700
16.68358300
16.68308400
16.68383300
16.68316700
16.68308300
16.68333300
16.70145900
16.66541600
16.68337500
16.68316700
16.68341700
18.04645800
15.32004200
16.68350000
16.68341600
16.69908400
16.66729100
16.68362500
16.68775000
16.67870900
16.68345800
16.68329200
16.68345800
16.68325000
16.68341700
16.69925000
16.66754100
16.68320900
16.68295800
16.68345800
16.68962500
16.67712500
16.68354200
16.68329200
16.68329100
16.68308400
16.68354100
16.68345900
16.68637500
16.68025000
16.68341600
16.68300000
17.07525000
16.29162500
16.74229200
16.95612500
16.35150000
16.69216700
16.67445800
16.68341700
16.75870800
16.96741700
19.05533300
17.80570800
16.85308400
15.45512500
15.59650000
15.04370800
17.43825000
15.87841700
16.66554100
16.92545900
16.44037500
16.68845800
16.67783300
16.68345900
16.68320800
16.68570800
16.69400000
16.67033400
16.68337500
16.69258300
16.67433300
16.69133400
16.68916600
16.68554200
16.66683300
16.69333400
16.67333300
16.68375000
16.69733300
16.66908400
16.68650000
16.68229100
17.09104200
16.27345800
16.68341700
16.68312500
16.68341700
16.68350000
16.68829100
16.67820900
16.69512500
16.67179100
16.68316700
16.68325000
16.68333300
16.68337500
16.70025000
16.67620900
16.67354100
16.69420900
16.67262500
16.68308300
16.68420800
16.68520900
16.68058300
16.68412500
21.67129200
15.56258300
15.09712500
15.87262500
15.25887500
16.63700000
16.68329200
16.69429100
17.70545900
15.66920800
16.66408300
16.68333400
16.68375000
16.68304100
16.68333400
16.68320800
16.68337500
16.68341700
16.68325000
16.68337500
16.68325000
16.68341600
16.68333400
16.68375000
16.68291600
16.68329200
16.68825000
16.67845800
16.68337500
16.68341700
16.68329200
16.68312500
16.68354100
16.68345900
16.68312500
16.68333300
16.68337500
16.68312500
16.68354200
16.68325000
16.68329100
16.68325000
16.69641700
16.68241700
16.67875000
16.67591600
16.68345900
16.68358300
16.68295800
16.68337500
16.68341700
16.68316700
16.74208300
16.62487500
16.68312500
16.69175000
16.67508300
16.69816700
16.66829200
16.68545800
16.68120800
16.69170900
16.67508300
16.68329200
16.68404100
16.68250000
16.68333400
16.68612500
16.68133300
16.68462500
16.69066700
16.67441600
17.30812500
16.05887500
16.68287500
16.68325000
16.68320900
16.70237500
16.66429100
16.68370900
16.68275000
16.68341600
16.68358400
16.68295800
16.68383300
16.70095900
16.66541600
16.68320900
16.68350000
16.68341600
16.68337500
16.68354200
16.68291700
16.68383300
16.68295800
16.68329200
16.68325000
16.68320800
16.68345900
16.68354100
16.68325000
16.68312500
16.68633400
16.68033300
16.68350000
16.68320800
16.68341700
16.68337500
16.68337500
16.68333300
16.69891700
16.66791700
17.75283300
15.61362500
16.69270800
16.67395900
16.68325000
16.68341600
16.68320900
18.04875000
15.31787500
16.68375000
16.68308300
16.68329200
16.68337500
16.69729100
16.66962500
16.68295900
16.68337500
16.68325000
16.68350000
16.68775000
16.69037500
16.67179100
16.68358400
16.68329100
16.68325000
16.69704200
16.66958300
16.68387500
16.68412500
17.90270900
20.43925000
22.62920800
16.51479200
16.82866600
17.48158400
