16.82183300
1653.70533400
13.69437500
23.58070800
9.69666700
23.24791600
10.10045900
22.37045800
11.00170800
23.90312500
9.46233400
23.26133300
10.10766700
23.17979100
10.19570900
22.87383300
10.47737500
22.50670800
10.87179200
22.41979200
10.93620800
22.53654200
10.88550000
22.38391600
10.96962500
22.31725000
11.00479200
22.30354200
11.10616600
22.36808400
10.97600000
22.31666600
11.06541700
22.30762500
11.15425000
23.30362500
9.93983300
22.04691700
11.30233300
22.18225000
11.20054200
22.27133300
11.07775000
22.34941700
11.03583300
22.06779200
11.29437500
22.39687500
10.97470800
22.07450000
11.27737500
22.14829200
11.22983300
22.28383400
11.08104100
22.14354200
11.22733300
22.13816700
11.20875000
22.19479200
11.17345800
22.17529200
11.21329100
21.97983400
11.38204100
23.23341700
10.14487500
23.38704200
9.97154100
22.22320900
11.14025000
22.66554100
10.70787500
22.74529200
10.61637500
22.43162500
10.93466700
22.32337500
11.06429100
22.13308400
11.20704100
22.22150000
11.18133400
22.10737500
11.21858300
22.05387500
11.32491700
22.12112500
11.24533300
22.08595800
11.27591700
21.96304200
11.39975000
22.05687500
11.30704100
21.99900000
11.38145900
21.99166600
11.38929200
22.12270800
11.22225000
22.52108400
10.87150000
23.33766600
10.03079200
24.75700000
8.59237500
23.59804200
9.78341600
23.61254200
9.72695800
23.62216700
9.76675000
23.59362500
9.76787500
23.61829200
9.74487500
23.68725000
9.69175000
23.91579100
9.42816700
23.63620800
9.76733400
23.30658300
10.03695800
23.28604200
10.08816700
23.79229100
9.55562500
23.34270900
10.01887500
23.54991600
9.81237500
23.69808400
9.69270800
23.76750000
9.60975000
22.16066700
11.21495800
21.71683300
11.65412500
21.28420900
12.17991600
20.84308400
12.49712500
22.38904100
11.01612500
22.63991700
10.67712500
22.63708300
10.80858400
22.40125000
11.03237500
22.27291600
11.13200000
22.53250000
10.93891700
22.44679200
10.97104100
22.35600000
11.03079200
22.38545800
11.07587500
22.30966700
11.01008300
22.04266700
11.61029200
23.95225000
9.45312500
24.48300000
8.78654100
25.45941700
8.22787500
24.74329200
8.45837500
27.06766600
6.93808400
25.04754100
7.50141700
24.73450000
8.69612500
24.72800000
8.91066700
25.03870800
8.20041700
24.62737500
8.63470800
25.37608300
7.98079200
24.33141700
9.13075000
24.26887500
9.53162500
23.69941600
9.13879200
24.33625000
9.08220800
24.33787500
8.82920900
22.65800000
10.74741600
22.34962500
11.18208400
22.25437500
10.97387500
22.29858300
11.11929200
22.16708300
11.34550000
21.92283300
11.27362500
21.67287500
11.90691700
21.41883300
11.92058400
21.19254100
12.20033400
21.05025000
12.43383300
21.35725000
11.98708300
20.98616700
12.53620800
21.23558400
12.02483300
21.18345800
12.34020900
21.03445800
12.23466700
22.93308300
21.36008300
6.37887500
20.84066700
11.98400000
21.26212500
11.92425000
21.29375000
12.17112500
21.02508300
12.28808400
21.16604100
12.23462500
21.21900000
12.12841700
21.10912500
12.26537500
21.39875000
11.99091700
21.26900000
12.02166600
21.31575000
11.84137500
21.27554200
12.18487500
21.01204200
12.49000000
21.23816600
11.98170900
21.22387500
12.39658300
20.99154200
12.29387500
21.01066600
12.42133400
20.15558300
13.25925000
20.18050000
13.27225000
20.24970800
13.11670900
20.58462500
12.82645800
20.43129200
12.77029100
20.27045900
13.22508300
20.40445800
13.00808400
20.09558300
13.22475000
20.16583300
13.29458400
20.14291600
13.13975000
20.31066700
12.84545800
20.04104200
13.53379200
19.98708300
13.30300000
20.27512500
13.06062500
20.02620800
13.42625000
19.98354200
13.43125000
20.27758300
13.03970900
20.27333300
13.14341700
20.70470800
12.55808300
20.48962500
13.00500000
20.29258400
13.16112500
19.89983300
13.26770800
20.13458400
13.29195800
20.13779200
13.19583300
19.98466700
13.30433300
20.12258300
13.39829200
20.04766700
13.26175000
19.90958300
13.29695800
19.94750000
13.62787500
20.08104200
13.27858300
19.92200000
13.39983400
19.81166600
13.69779200
19.86541700
13.42454100
19.71466700
13.68675000
19.62916700
13.76816600
19.80616700
13.48708300
19.75970900
13.53404100
19.62875000
13.67333400
20.02054100
13.59825000
19.79229200
13.49475000
19.95350000
13.46662500
20.12691700
13.18095800
19.95116700
13.41758300
19.87333300
13.33400000
20.10266700
13.47162500
20.04608300
13.16766700
20.09337500
13.36420800
20.12370900
13.31308300
20.11254200
13.29220800
19.60041700
13.64600000
19.90283300
13.47833300
20.07608400
13.34312500
19.91370800
13.30612500
20.14733300
13.27170900
20.08233300
13.26650000
20.17212500
13.30475000
20.39370800
12.87762500
20.09416700
13.38125000
19.62858300
13.79483400
19.99995800
13.28325000
19.99879200
13.30479100
19.90487500
13.51933400
20.02770800
13.21916700
20.16375000
13.34245800
19.88970800
13.40095900
19.67679100
13.53325000
19.90216700
13.63054200
19.70320800
13.79733300
19.67012500
13.41454200
20.09916700
13.27687500
21.86437500
11.44254100
21.83466700
11.33800000
21.94312500
11.65750000
21.93137500
11.54283300
23.15454200
10.14479200
23.23687500
10.17733300
23.12895800
10.24733400
22.63641600
10.83195900
21.64070800
11.79154200
21.52054100
11.84920900
20.08945800
13.22395800
21.37479200
11.89833300
21.88225000
11.48466700
21.11429200
12.26612500
21.21100000
12.19641600
21.89620900
11.32866600
22.51737500
10.94158400
23.28020800
9.98287500
23.56825000
9.85550000
23.02429200
10.30808300
23.28758300
10.15100000
23.01300000
10.32125000
23.48833400
9.95975000
23.04554100
10.21537500
23.20704200
11.27166700
19.06116600
14.25666700
18.83008300
14.37087500
19.18079200
14.35995800
19.11120900
14.12441600
18.90937500
14.37054200
18.20808300
15.29237500
18.84454200
14.49091700
17.90937500
15.22354100
18.07958400
15.57145800
18.86975000
14.09562500
18.11070800
15.41820900
18.15508300
15.38237500
17.91704200
15.39691600
18.95300000
14.25195900
19.17154100
14.48691700
18.89737500
14.48245800
18.68887500
14.67312500
18.02720900
15.03625000
18.21037500
15.34683300
18.93700000
14.33691700
18.88562500
14.58958300
18.22604200
15.17954100
18.97691700
14.40954200
18.03862500
15.17087500
19.10633300
14.36716700
19.08141600
14.09162500
18.15895900
15.31716600
19.09275000
14.45925000
18.88195900
14.31158300
18.79829200
13.71304100
23.55970900
9.79395800
23.35487500
10.01612500
23.21804200
10.05350000
23.35604100
10.07654200
23.33112500
10.05745800
23.27545900
9.97650000
23.49404100
10.02441700
23.35545800
10.02037500
23.18591700
10.06962500
23.49766700
9.88808300
23.45233300
9.93462500
23.47845900
9.84729100
23.41566700
9.98250000
23.35833300
10.02570900
23.45420800
9.97308300
24.42416700
9.15416700
24.92983300
8.20158300
23.12975000
10.19033400
22.38083300
10.84391700
21.40908300
11.85875000
20.87187500
12.66745800
20.91166700
12.51895800
21.18779200
12.16412500
21.20916700
12.30416600
21.24204200
11.80908300
21.18937500
12.43837500
21.22612500
12.00458400
21.09491600
12.38841700
21.39462500
11.79854200
21.03716600
12.51220900
21.20475000
11.88633300
21.27729200
12.42229100
21.94712500
11.27337500
21.25966700
12.29354200
21.69770800
11.44950000
21.23429200
12.14133300
21.26933300
11.97179200
21.53183300
12.79200000
20.52975000
12.05200000
21.24466700
12.12812500
21.44320800
11.82683400
21.44779100
11.88037500
21.42641700
12.06458300
21.05795900
12.31175000
21.39537500
11.93387500
21.28879100
12.08020900
21.26875000
12.00933300
21.15220800
12.28545900
21.25716600
12.12429200
21.37108300
11.77800000
21.25587500
12.40583400
21.05066600
12.26466700
21.59800000
11.65508300
21.56025000
11.82683400
21.47516600
12.07695900
23.30208300
9.99404200
23.40541600
9.99550000
23.32308400
10.03041600
23.17483400
10.15195800
23.47020800
9.93395900
23.46125000
9.97020800
23.34766700
10.08312500
25.07604100
8.30091700
24.72850000
8.69604200
24.79162500
8.32950000
24.60479100
8.98683400
24.60408300
8.82545800
24.58554200
8.74479200
24.63033300
8.72600000
24.46991700
8.92979100
24.60100000
8.76683400
24.63987500
8.63475000
24.78333300
8.68887500
24.28383300
9.06595900
24.51304100
8.71804200
25.45562500
7.86954200
25.35000000
8.09208300
25.02416700
8.26708300
25.53991700
7.88770800
25.38995800
7.76566700
24.30416700
9.15308300
24.74675000
8.75179200
24.93966600
8.37525000
24.38091700
8.88145800
24.41933400
9.08650000
24.83675000
8.36320800
24.53404200
8.81600000
25.43762500
7.86920800
24.99254200
8.39379100
24.84712500
8.59675000
24.34904200
9.13079200
24.91095800
8.26425000
24.12445800
9.25241700
23.51150000
9.79683300
22.99820900
10.45100000
23.17554100
10.10645900
23.26712500
10.17491600
22.65137500
10.67708400
21.65675000
11.78770800
21.12037500
12.06258300
21.58016700
11.58470800
22.14962500
11.31658400
21.84879100
11.41050000
21.90766700
11.55425000
21.87808300
11.50045900
21.30962500
12.27908300
22.08533300
11.05833400
22.16108300
11.20879200
21.86262500
11.55945800
22.12504200
11.28258300
21.92891700
11.49016600
22.01512500
11.24841700
22.12958300
11.44508400
21.97108300
11.31891700
21.86512500
11.35250000
22.09712500
11.43579100
21.97700000
11.33483400
21.54062500
11.92862500
20.79354100
12.72104200
21.25054200
12.08254100
21.25304200
12.08404200
21.33050000
12.08925000
21.33000000
11.94370800
21.24050000
12.46112500
22.40254200
10.41837500
20.69270800
13.02883300
20.76879200
12.60933300
20.58500000
12.72470900
20.73595800
12.73004200
20.84354100
12.53816700
20.55491700
12.77358300
21.35141700
12.17316600
21.36250000
11.89720900
21.48691600
11.75850000
20.84945900
12.72245800
21.86045800
11.47737500
21.16658400
11.74700000
20.71229100
12.99166700
21.13762500
12.17466700
24.41320800
9.24825000
23.67216700
9.73141600
25.11483400
8.90479100
28.63262500
8.33650000
27.89741700
9.12195800
27.76683400
8.95808300
27.51370800
9.41025000
27.87208400
8.80416600
28.92804200
10.72250000
28.79479200
9.80783300
29.61512500
9.44550000
29.27262500
9.66412500
29.66275000
9.61441700
29.40516600
9.23470900
29.35129100
10.64650000
32.34570900
7.80829100
28.10845900
9.25387500
29.16837500
9.40258300
30.42862500
9.87370800
30.13554200
9.56225000
29.60341700
9.43066600
29.99487500
9.40962500
29.70112500
9.57458400
29.20262500
9.57879100
29.80625000
9.41454200
29.56058300
9.39829200
30.64270800
10.06304200
28.91333300
9.28008400
29.56320800
10.55604200
26.45070800
9.52558300
23.95679200
9.38695800
24.45454200
8.94462500
24.58670800
9.79783400
24.92016600
9.36387500
24.43741700
10.16645800
25.76420900
9.45108300
24.19837500
9.27391700
23.84333300
8.03354200
24.53262500
8.69358300
23.92158300
8.10300000
23.80937500
8.21529200
24.54733300
7.87850000
24.06562500
8.18279200
23.87258300
8.29441700
23.97445800
8.08937500
24.05400000
8.27779200
23.89900000
8.12470800
24.08566700
7.96866700
25.62400000
8.17941600
25.83025000
7.91454200
26.41379200
8.01637500
25.12662500
7.98712500
24.86595800
7.61433300
24.32708400
7.60041600
24.68033400
7.58562500
24.21079100
7.91745900
24.63979100
7.80087500
24.85283400
7.65945800
24.35875000
7.77441700
24.41183300
7.66845800
23.89475000
7.63995900
24.69437500
7.55054100
25.34350000
7.57500000
25.51570900
7.60825000
24.74508300
8.10845800
25.33754200
7.67625000
25.01420800
8.21770900
25.21029100
7.08779200
23.44312500
7.04387500
23.27445800
6.95608400
23.68475000
7.06575000
24.09895800
7.47054200
22.94266600
7.41866700
23.75066700
7.32516600
23.61283400
7.16225000
23.49670800
7.40658300
23.67737500
7.03479200
23.70579200
7.11320800
23.79708300
6.13275000
25.63429200
8.14541700
20.84591600
8.60104200
21.07125000
8.50512500
21.67020800
9.02125000
21.27620900
8.01020800
21.27433300
7.88554200
19.99470800
8.31245900
20.33129100
8.00962500
20.09529200
9.77475000
19.87429200
13.61000000
19.95758300
13.28925000
19.98050000
12.25191700
24.45691600
9.11358400
25.22687500
7.74891600
24.24662500
9.12112500
24.65425000
8.63250000
24.33983400
9.08608300
24.90700000
8.74558300
22.33683400
10.93504100
21.90687500
11.95158400
20.31000000
13.01037500
22.14229100
11.20229200
21.01900000
12.06900000
20.75966700
12.63358300
19.26891700
14.03666600
19.87562500
13.56858400
19.82191600
13.41170900
19.94375000
13.25362500
21.66762500
11.38737500
21.79683300
11.80400000
21.71770800
11.35833400
21.77354100
11.84054200
21.67416700
11.51050000
21.62362500
11.94908300
21.65875000
11.46950000
21.70612500
11.84941700
21.68941600
11.46441700
21.53320800
12.34258400
22.43329100
10.79779200
21.28708300
12.25904200
21.33541700
11.76316600
21.32383400
12.21154100
21.42179200
11.88350000
21.06416700
12.15562500
21.61241600
11.74950000
21.47450000
11.95741700
21.43350000
11.86237500
21.51495800
11.84966700
21.49487500
11.98745800
21.53595900
11.71629100
21.61329200
11.78916700
21.46600000
12.02000000
21.17687500
12.05287500
21.08541600
12.32125000
21.21766700
12.12300000
21.40412500
11.83962500
21.85500000
11.58429200
21.81104100
11.58850000
22.52250000
10.99070900
23.41216600
9.96737500
23.60104200
9.80070800
23.56512500
9.84679200
23.50908300
9.76370900
23.39670800
10.16145800
24.10520900
9.26812500
24.78904100
8.51683400
25.50091600
7.89650000
25.12558400
8.25791600
24.87183400
8.45379100
24.94041700
8.52683300
25.09325000
8.29900000
25.19787500
8.05750000
25.30066700
8.11333300
25.16283400
8.24095800
25.01670800
8.26112500
24.95595900
8.50904100
24.92654200
8.37195800
24.88358400
8.51070800
23.17279200
10.35375000
23.49825000
9.82875000
23.57537500
9.65504100
23.74641700
9.73545800
23.41354200
9.91445800
23.45125000
9.86620900
23.53270800
9.88579200
22.56283300
10.74912500
21.85687500
11.66945800
21.98000000
11.36025000
22.69691700
10.63466700
23.34150000
9.84737500
21.91712500
11.34583300
22.88766700
10.73879100
22.69179200
10.57629200
22.32595800
10.99525000
22.58587500
10.89450000
22.73129200
10.48304100
22.26420900
11.08241600
22.53745900
10.73120800
20.58987500
12.87708300
20.86779200
12.38450000
21.23308300
12.28054200
21.25300000
12.03200000
21.21875000
12.03754200
21.23962500
12.20312500
21.47429100
11.74191700
20.97270800
12.60512500
21.40575000
12.08929200
21.10850000
12.06983300
20.93666700
12.27375000
21.07154200
12.59750000
21.08591600
12.07125000
20.97675000
12.58308400
21.06912500
12.21270800
20.91383300
12.45908400
20.84604100
12.60370900
20.79320800
12.55995800
20.80529200
12.47170800
20.63637500
12.71137500
20.49675000
12.96370900
20.45420800
12.88737500
20.90829200
12.58300000
20.33158300
12.82550000
20.92145800
12.58641700
21.08950000
12.54900000
22.46212500
10.43050000
22.25316700
11.15379100
20.52741700
13.09520800
20.61370900
12.43587500
20.74070800
12.81887500
20.53175000
12.94587500
20.32700000
12.92929200
20.61383300
12.95008300
20.46508400
12.81937500
20.43100000
12.67345800
20.47008300
13.16908400
20.55320800
12.98637500
20.62287500
12.48437500
20.93650000
12.55666700
20.48320800
12.80125000
22.09545800
19.72025000
8.08983400
20.18770800
13.48725000
20.61091700
12.56145800
20.65204200
12.77345800
20.49695800
12.87204200
20.35237500
12.92991700
20.51170800
13.00312500
20.34170800
12.93083400
20.30333300
13.02066700
20.28666600
13.06316700
20.35870800
12.93929200
20.19795800
13.33387500
20.36391700
12.85958300
19.99604200
13.53904200
19.79604100
13.57358400
20.09345800
13.12179200
19.95962500
13.28508300
19.72833300
13.81995900
19.95970800
13.47650000
19.88020800
13.60945900
20.65475000
12.47308300
20.81075000
12.66770800
20.85854200
12.43991700
21.46062500
11.84912500
22.52554100
10.94270900
22.18012500
11.17404100
22.21991700
11.20979200
22.17737500
11.20354100
22.16975000
11.22666700
22.19412500
11.28329200
22.70841600
10.57833400
23.58845800
9.70241700
23.53187500
9.81766600
23.14637500
10.29408400
23.43537500
9.92029100
22.99604200
10.33983300
22.81570900
10.54041600
22.75087500
10.75120900
22.89329100
10.27891700
22.53141700
10.82691600
22.55279200
11.12279200
23.44412500
9.89833300
22.04591700
11.13195800
22.49187500
11.08366700
23.26979100
9.91033400
22.34504100
11.13904200
22.45970800
10.86479200
22.30708300
11.17341700
21.84695800
11.44195900
23.19337500
10.09104100
22.35787500
10.97087500
22.31604200
11.13479200
22.00141600
11.46704200
21.74858300
11.67295900
21.98233300
11.19466700
21.46079100
11.88258400
21.95304100
11.39029200
21.91283300
11.42158400
21.63291600
11.82662500
22.55316700
10.82520800
22.02912500
11.41183400
20.98579100
12.07891700
21.05158300
12.56679200
20.98020800
12.25875000
20.60725000
12.74762500
21.05841700
12.42245800
20.95533400
12.43829100
21.13179200
11.97608300
21.78516700
11.53037500
21.95279200
11.43541600
21.90820900
11.29320800
22.27041700
11.06554100
21.96079200
11.51141700
21.70266600
11.57000000
22.01116700
11.39783300
21.81408400
11.45420800
21.78650000
11.47212500
21.77012500
11.61420800
21.34379200
12.06212500
21.40937500
11.91720800
21.89437500
11.44100000
22.44029200
10.93887500
22.71241700
10.61687500
22.30220800
11.07054200
22.36241600
11.08362500
22.10991700
11.24658300
22.53062500
11.06358400
24.20708300
8.97475000
23.44000000
9.92400000
23.38491700
9.86858300
22.41029200
10.81095800
21.70141700
11.83575000
21.74333300
11.61775000
21.72154200
11.59483300
21.91691700
11.55929100
21.67320900
11.92529100
19.16500000
14.64100000
20.01600000
13.19391700
19.55258300
13.76275000
19.63891700
13.62708300
20.04191700
13.32116700
20.04875000
13.23091600
19.67350000
13.76295900
20.35529100
13.17108400
20.84954100
12.53954200
20.38637500
13.04933300
20.42320900
12.71408300
20.02150000
13.46425000
19.14495800
14.17483400
19.63204100
13.71608400
19.42545800
13.99400000
19.43916700
13.82791600
19.46479200
14.01312500
19.81875000
13.65670800
19.33895900
13.65520800
20.02750000
13.35858300
19.96862500
13.47604200
19.66691700
13.49883300
20.29479200
13.25458300
19.33633300
14.09820900
20.27208300
13.10329200
20.42616600
12.70483400
20.51725000
13.15370800
20.44666700
12.83150000
20.37820800
12.97445800
20.82116700
12.35587500
21.57295800
11.88416700
22.56116700
10.89945800
22.70962500
10.58075000
22.64920800
10.79875000
21.66745900
11.78550000
22.18979100
11.14925000
22.56875000
10.70666700
24.57608300
8.73004200
25.10116700
8.38170800
24.48116700
8.88166600
23.81416700
9.88662500
26.19837500
8.25145800
22.97550000
9.56920900
23.13108300
9.95008300
22.77479200
10.68166700
22.43670800
10.89337500
22.38650000
10.72891700
22.75008300
10.79504200
22.78633300
10.35929200
22.84570800
10.54554200
23.29262500
10.18870800
23.49345800
9.87870900
23.34483300
9.93154200
23.73541600
9.70787500
23.65362500
9.73170900
23.38004100
9.85212500
23.62475000
9.95783400
23.54216600
9.69987500
23.25508400
10.09016600
23.63304200
9.81800000
23.42500000
9.93579200
23.59929100
9.75995900
23.88041600
9.24104200
22.26329200
11.16687500
22.32295800
11.07500000
22.29158300
11.07433400
22.47470800
10.79495800
22.09220900
11.47129100
20.09454200
13.13845800
19.66441700
14.00262500
20.33654200
13.02879100
19.73858400
13.21487500
21.04762500
12.21637500
20.94900000
12.46412500
20.47341600
12.86066700
20.92062500
12.59308300
21.01125000
12.27483400
20.78616600
12.52083400
20.96858300
12.37679200
20.49925000
12.86437500
20.73966600
12.63958400
21.11375000
12.25933300
21.06375000
12.36695800
20.87225000
12.29512500
20.70029200
12.66516700
20.58841600
12.94387500
20.53441700
12.73983300
20.62712500
12.82158400
21.04587500
12.23925000
20.50079100
12.88887500
21.36770900
12.04600000
21.42075000
11.96320800
21.86675000
11.38754200
21.55533300
11.78225000
21.47416700
11.97037500
21.99095800
11.51554200
22.93650000
10.21279100
22.75087500
10.75500000
23.26033400
10.91954100
23.61062500
9.00875000
23.32783400
10.04662500
24.58362500
10.17650000
26.04583300
8.96308300
26.53475000
7.63029200
24.20470800
7.60637500
22.98466700
7.83062500
22.71050000
10.74325000
22.75612500
10.56437500
21.79262500
11.40316700
21.90829100
11.64120900
21.06087500
12.37791600
20.73433400
12.73945800
21.99504200
11.38962500
21.37866600
12.01954200
21.36216700
11.97029100
21.00929200
12.58662500
21.36600000
11.85729200
23.19150000
10.29700000
22.84333300
10.46937500
23.09091700
10.22770800
23.03966700
10.41320800
22.96158300
10.30020900
23.15962500
10.19941600
23.44062500
10.01787500
23.17325000
10.06537500
24.56145900
9.04191600
25.22587500
8.09133400
25.28141600
8.04529200
25.40783300
8.02245900
24.15608300
9.21812500
24.95695800
8.31462500
25.44245900
7.98504100
25.01375000
8.34400000
25.45858400
7.89612500
26.46937500
8.75016600
27.79158400
8.91600000
28.64100000
8.26358300
27.38950000
8.37116700
27.19358300
8.30129200
27.36154100
8.34000000
26.64975000
7.78183400
25.91395800
7.72233300
24.83079200
7.79729200
25.80529100
7.68345900
29.41433300
8.58695800
27.87537500
8.47987500
27.32408400
7.74920800
25.26366700
7.71383300
25.21416700
7.75500000
24.81645800
7.80120800
25.16875000
7.59437500
25.34866700
7.47512500
25.12683300
7.50766700
25.30675000
7.62333300
24.90145900
7.63362500
24.44187500
7.51162500
24.58983300
7.80129200
24.33750000
7.69541600
25.33708400
7.82566600
24.62233400
7.70029100
24.65558400
7.61775000
24.81741600
7.75812500
24.49154200
8.03900000
23.94316700
8.01270800
23.64541700
7.72816600
24.37712500
7.86979200
24.59408300
7.77316700
24.60037500
7.80508300
24.94225000
7.64287500
25.18429200
7.69825000
25.04379200
7.93904100
23.02245900
7.05950000
22.04175000
9.55604100
22.08141700
11.01704200
22.39004100
11.00312500
23.01758400
10.44333300
23.78237500
9.55379200
23.23179100
10.40504200
23.05370800
10.37295900
21.18291600
11.53608400
23.02933300
10.13633300
22.20875000
11.23087500
22.00700000
11.38750000
22.05275000
11.24066700
22.18441700
11.24412500
22.27645800
11.05800000
21.56183300
11.81858400
22.12500000
11.24837500
22.44458300
10.91891700
21.83204100
11.63558400
22.53112500
10.66087500
22.44337500
10.97241600
22.27062500
11.04454200
22.40033300
10.98537500
22.17108400
11.20137500
22.32483300
11.05791700
22.16858300
11.18920800
22.15595900
11.28837500
22.34370800
10.92525000
22.35441700
11.30020800
23.48912500
9.70850000
23.39720800
9.71325000
21.49170900
12.13287500
21.77454100
11.50750000
21.74533400
11.54670800
21.38075000
12.20812500
21.84583300
11.33354200
21.49687500
12.13858300
21.54262500
11.40475000
21.64866700
12.01720800
21.53354200
11.66233300
21.46195900
12.07491600
21.78762500
11.37720900
22.24095800
11.25583300
21.81195900
11.46500000
21.66450000
11.83816600
22.80225000
10.97370900
24.36891600
7.60883400
555.42962500
15.91908300
17.02679200
16.95266600
17.15683400
17.14900000
16.97395800
16.91104200
16.97320800
16.88595800
16.90458400
16.91975000
17.79633300
17.38400000
17.34850000
18.03087500
17.63425000
17.19316700
17.44433300
18.08958300
17.74195900
16.87954100
17.34316700
17.43029200
17.87929100
17.03541700
17.32162500
17.67383300
18.03475000
17.40791700
18.47170800
16.89712500
18.17154200
17.04391700
16.71345800
17.71691700
17.58054100
17.07737500
17.00533400
17.70400000
17.06395800
16.89645800
17.78458400
16.97566600
17.79616700
17.01225000
17.71687500
17.06004200
17.57108300
17.36104200
17.64237500
17.44716600
17.04737500
17.02529200
17.25462500
17.73741700
17.08233300
17.57925000
17.37529200
16.94950000
17.99295800
17.09645800
16.96129200
17.95858300
17.07370900
17.01591600
17.82383400
17.99275000
17.29491600
17.57341700
17.25833300
17.76066700
17.21287500
17.58666700
17.09704100
17.06566700
17.09537500
17.38045800
17.35058400
17.35058300
17.04091700
17.41887500
17.27287500
17.10645800
16.15312500
16.17987500
16.07137500
16.43550000
16.43300000
16.16925000
16.45687500
16.50225000
16.37895800
16.31358400
16.27775000
16.16262500
16.25454100
16.32616700
16.28812500
15.96983300
16.17133400
16.31470800
16.69866700
16.69954100
17.75625000
17.49887500
17.36812500
17.25029200
17.22495800
17.25920900
17.19308300
17.50858300
17.08987500
17.10225000
16.98562500
17.10291700
17.31654200
16.66808300
16.68766700
16.68550000
16.66325000
16.08425000
16.10704100
16.10170900
16.30066600
16.49808400
16.36425000
16.10779100
16.38633400
16.26658300
16.01704200
15.82633300
15.82779200
15.82258300
15.87195800
16.42941700
17.17220800
16.79883400
16.64716600
16.50004200
16.21604200
15.42883300
15.42654200
15.41916600
15.58395900
15.46983300
15.41033300
15.42637500
15.38237500
14.69079200
14.29037500
14.29904200
14.30287500
14.41687500
14.33179100
14.26033400
14.32512500
14.30991600
14.35116700
14.40183300
14.40825000
14.44929200
14.35875000
14.33720800
14.46933400
14.35216600
14.69300000
16.70004200
16.68283300
16.68500000
16.66804200
16.69637500
16.72466700
16.64637500
16.67829100
16.71800000
16.66025000
16.77187500
16.63520900
16.70612500
16.68770800
16.69308300
16.65550000
16.70158400
16.68933300
16.67983300
16.94520900
17.06787500
16.92387500
16.94487500
16.88820800
16.86704200
17.01341600
16.90208400
16.89216600
16.91733400
16.79100000
17.03162500
17.06691600
17.08070900
17.07366600
17.08745900
17.03804100
16.75150000
16.82170900
17.01766600
16.89054200
17.63829200
18.14041600
17.59854200
18.35012500
17.92966700
17.93675000
16.81170800
17.78591700
16.77766600
17.41895900
17.29208300
17.53341700
17.83845800
16.98312500
17.60954200
17.15379100
18.31391700
17.37483300
17.44870900
17.84579100
16.82770900
17.78504100
17.22204200
17.45875000
16.96191700
16.92900000
17.99200000
18.43041600
17.20908400
17.82933300
17.79608300
16.84250000
17.72125000
16.99070900
16.95820800
17.85375000
16.96941700
16.79337500
17.10745800
17.55020800
16.72262500
16.76079200
17.66670800
16.74833400
16.72479100
17.00741700
17.58216700
16.84570800
17.13200000
17.85545800
17.97095900
17.78629100
17.11187500
17.48600000
17.31375000
17.02637500
17.71091700
16.82520800
17.61783400
17.27720800
16.80979200
18.09866600
17.49350000
18.23941700
17.03737500
16.81791700
17.87458300
16.99520800
16.99400000
16.79004200
16.92454200
16.97220800
17.21945800
17.11266700
16.90954200
16.91991600
17.23895900
17.22737500
16.84450000
16.95562500
16.87708300
16.80350000
16.93183300
16.93129200
17.09804200
16.81108300
17.03000000
17.39700000
16.07916700
15.88279100
16.03483400
16.66545800
15.96783300
16.70629200
17.01020800
15.74775000
15.71291700
15.86800000
15.82662500
15.70633300
15.94904200
15.92462500
16.54129200
15.99125000
16.70991600
15.84862500
15.92195900
15.89716600
15.65500000
15.94954200
17.07691700
15.89433300
16.59783300
17.08429200
17.32020800
16.05412500
16.11104200
17.37191700
16.15691600
15.83204200
15.93987500
15.99500000
17.03100000
17.11425000
16.99733300
17.00933400
16.64954100
16.56779200
16.52225000
16.45325000
16.19287500
15.65208300
15.45650000
15.59245900
15.47979100
15.45420900
15.45366600
15.46987500
15.48808400
14.72429100
14.38750000
14.48362500
14.28104200
14.39250000
14.35479200
14.32891600
14.37187500
14.36133400
14.37812500
14.35137500
14.36062500
14.34645800
14.38866700
14.36054100
15.31620900
16.83204100
16.59595900
16.60166600
16.58775000
16.74150000
16.94312500
16.46287500
17.19741700
17.15325000
17.04579200
18.03745800
18.28579200
18.42891600
18.60108400
19.43950000
23.49420800
20.62900000
26.56616700
43.69212500
20.58600000
22.11879100
23.19254200
23.97912500
24.87204200
23.60441600
23.40541700
24.62195800
24.73570900
23.51608300
22.24958300
22.35904200
22.29708300
22.24604200
23.02258300
22.44083400
22.39929100
22.33195900
22.28016600
22.64620900
22.47695800
21.96795800
20.91950000
19.95937500
20.81016700
20.03850000
21.95662500
20.49708300
20.37908400
20.14775000
20.19562500
19.97525000
20.47358300
21.65104200
20.44583300
22.12395800
21.00929200
20.95541700
21.00962500
20.66420800
21.92750000
20.56016700
20.31095800
21.07008300
19.31029200
19.67991700
19.58279100
19.54541700
19.68945800
20.36483400
20.59670800
19.97116700
19.20420800
18.01945800
18.96750000
18.73783400
18.67608300
18.41375000
17.99129200
18.06262500
18.12125000
18.56570800
17.90375000
17.95470800
17.93783400
17.79262500
18.00600000
17.89375000
17.73008300
17.94141700
17.82241600
18.34200000
18.33366700
17.85475000
18.39262500
17.64675000
18.12483300
17.97179200
17.88279200
17.27745800
17.28270800
16.24429200
17.03233300
16.56770900
16.39375000
17.18737500
16.07883300
17.24291700
17.20716600
16.68900000
15.96254200
17.28454200
16.75675000
17.57937500
16.67354100
17.38533400
17.25008300
15.68379200
16.99712500
16.36091600
17.21879200
16.98587500
17.23225000
17.33479200
17.14170800
17.88450000
17.10200000
16.97716700
17.04916600
16.86816700
16.54737500
16.80533300
15.59283400
16.61095800
17.12970800
17.44812500
15.86520900
17.14358300
16.57629200
16.12829100
16.96558400
16.04204100
15.84087500
17.07495900
17.00904100
15.86370900
16.42454100
16.27470900
16.27387500
16.93154100
16.05170900
16.95720800
16.74312500
15.52416700
16.33366600
16.30054200
17.03354200
16.97420800
15.82712500
16.31354200
16.32062500
16.50845800
15.79512500
16.08483300
17.00616700
16.50816700
16.09283300
16.79416700
15.41770800
15.98141700
15.39479100
16.08962500
15.50787500
15.91179200
17.10987500
16.73929200
15.95595800
16.13170800
15.08100000
15.69795900
15.54708300
16.04529200
15.43970800
15.73841700
15.94404100
14.93008400
15.12104100
16.06112500
15.38087500
14.71354200
15.92900000
14.69879200
14.33358300
15.16270800
15.18787500
14.86275000
15.02716700
14.39729200
15.09695800
14.91508300
15.90208400
14.69562500
14.88154100
14.92279200
14.32762500
14.10670800
15.02483400
14.42466600
14.60908400
14.97229100
14.09329200
14.76279200
15.28120800
14.49762500
15.05925000
14.43675000
14.77558300
14.54508400
14.68708300
15.03787500
14.38108300
14.91875000
14.17870900
14.62783300
15.01525000
14.18045800
15.06454200
16.59320800
16.57041700
16.64716700
17.06700000
16.38629100
16.71687500
16.66266700
16.55908300
16.67162500
16.70712500
16.67966700
16.66900000
16.65012500
16.70116700
16.65991600
16.68387500
16.68675000
16.70008400
16.67716600
16.66587500
16.70304200
16.66379200
16.70195800
16.68429200
16.66191600
16.68537500
16.70887500
16.66754200
16.69383300
16.67325000
16.69291700
16.66366700
19.21487500
1227.38508300
27.37129200
30.93775000
27.59187500
30.48525000
31.09337500
30.02020800
30.23658300
29.77900000
32.76491700
30.61695800
32.18575000
29.78970900
27.66295800
27.51641700
26.29895800
27.54816700
25.51550000
26.14158300
25.75620800
25.91887500
25.78387500
26.08754200
25.60400000
26.07683300
26.60395900
29.95854100
29.28945900
29.94241600
31.69370900
28.83070800
28.35237500
26.49216700
29.96329100
27.76591700
27.95254200
27.32775000
26.25162500
25.76200000
25.48766600
25.90450000
25.69679200
25.73183300
23.44195900
28.94808300
25.85533300
25.36387500
24.18116700
26.31758300
25.19750000
26.92129200
26.33737500
27.28129200
25.84700000
25.44700000
24.35941600
24.04300000
24.63375000
24.33854200
25.66058300
24.19095900
23.51420800
24.91354200
25.27445800
26.68562500
26.99745800
26.99904200
26.20300000
25.51016700
24.41233300
25.14333300
25.20620900
23.52437500
24.88462500
23.93675000
23.60916600
24.71379200
25.10887500
24.28408300
24.24333400
25.23870800
25.98116700
25.92250000
25.10570800
25.70720800
23.48829200
23.51204200
23.44750000
23.43133300
23.56829200
22.70712500
22.88441600
21.70450000
21.91625000
21.93912500
21.88208400
22.06650000
21.87391600
21.87075000
21.87583400
23.50275000
21.90000000
21.69050000
21.86716600
21.80091700
22.17691700
22.36995800
22.46429200
22.29545800
24.14591700
24.21466600
24.07958400
24.45158300
23.80741700
24.44629100
25.82666700
25.84295800
25.70766700
25.75562500
26.37620800
25.99741700
26.05666700
25.95579100
25.72750000
25.72329200
25.50529200
25.54708300
25.38279200
25.02495800
26.20466700
25.38600000
25.59608300
25.82570800
25.44708400
26.09495800
26.26212500
25.51550000
25.63420800
26.49162500
26.14170900
26.69054100
27.35525000
26.85520900
25.42908300
26.47800000
26.01937500
26.03925000
25.69416700
26.64700000
28.05987500
25.60495800
25.60125000
25.69400000
25.71345800
26.27204200
26.41729200
25.45954100
26.14983400
25.14545800
25.07233300
26.35241700
24.92691700
25.17912500
25.06812500
24.82800000
25.43020800
25.33204200
26.26516600
26.02641700
27.51645800
27.30829200
26.77675000
25.91829200
25.71470800
26.06970800
25.22854200
25.16375000
23.93770800
25.76304200
26.06858300
27.21250000
25.89854200
25.15316700
24.70829100
24.20025000
23.89962500
23.85800000
24.00175000
23.70841700
23.52091700
23.64400000
23.67041600
26.20083400
25.80562500
24.56850000
24.56575000
25.71329100
25.31608400
25.32254100
25.67983400
24.79870800
24.87691700
25.27000000
25.20650000
24.87612500
25.04933300
24.62333300
25.23979200
24.92516700
25.48554100
26.25633400
25.37237500
25.07529100
24.65229200
24.68383300
24.92695900
25.30129100
24.82100000
24.72775000
26.49195900
25.10700000
25.15516600
25.24829200
24.67525000
24.86875000
24.05612500
24.96700000
25.12470800
24.34983400
25.47183300
25.01325000
25.24233300
24.82412500
25.14508400
24.69466600
24.94479200
25.67604200
24.82516600
24.78954200
25.00937500
25.77537500
25.56741700
24.51200000
24.90941600
24.82737500
24.52595900
24.26208300
24.54062500
24.25195800
24.40545900
24.20345800
24.65687500
24.72291700
24.16300000
24.00495800
24.08000000
24.55325000
24.33079200
23.56591600
23.77154200
23.39333300
23.30879200
22.56937500
23.55991700
22.30391600
21.94850000
22.22470900
22.12058300
22.72770800
22.73708400
20.47158300
20.09920800
20.99133400
20.24933300
23.66562500
23.01887500
22.09987500
22.13066700
22.23429100
21.84933400
21.27129100
22.77825000
22.26170900
22.16350000
21.94966600
22.30483400
22.17962500
22.08995800
23.84020800
23.64816700
23.75833300
24.26637500
23.51520900
24.21112500
23.42458300
23.61904200
23.50950000
23.41729100
24.66579200
24.16162500
24.02020800
24.32904200
26.48362500
24.19520800
24.25754200
24.48566700
24.14454100
24.93750000
23.84729200
23.81529200
23.53875000
23.88487500
24.20266600
24.43916700
24.04679200
24.09233300
24.50425000
23.76145800
24.67508400
24.87916600
24.79558400
25.55112500
25.78137500
25.47133300
24.55629200
25.25262500
24.48133300
25.22062500
24.87725000
25.90454200
24.75387500
25.68970800
24.59362500
24.74412500
24.92162500
25.50125000
23.96745800
25.04362500
24.11166700
25.02700000
24.63812500
24.87229200
24.21362500
24.43658300
24.28983300
24.16075000
24.41762500
24.98129200
24.22362500
23.93408300
25.26737500
24.53650000
25.90054200
25.24220800
24.74000000
24.23370900
24.83575000
24.15841600
24.35316700
27.80133300
26.45062500
26.80737500
25.74566700
25.86091700
24.44083300
23.82795800
23.67287500
24.15770900
23.64016600
24.24550000
26.04837500
24.52170900
25.20629100
24.18966700
23.71191700
22.74433300
23.04512500
22.84454200
22.81345800
22.69762500
22.84995800
24.12437500
23.48141700
24.14637500
23.51779200
23.24554100
24.25895900
23.05900000
23.17233300
23.56866700
22.66125000
24.67791600
23.73595900
23.29204100
23.57704200
23.45391700
25.43541600
24.99795900
25.31320800
24.81683300
21.37054200
20.36291700
21.22050000
21.39504100
20.55233400
20.48333300
20.49791700
20.45175000
20.43595800
21.64045800
21.41295900
20.43383300
20.53279200
20.75154100
20.87933400
20.61454100
20.51704200
20.64604200
20.53329100
21.22270900
23.73741600
26.47483400
23.41395800
23.79545800
22.42366700
23.29858300
23.70245900
22.94550000
22.92537500
22.96750000
22.88308300
23.34704200
22.15050000
23.62712500
22.17362500
21.96245800
22.06666700
22.36025000
22.68983300
21.99312500
21.00629200
19.69129100
19.59804200
20.49333300
20.26870900
20.21433300
20.97604200
21.96933300
21.89454200
20.62808300
19.85745800
19.45483400
19.17466600
19.80962500
18.80800000
18.38750000
18.00062500
17.86891700
17.66891700
17.67670800
17.71483300
17.65212500
17.89370900
17.67112500
16.77766600
16.80333400
18.37841600
17.31620900
16.83770800
17.08020800
7.92858400
141.37791600
14.81450000
15.97450000
15.94029200
15.80283300
15.84308400
15.69033300
15.75308300
15.95079200
16.88441700
16.88150000
16.76470800
16.67620800
16.87725000
16.82237500
16.73775000
17.04445900
16.85804100
16.86354200
16.94958300
16.80720900
16.88941600
17.70416700
18.36029200
18.49441600
18.37937500
17.60254200
18.34966700
18.40683300
18.44891700
17.87220800
17.92279200
17.35016600
18.42062500
18.31562500
18.46141700
17.33841700
18.35950000
17.26170800
17.52570800
17.79658400
17.51225000
18.17895800
16.96716700
17.77670800
17.28050000
18.37508300
17.22512500
17.37175000
17.80958400
17.87820800
18.31104200
17.56158300
17.69554200
17.32125000
17.23412500
17.24091600
18.18316700
18.31091700
17.46245800
18.10608300
18.37825000
17.45604200
18.52154200
18.25216600
17.48941700
18.19579200
17.62216600
17.60783400
18.64845800
18.65808300
18.97187500
18.90004200
18.72108300
18.47162500
18.37437500
18.24654200
18.16620800
18.40200000
18.39408400
18.24725000
18.76829100
18.34520900
18.26137500
18.44195800
18.51254200
18.54229100
18.35558400
18.33354100
18.44225000
18.54895900
18.40187500
18.52200000
18.47333300
18.26804200
18.14812500
18.34812500
18.21591600
16.90237500
16.87420900
17.07512500
17.01004100
17.05112500
16.96241700
17.03483300
16.96150000
17.00441700
17.19550000
17.09354200
17.13616600
17.09162500
17.27516700
17.03383300
17.15612500
17.16095900
17.07800000
17.32075000
16.87987500
17.09733300
17.17900000
17.02066700
16.98687500
15.93058300
15.77545800
16.07741700
17.04237500
17.08908300
16.20366700
16.81533300
17.22270900
16.99387500
16.97883300
15.99020800
16.57066700
15.69141700
15.97925000
16.92629100
17.09325000
16.90283400
17.07400000
16.94775000
15.87208300
15.59183300
16.64837500
16.86295900
16.02462500
15.97933300
16.93041700
17.12470800
17.15445800
16.93545900
17.34812500
16.69987500
16.89604100
17.04808400
16.62816600
16.72270900
16.73391600
16.57600000
16.56333400
15.57170800
15.51216700
15.45675000
15.51079100
15.47820900
15.42383300
15.43150000
15.46566700
15.47395800
15.43645800
15.58062500
14.37745900
14.26325000
14.30791600
14.32508400
14.28479100
14.30137500
14.36429200
14.31466700
14.39895800
14.42954200
14.39558300
14.33116700
14.30775000
14.31645800
14.27616700
15.15254100
14.45287500
14.32845900
14.32525000
15.16133300
15.73920800
15.68829200
16.11979200
15.82183300
15.89866700
16.28970800
16.84808300
16.78416700
17.00916700
16.77937500
16.88412500
16.84320800
16.64825000
16.79962500
16.82620800
16.63633400
16.81041600
16.55641700
17.13562500
18.09125000
17.59650000
17.34804200
17.62120800
17.49058300
18.26954200
18.25887500
16.93154200
17.24675000
17.45054100
18.06837500
17.97895900
17.91325000
17.90029100
16.74220900
17.87716600
16.87783400
17.36041600
17.67158400
18.03312500
17.86550000
17.79075000
16.89154100
17.62779200
16.99687500
17.62670800
17.12787500
17.71329200
17.26500000
16.94675000
17.84908300
17.79450000
16.59929200
17.22666700
17.25733300
16.95375000
17.14704200
17.72029100
17.09962500
17.52829200
17.62112500
17.75716700
17.02025000
17.22654100
16.71175000
17.50804200
17.74658300
16.90375000
17.30125000
17.63300000
16.79037500
17.18904200
16.79850000
17.54250000
16.77629200
17.58970800
16.09837500
16.71866700
16.66433300
16.90004200
16.19095800
17.08695800
17.02200000
16.79066700
17.48358300
17.42687500
16.07145900
17.76275000
16.70262500
17.09679100
16.81800000
17.39754200
16.43595800
16.55766700
16.88562500
15.92179200
16.76100000
16.90462500
16.63166600
16.46366700
17.18329200
16.62979100
19.77887500
17.90379200
17.64670800
17.52137500
17.79983400
17.79425000
18.32325000
19.32254100
18.83637500
19.09041700
19.32191700
19.60708300
19.56750000
19.01287500
18.78766700
21.99062500
19.68083300
19.64270800
22.48595900
24.35437500
21.41133300
21.45895800
21.72670900
22.99062500
21.60879100
22.39479200
21.15708300
20.33775000
21.93295900
22.56433300
21.96787500
20.89079200
20.87329100
21.26016700
20.99425000
21.49691700
20.99654100
21.63450000
20.64770900
21.21395800
20.46516700
21.09783300
21.85383300
20.86220900
20.42275000
20.08741600
18.73004200
18.49504200
18.74991600
19.55687500
19.75316700
19.16929200
19.06987500
19.03479100
18.33408400
18.65270800
19.18375000
18.66250000
18.77970800
18.64045900
18.49166600
18.47191700
18.39437500
18.16741700
18.36966600
18.45429200
18.70187500
18.48508300
19.61029200
17.88666700
18.41462500
18.92729100
18.51083400
18.46208300
18.27970800
18.55150000
22.33387500
19.79529200
18.71004200
18.98100000
17.21762500
16.61725000
16.35529100
16.22245900
16.65245800
16.55987500
15.50175000
15.26304200
15.02850000
15.34712500
14.77479100
14.90883400
14.97850000
15.46012500
14.32112500
14.04208300
13.97470800
13.85312500
13.92925000
13.89883400
13.99454100
14.10554200
13.93283300
13.87550000
13.76675000
13.85912500
13.19325000
12.98583400
12.42075000
12.89616600
12.20491700
12.18866700
12.14550000
12.51745800
12.48241700
13.01775000
13.21075000
13.32479100
14.13670900
13.34079100
16.62129200
16.62987500
16.76075000
16.69566700
16.69966600
16.72487500
16.58945900
16.73679100
16.71779200
16.68066700
16.63979100
16.69962500
16.65425000
16.65733400
16.69508300
16.71583300
16.66862500
16.70312500
16.66795900
16.65062500
16.71579100
16.65854200
16.71312500
16.69570800
16.92920900
16.44945800
16.69212500
16.68000000
16.70795800
16.74991700
16.54437500
16.76158300
16.71745900
16.57941600
16.68520900
16.74308300
16.58954200
16.73204100
16.69529200
16.76137500
16.65054200
16.67012500
16.61929100
16.83420900
16.54129100
16.76104200
16.83858300
16.64333400
16.64245800
16.67075000
16.65483300
17.24666700
16.65466700
16.21025000
16.53037500
16.90133300
16.49183300
16.69654200
16.75745800
16.72858400
16.58508300
16.67441700
16.72437500
16.67370800
16.67787500
16.64195800
16.63591700
16.77837500
16.63900000
16.73195800
16.71025000
16.57508400
16.74508300
16.70887500
16.62200000
16.65458300
16.80237500
16.60258400
16.70983300
16.70341700
16.66350000
16.57887500
16.72079100
16.75145900
16.54554100
16.73345900
16.67583300
16.67779200
16.68008300
16.78862500
16.61708300
16.62508400
16.66291600
16.75458400
16.65554100
16.70712500
16.65179200
16.68258300
16.69891700
16.69212500
16.67525000
16.65058300
16.70925000
16.69412500
16.68945900
16.75045800
16.65245800
16.61708400
16.76175000
16.61879100
16.66791700
16.74054200
16.69250000
16.66916600
16.63387500
16.68933400
16.64900000
16.68733300
16.66162500
16.71050000
16.69925000
16.62508300
16.75704200
16.65145800
16.69325000
16.64962500
16.67362500
16.74912500
16.65770900
16.65845800
16.70062500
16.68620800
16.70487500
16.65420900
16.70083300
16.66175000
16.67062500
16.66220800
16.72770900
16.67129100
16.67079200
16.73029200
16.61587500
16.74641600
16.62954200
16.69266700
16.69441600
16.66012500
16.67679200
16.69025000
16.70212500
16.67791700
16.64845800
16.73295800
16.65133400
16.70733300
16.66941700
16.66637500
16.74845800
16.65254200
16.66654100
16.70304200
16.64225000
16.68841700
16.70829100
16.67400000
16.70345900
16.71750000
16.62687500
16.69625000
16.65504100
16.68245900
16.69454100
16.73420900
16.63383300
16.72608300
16.66550000
16.63979200
16.67808300
16.67966700
16.70116700
16.66645800
16.68062500
16.68295800
16.68558400
16.69670800
16.66720800
16.68404200
16.69979200
16.68283300
16.68283300
16.68529200
16.66920800
16.70187500
16.67929200
16.66475000
16.68258300
16.68425000
16.70008400
16.67137500
16.67833300
16.68408300
16.68262500
16.70387500
16.66295900
16.68462500
16.69862500
16.68279100
16.79058400
1001.95187500
41.36362500
31.75033300
34.27916700
34.52233300
34.35179200
37.89491600
39.32200000
35.56033400
38.99195800
36.90808300
33.44904200
30.63012500
34.71391700
32.46945800
32.80287500
31.99075000
32.59704200
32.10579100
30.10683400
34.25420800
30.33183300
30.42950000
30.12245900
30.41283300
28.29895800
31.80208400
29.60041600
32.65525000
30.21183400
29.31458300
29.01958300
29.40637500
29.17600000
30.07095900
30.42120800
30.71458300
30.04041700
29.50800000
29.03983300
29.50629200
29.31608300
29.41241700
29.28783300
28.93125000
29.48375000
29.00558400
29.24483300
29.02333300
29.93420900
29.90291600
29.17429200
28.70229200
29.00487500
30.70458300
29.69037500
29.66187500
29.03179200
28.74650000
29.67645800
30.68704200
29.93625000
30.31254100
29.44183400
29.41695800
29.24820800
29.57291700
30.06704200
30.17687500
29.66104100
29.67045900
29.54700000
29.13175000
28.65737500
29.47629100
28.25358400
26.76100000
26.54066600
26.75033400
26.36479100
26.40862500
26.99995900
26.61041600
27.88541700
26.50062500
25.23420800
25.07841700
25.03145800
25.07304200
25.42095800
24.84150000
26.96408400
27.32600000
27.41733300
27.73729200
28.46554100
29.51950000
29.07304200
29.31175000
29.67516700
29.18912500
30.17141600
29.08525000
29.31125000
29.28208400
29.22833300
29.66108300
30.70233400
31.09404100
30.55354200
30.00812500
30.99708300
30.83929200
30.51916700
30.68979100
31.98637500
31.61466700
29.68587500
30.50504200
30.72579100
30.63479200
29.93358300
30.18433400
30.55800000
31.36737500
30.29241600
29.98700000
30.38737500
31.80704200
31.49187500
31.74854200
29.92933300
31.67550000
30.87125000
30.98141700
29.88841600
30.78083400
30.32641600
30.13591700
31.34625000
29.85062500
30.95345800
29.28604200
30.03225000
30.03500000
30.01929200
30.27391600
29.21487500
31.43470900
32.34045800
27.05504200
31.09900000
29.33516600
30.54833400
29.92641600
29.93170900
30.05087500
29.26208300
28.62425000
28.50491700
28.66395800
29.03095800
28.08991700
27.99650000
28.46591700
28.58445800
27.86529200
28.25270800
28.33283300
28.11004200
28.35545800
28.61770900
28.04425000
27.81925000
28.13383300
28.15020800
28.19158400
27.67912500
28.89962500
28.40400000
28.71841600
28.36345900
28.51241600
29.34137500
29.66062500
28.97454200
29.13170800
27.96383400
27.93704100
27.95287500
28.43595900
29.32129100
28.82941700
28.46650000
27.93158300
28.13829200
28.74366700
28.62254100
28.08683400
28.78054100
27.83550000
28.27875000
27.03366700
28.06875000
27.36020800
28.24237500
28.02008400
27.96450000
27.21254100
27.23941700
27.32862500
26.68258300
25.81366700
25.95404200
26.11479100
26.16608400
25.82325000
26.14625000
25.53766600
25.14745900
24.83058300
24.97737500
25.16566700
25.09687500
26.25950000
24.47683300
25.95891700
26.02191600
26.81170900
26.51779100
28.57791700
28.14975000
27.85725000
27.92704200
28.40808300
28.14858300
27.70441700
27.77804200
27.58237500
28.15116600
28.70808400
28.48575000
29.63679100
28.88920900
33.07041600
31.31095900
30.59754100
30.93750000
29.03395900
30.65525000
29.74450000
29.02158300
30.74975000
29.90145800
30.29295900
30.21237500
30.30879100
29.75937500
31.04175000
29.38025000
29.03879200
29.07025000
28.56641700
28.92179100
29.47412500
29.81300000
28.96145900
30.07141600
28.31220900
29.23158300
28.83795800
29.37937500
28.57929200
28.40300000
27.60758300
29.17979200
28.22033300
28.06500000
27.73412500
28.52995900
28.67341600
28.07958400
28.48879100
28.75858400
29.36383300
27.96487500
28.27391700
28.57520800
28.05183300
28.66854200
28.84087500
28.16133300
28.39866700
28.14300000
28.42762500
28.79008300
31.64420900
30.53387500
28.29520800
28.82437500
27.74454200
27.63562500
27.29383300
28.98216700
29.25987500
27.89125000
27.42175000
27.94891600
27.22129200
27.58025000
27.86258300
28.42533400
27.17937500
27.24212500
27.24650000
27.51804100
28.92100000
33.99187500
30.81525000
28.73841700
28.08912500
28.15983300
26.84083400
28.17316600
27.69166700
27.87337500
27.43658300
28.30966700
28.28545800
27.74354200
27.70487500
27.87604200
27.61829100
28.04333400
27.96275000
28.22775000
27.03016600
27.00979200
28.38666700
27.43941600
27.88608400
27.76491600
27.24508400
26.54383300
26.77833300
26.42458400
26.65866600
29.77679200
28.90470800
27.96654200
26.06762500
26.25966700
25.90575000
27.75087500
24.73087500
24.48879100
23.81975000
23.90554200
24.15725000
25.04920800
24.04937500
24.31000000
24.25612500
24.53887500
24.39220900
24.15512500
23.89925000
24.00045800
23.94070800
24.43958400
25.96033300
24.49329200
24.64683300
26.62612500
26.44079200
26.32579100
26.16379200
25.78412500
26.12320800
26.58112500
26.06758400
26.88787500
27.11033300
29.48658300
28.50554200
28.72050000
28.06187500
28.94725000
29.10712500
29.28520800
28.02825000
27.55691700
28.34079200
29.60104100
27.74220900
27.99266600
28.71862500
27.31537500
27.25541700
28.28404200
28.79945800
27.92075000
30.12066700
30.09216600
31.77633400
27.95975000
28.98583300
28.66404200
28.93387500
29.01662500
28.65362500
27.28787500
28.10820800
27.92895800
27.20025000
28.55283400
27.18883300
26.95720800
27.47195900
28.48866600
28.76612500
27.36308400
27.30962500
28.46320800
27.14191700
27.25050000
27.16966600
27.40375000
35.23791700
30.65770800
28.19716700
29.52495800
28.75095900
29.02745800
28.80816700
31.58412500
33.24570800
32.06487500
32.29854200
32.68170800
31.33825000
33.56500000
33.35387500
32.16704200
28.12937500
28.25350000
28.81662500
28.82816600
28.00437500
27.98604200
27.67983300
28.46550000
28.07350000
26.75891700
26.16629200
25.55162500
25.42987500
26.45350000
27.69037500
26.26670800
27.99558300
26.36058400
26.44058300
27.35700000
25.30741700
25.09470800
25.79320800
26.28091700
24.87462500
26.21087500
24.79804200
26.21266600
24.68000000
26.35512500
26.00666700
25.48945800
24.50204200
24.95062500
25.84866700
27.78400000
27.51475000
26.25000000
26.18770800
26.11195800
26.04075000
26.10020900
25.40675000
26.13587500
24.88454100
26.22825000
24.01512500
24.42804200
24.01025000
24.89787500
24.78729200
24.56254100
24.72091700
26.60170800
26.55241700
25.28270800
24.84054200
23.80416700
22.96220800
24.51533300
23.71670900
23.26262500
23.62120800
22.73012500
21.71904200
21.99116600
21.08429200
22.31641700
22.63070800
21.92770800
21.75937500
21.96787500
21.88012500
21.70045900
21.74020800
23.49612500
21.84383300
22.64883400
23.21275000
25.07358300
27.91962500
25.45241700
26.87291600
26.03562500
26.52308400
26.87400000
27.60737500
25.92400000
28.10241600
27.31487500
27.07712500
26.64187500
26.52029200
26.11179200
26.57275000
26.23066600
25.06958400
25.84445800
27.25108300
27.13891700
26.88595800
27.15250000
26.57591700
26.64733300
26.87437500
26.70262500
25.92383400
28.52750000
26.55462500
28.86491600
26.78362500
26.90670900
25.55741600
26.69195900
27.07204100
26.11050000
27.19850000
29.18308400
28.55870800
27.67416700
26.42283300
27.48854200
27.48262500
26.81487500
27.32512500
27.92004100
27.58354200
27.06275000
26.34150000
26.25008300
27.23654200
27.99233300
26.19637500
26.83108400
26.46691600
27.65037500
25.54029200
27.52625000
26.51800000
27.80254200
27.75979100
27.83029200
27.49125000
27.38650000
28.11208300
26.86991700
27.65083300
26.74595900
27.45587500
26.73529100
28.13358400
28.05487500
27.24816600
26.51595900
29.13041600
28.16554200
27.99004200
30.28737500
28.59662500
26.50279100
28.35304200
26.96350000
28.55404200
27.60345800
27.86487500
27.17725000
26.50916700
29.15170800
27.83145800
29.43558400
26.81204100
26.87341700
28.29325000
27.92441700
27.02987500
27.38566600
26.84637500
27.07704200
27.41591700
26.14220800
29.06216700
27.22879100
29.61283400
27.94608300
27.13354200
28.33991600
27.92441700
26.73604200
28.01025000
26.82291600
29.41533400
26.36804100
26.81229200
27.20145800
27.98987500
28.14987500
24.21525000
24.32020900
24.58562500
23.49937500
23.14141600
22.75425000
24.38354200
24.00854200
24.72691600
26.42275000
26.12404200
25.69995800
26.69916700
26.37670800
27.95858400
28.47045800
29.60687500
28.26070800
28.96516700
29.31537500
33.06183300
29.45733400
28.00583300
28.99262500
26.43116700
25.12825000
25.48604100
25.25391700
24.86358300
26.72479200
26.32712500
28.69020800
25.71987500
6.64420900
231.91883300
18.24891700
18.32037500
18.67741600
18.34658400
18.31283300
18.23733300
18.17845900
18.13500000
18.28241600
18.30387500
18.29158400
18.10787500
18.36954100
18.19512500
18.27000000
18.39179200
18.31904200
18.47391600
18.44900000
18.40733400
18.48000000
18.36800000
18.53208300
17.98491700
18.09816600
18.22783400
17.03225000
16.81458300
16.64854200
16.46987500
16.66245800
16.49558300
16.54679200
16.32937500
15.48333300
15.45616700
15.47125000
15.44004200
15.47366600
15.56295900
15.45266600
15.53970900
15.47212500
15.38266600
15.09862500
14.39491700
14.31429200
15.17554100
14.46641700
14.37116700
14.35045800
15.08520800
14.79866700
14.39741700
14.51900000
14.97358300
15.36308300
15.85266700
15.88270800
15.74908400
16.00779100
16.16295900
17.21804100
16.94916700
16.88691700
16.74112500
17.47837500
16.91058300
17.01016700
16.83920800
17.80837500
18.24195800
18.20816700
18.20937500
18.09279200
18.13795800
18.14295800
18.05408400
18.62316600
18.22995900
18.23041600
18.28575000
18.20700000
18.22541700
20.06658300
20.77745900
19.40116600
19.13150000
40.83587500
24.43529200
22.52325000
84.32195800
50.35345900
31.04320800
23.43929200
22.52291600
22.29400000
22.34000000
22.23316700
22.24700000
21.19204200
19.85891600
19.88945900
19.84391600
20.39583400
20.01225000
19.89058300
20.02279200
19.96983300
20.02070800
19.74791700
18.16720800
18.34408400
18.53925000
18.39433300
18.55291700
18.61991600
18.23625000
18.40791700
18.35354200
18.16241600
18.16154200
18.18133300
18.12608400
18.26108300
18.29566700
19.28154100
18.16016700
18.55075000
18.26925000
18.11258300
18.46616700
18.22191700
18.45245800
18.29525000
18.19325000
19.27604200
20.56720800
20.99395800
21.27183400
22.44900000
21.03495800
20.09404200
20.18004100
19.97695900
20.18850000
19.93362500
20.01354100
19.84487500
20.00862500
19.87370900
19.94000000
18.35720800
18.24695800
19.27183400
18.39770800
19.28558300
18.30875000
18.33358400
18.37687500
18.34958300
18.22733300
18.30545900
18.31133300
18.15425000
18.32141700
18.33175000
18.31370800
18.32820800
18.17462500
18.11829200
18.40433300
18.27062500
18.18395900
18.13041600
18.30062500
18.26941700
18.29283300
18.29300000
18.14700000
18.23941700
18.32183300
18.12325000
18.22920900
18.29725000
18.30062500
18.42983300
18.35325000
18.23058300
18.32304200
18.27187500
18.40270800
18.25887500
18.20208400
18.16779100
18.27012500
18.22216700
18.18529200
18.27666600
18.52883400
18.83183300
18.91983300
18.83783400
18.61558300
18.75170800
18.25333400
18.17654100
18.22741700
18.21108300
18.30087500
18.14375000
18.21020900
18.35495800
19.09495800
18.43841700
18.30712500
18.54266700
19.05716600
19.30016700
18.31308300
18.29070900
18.27504100
18.21370900
18.22700000
18.34104100
18.28520900
18.68833300
19.02141700
18.21533300
18.16941700
18.28754100
18.21958400
18.29170800
18.15316700
18.79520800
18.78245800
18.26241700
18.40079200
19.23170800
18.30837500
19.06758300
18.30679200
18.32275000
18.25758300
18.41295900
18.84383300
18.84575000
19.29070800
18.30329200
18.33291700
18.21795800
19.15150000
18.23970800
18.19512500
18.21095900
18.22795800
18.09933300
18.17812500
18.31000000
18.39345900
19.41145800
18.25175000
21.41558300
20.83733400
20.75495800
20.02604200
20.53287500
20.61804100
20.57929200
20.64991700
20.16987500
20.55808300
22.50000000
22.65945800
22.62254200
22.50120800
24.80054200
23.64587500
23.18854200
25.14650000
34.30091600
24.92300000
24.51533400
24.34970800
24.06591700
23.89408300
24.79562500
23.58937500
23.02487500
23.81991700
23.27375000
23.01683300
23.04008300
22.47550000
22.95795900
22.44266600
22.41633400
22.23233300
22.43620800
21.91608400
19.94929100
20.33195900
20.94929100
20.59779200
20.15729200
20.13033300
20.03637500
20.18000000
20.03400000
20.08695800
18.72391700
20.65266700
20.75487500
20.97537500
20.26545800
21.34575000
20.51700000
20.76575000
21.00008300
20.52500000
20.54350000
20.45366700
21.63420800
22.59783400
22.92445800
22.48679200
21.99012500
20.78154100
23.43866700
24.55508300
23.84450000
23.20104200
21.38358300
20.59758400
20.10629100
20.76220900
20.44475000
20.46191600
20.82812500
21.91283400
20.24787500
20.44645800
20.29841700
20.63925000
20.15462500
20.23008300
23.70745800
25.99716700
24.24941700
20.35966600
20.21516700
20.46104200
20.46975000
20.36712500
20.48625000
20.23112500
20.36625000
20.40512500
19.48812500
19.39854100
18.60533400
18.79895800
20.50412500
18.84087500
18.77116700
19.20979100
19.63558400
19.40466600
19.16391700
19.26904200
18.91133300
19.00150000
19.36850000
18.39083300
19.98270900
18.86808300
18.44483300
20.32275000
19.20450000
19.54979200
19.91225000
23.83854200
22.59312500
20.65245800
20.94887500
23.17362500
59.40345800
22.57641700
20.23858300
21.42345900
20.73054100
26.92058400
21.28487500
20.38433300
21.13275000
20.77741700
22.59300000
22.90650000
22.91808300
23.13512500
23.31279200
22.93725000
23.04116600
22.94416700
22.92741700
22.76575000
22.08800000
21.97258300
22.11987500
22.11670800
22.05462500
22.68475000
21.92216700
22.39608300
21.74287500
21.86470900
22.35979100
23.75729200
23.34145800
23.37387500
23.37633400
23.39758300
23.33516700
22.14041600
22.99345900
37.62237500
31.49100000
35.06620800
34.53200000
25.28050000
24.71354200
23.12970800
24.79650000
24.61258300
21.66320900
21.46487500
21.46804100
21.45879200
21.40579200
20.22720800
19.26733300
19.11225000
19.16195900
19.23662500
19.06212500
19.02687500
19.16620800
19.11920800
19.12120900
19.17229100
18.05795900
17.51400000
17.65633300
17.53862500
17.47537500
17.47820800
17.58395900
17.70937500
17.71375000
17.52270800
17.48795800
17.51008400
17.54166600
17.52050000
17.40437500
17.59233400
17.53212500
18.53095800
17.44750000
17.46133300
17.43650000
17.39562500
17.37462500
17.66079200
18.32850000
17.55416700
17.76429100
17.56358400
17.48133300
17.48316700
17.80420800
17.94558300
17.87616700
17.64312500
17.62154200
17.47187500
17.43879100
18.09008400
17.71837500
17.53116600
17.72700000
17.53529200
17.51450000
17.96933300
18.16075000
17.53312500
17.46895900
17.64133300
18.11087500
17.51862500
17.45170800
17.38533400
17.48291600
17.51833400
18.59745800
17.51645800
17.89008400
18.27291600
18.26137500
18.46541700
17.60191700
17.43058300
18.67220800
17.51154200
17.70595800
18.10970900
17.64470800
18.15500000
17.82654200
17.67012500
17.54712500
17.50954100
17.70208400
17.56366600
18.39970900
17.59650000
18.32366600
17.53904200
17.47375000
17.36879200
18.06683300
18.87375000
17.49654200
17.47754100
18.33400000
17.45608400
17.70387500
17.99554100
18.13495900
18.16183300
17.58104200
18.41637500
17.57837500
17.71162500
17.75041600
18.21941700
17.54620800
17.52662500
18.39429200
17.47579200
17.37779100
17.50650000
17.73633400
17.59154100
17.69291700
17.63683300
17.63854200
17.65737500
18.75487500
17.77933300
17.67087500
17.65237500
17.72195900
17.65054100
18.00520900
17.83787500
17.83050000
18.10166600
17.93812500
19.33804200
19.16183300
19.33358400
18.21937500
17.29875000
17.32470800
17.54950000
17.66387500
17.54629200
16.15291600
15.85804200
16.27920800
16.13666700
15.84591700
15.92775000
16.02141600
15.90958400
15.92954100
15.88387500
15.03154200
14.96441700
14.94316600
14.90575000
14.72125000
14.78812500
14.78025000
14.96516700
14.80979200
14.86325000
14.88304100
14.93329200
14.79029200
14.84283300
14.74470800
15.06229200
15.49683300
15.71116700
15.23675000
15.65425000
15.44287500
15.51437500
16.33741700
16.44245800
16.74045800
16.74670900
16.26395800
16.23566700
16.36887500
16.32883300
16.71345800
8.93825000
1018.12979200
28.60762500
30.05537500
30.73616700
31.00133300
31.65441700
34.01187500
31.46945800
32.56154200
30.05241600
29.79625000
29.62045900
28.75158300
29.33925000
29.29870800
28.78983400
29.03420800
28.77295800
28.51650000
28.82191700
28.77441700
29.22745800
29.03816700
28.67162500
28.53283300
28.76016700
28.51962500
28.58762500
28.73208300
27.79437500
28.51979200
27.21712500
29.00379100
27.27045900
26.43433300
26.30387500
26.04858300
26.36816700
26.51608300
26.54775000
26.42045900
26.74691600
26.69475000
26.24450000
26.34745900
26.37408300
26.85333300
26.40841700
26.66391700
26.97337500
26.55045800
26.45804200
26.41979100
26.85358400
26.69037500
26.19604100
26.50241700
26.17400000
27.17666700
27.70933300
26.74591700
26.60625000
26.30404100
26.82041700
26.56079200
26.30087500
26.33779100
27.02095900
27.00162500
27.05720800
26.45950000
26.62070800
26.48029200
26.76475000
26.47829200
27.15225000
26.75554100
26.56320900
26.96825000
26.83529100
26.76733400
29.36933300
26.88716700
25.82908300
26.13212500
26.03637500
25.91095800
26.74925000
24.25204200
24.14012500
24.06566700
24.25341600
23.81254200
23.87587500
24.21504200
23.77354100
23.91145900
23.97308300
23.35191700
22.72566600
22.44962500
22.60966700
23.63341700
23.46920800
24.50258300
23.06504200
23.65304200
24.60254100
25.71950000
25.69691700
25.39987500
27.06066700
25.96166600
26.82745900
25.81466600
27.89366700
28.28216700
27.86554100
27.70054200
27.07562500
26.62891700
30.84225000
29.74333300
28.82812500
28.06675000
30.30579200
27.44108300
29.60033300
28.11087500
29.75708400
28.81441600
30.30833400
28.79116600
28.35154200
29.17883300
28.08404200
28.57333300
29.26575000
27.62562500
28.66550000
28.72754200
30.56554200
29.59783300
28.37775000
29.78150000
27.98858300
28.92941700
29.50900000
29.38170800
28.66633400
28.35233300
28.45487500
28.32583300
29.54845900
28.36450000
28.01966600
27.96720900
28.11437500
28.57420800
28.16162500
27.54258300
28.77679200
35.40325000
29.61379200
29.33375000
29.23850000
28.77241600
28.15883400
29.24566600
28.10679200
27.39991700
26.55233300
30.34679200
28.03829100
28.59266700
26.77058300
28.21862500
28.43483400
27.82191600
27.27566700
28.57487500
28.28508300
26.83450000
27.63608400
29.01162500
27.18283300
27.06841700
27.07354100
25.55362500
27.47220900
25.38391600
27.20370900
26.60695800
25.48725000
26.90804200
28.46795800
26.97375000
26.72604200
26.91125000
26.30375000
27.02991600
26.64854200
25.87762500
26.39087500
26.46879200
26.05500000
26.29279100
26.58870900
25.40529100
26.95525000
26.21854200
26.04016700
28.00662500
26.90566600
26.25941700
26.45437500
25.67745800
26.41683400
26.64133300
25.78583300
25.38120900
27.62187500
26.56670800
24.69395800
28.02329200
25.82308300
27.68766700
24.92687500
27.47270800
25.12412500
27.55720900
26.21479100
26.11754200
26.20825000
26.86154200
26.33979100
27.40575000
26.71491700
24.82766700
26.14845800
26.44475000
22.87708300
21.89787500
24.63054200
23.25366700
22.77800000
21.91537500
24.76529100
23.13808400
23.05679100
22.91066700
22.06129200
21.72825000
21.47116600
21.36854200
21.40529200
21.15200000
21.22145800
22.19125000
22.67870800
23.06925000
24.60920900
24.34887500
23.33695800
25.14412500
25.95166700
25.20625000
25.27979100
25.04100000
24.87825000
21.84179200
25.33650000
26.57216700
30.91362500
30.32266600
31.83266700
28.20775000
28.38191700
30.38629100
31.37904200
28.87404200
26.12220800
31.82870800
29.45129200
29.09258300
29.03875000
30.19333400
29.41441600
27.94708400
28.34983300
28.65750000
27.89454200
27.32129100
28.44666700
29.38087500
29.65333300
28.97050000
27.54741700
28.87279200
32.96583300
28.41120800
28.62491700
29.17450000
29.45637500
28.06779200
28.36941600
27.90020900
28.95725000
27.51325000
27.55841600
27.27104200
28.25304200
27.74241600
27.44958400
27.89358300
27.62187500
26.84658300
27.38316700
27.05062500
27.46216700
25.69200000
26.02500000
27.47004100
26.22879200
25.95841700
26.27995800
25.91487500
26.91641700
26.34829100
23.62529200
28.64879200
25.21412500
27.21895800
28.19645800
25.28412500
28.95612500
28.36816700
27.64308300
28.52837500
24.31879200
30.26920800
27.57370900
26.94712500
30.39579100
26.52825000
29.07491700
28.02870800
27.05112500
28.04941700
30.41925000
28.66004200
26.88958300
28.57654200
30.32329100
27.24762500
28.75962500
29.08929200
27.24404200
27.50050000
28.71100000
28.39875000
27.32783300
26.90520800
30.54070900
28.48945800
29.64283300
27.37691700
28.05337500
29.08695800
25.47879200
30.26600000
28.44375000
28.85554200
27.52633300
27.56462500
29.94287500
27.73754200
29.43970800
28.16950000
28.57829200
28.14458300
28.61733300
26.23370900
30.65358300
27.91525000
28.70583300
28.08237500
28.51416700
27.49687500
28.60975000
28.37233300
27.04825000
27.97741700
28.70029200
29.08366600
28.01270900
28.33750000
27.75066600
28.47600000
27.80783400
28.18925000
25.51358300
25.40158300
25.35020900
23.78300000
27.05416600
25.73504200
26.42233300
25.37545900
25.40950000
24.22875000
26.14783300
27.12662500
25.48712500
25.19087500
24.67779200
28.48041600
25.00120900
25.78358300
26.36529200
25.35591600
25.56725000
26.15095900
27.30641600
25.66862500
27.19300000
25.36575000
26.80275000
27.13670900
25.76916600
25.70529200
26.83212500
25.05650000
25.61758300
27.06041700
27.18137500
25.88870800
26.21608400
25.51437500
26.56558300
26.99912500
26.52770800
25.11962500
24.27120900
24.36750000
24.20779100
23.89491700
22.40254200
21.37987500
23.27483300
22.81945800
22.38083400
22.56850000
22.39312500
22.23958300
22.12820800
21.86837500
22.26266700
21.03104200
21.13570800
21.27337500
21.25066700
20.83420800
21.05604200
21.62062500
22.99341600
22.75425000
22.65458400
22.69108300
22.79816700
25.13933300
24.58412500
24.86016700
24.60641600
24.98012500
24.87141700
25.18233300
24.71941700
24.96037500
25.20620800
26.65241700
25.87612500
26.51687500
26.75350000
26.15158300
24.53291700
27.44812500
25.94679200
26.92162500
27.36325000
27.37558300
27.09254200
26.82012500
26.80016600
26.90804200
25.53400000
26.02091700
25.20529100
26.47595900
27.11083300
24.71162500
25.02179200
24.72104100
24.69766700
25.36525000
24.46120800
23.42533400
27.32612500
26.23141600
25.73504200
26.58654200
25.84854100
25.54845900
26.03241600
26.38466700
25.91283300
27.18979200
26.13500000
26.59704200
26.42408300
25.73316700
26.10766600
25.83250000
25.82612500
26.67808400
26.00879100
25.88854200
25.61541700
26.21087500
25.50195800
26.83516700
25.62525000
25.71562500
25.64454100
25.18404200
26.40866700
25.20133300
25.53079200
25.43733300
25.37408300
26.23558400
25.23050000
25.10016600
25.11800000
25.56037500
26.17866700
25.95779200
26.16412500
25.21108300
25.28120800
26.43045900
25.53266600
24.92233400
25.30195800
25.32887500
25.41887500
26.71408300
25.15250000
26.35095900
26.77266600
25.36429200
25.15583300
25.80237500
24.62195900
25.74887500
25.44475000
25.50645800
25.41900000
26.25695800
26.36216700
25.62912500
25.34754200
25.08679100
25.07608400
25.93933300
25.97575000
24.88320800
26.17579200
25.55512500
25.33108300
25.11566700
26.77600000
25.39070800
25.12008400
25.48112500
26.39350000
25.51166600
25.38329200
25.13250000
25.22504200
24.93287500
24.65416600
25.34312500
25.03720900
25.30770800
25.70475000
25.37641700
24.77916600
25.55812500
24.40558400
25.21841600
23.18633400
25.11520800
24.22375000
24.83104200
23.24879100
23.44366700
22.33983300
22.39112500
23.54991700
24.31358300
22.48008400
23.18079100
23.10541700
22.36008300
23.18912500
22.08629200
22.77733300
25.61950000
24.99250000
25.00891700
25.80758300
24.86850000
25.86525000
24.66162500
25.14412500
25.88854200
25.12362500
25.18204200
24.27462500
24.47562500
24.16458300
24.97054200
24.51025000
24.57195800
25.28720800
25.08825000
24.73425000
24.76970900
25.41825000
25.18879100
23.25379200
24.94854200
24.07354100
26.83312500
27.27791700
26.66141700
30.51454100
36.55295900
34.51733300
29.63283300
30.17366700
31.03037500
29.99237500
26.51275000
25.48116700
25.02825000
26.12929100
24.28183400
23.20154100
23.84029200
23.30975000
23.87666700
23.24050000
23.87708300
23.56366700
24.08350000
22.71458300
23.41658300
22.11045900
22.24041600
22.68816700
23.11687500
23.18787500
24.43087500
27.51429200
25.14870800
24.47845800
24.80908400
24.95729100
24.72837500
26.25366700
25.62516700
25.78458300
26.97650000
25.65750000
24.76608300
24.50158400
27.14212500
27.18287500
28.41629100
27.81425000
26.37920900
26.01679100
27.65166700
30.50708300
32.07275000
30.58529200
28.12620800
26.27862500
26.25625000
29.27704200
27.46200000
28.76520800
26.48158400
28.20633300
26.24454200
25.83783300
29.98300000
121.40350000
43.15395800
34.89762500
31.93375000
28.65933400
27.39950000
27.32195800
29.14112500
29.68754200
27.52841600
28.60441700
27.43595800
27.01737500
29.40383400
28.90716600
27.54112500
27.12216700
26.99220800
26.89766700
24.23216700
24.93812500
24.17666600
24.58125000
24.75520900
24.34020800
23.80958300
23.78525000
25.73300000
24.20433400
23.80729100
24.00983400
24.31354100
23.59287500
23.38216700
23.39629200
24.21350000
24.34333300
24.10866700
23.64329100
23.49287500
23.59737500
23.73233400
24.22091600
23.94791700
23.96150000
23.59495800
23.65141700
22.83375000
24.43625000
24.27045800
23.17750000
23.43308400
23.65816600
22.72925000
23.19416700
22.99716700
22.49508300
23.32329200
22.42795800
23.32837500
22.63408300
22.76608400
23.13866600
23.32816700
22.03783300
23.68587500
24.05220900
22.96545800
23.12150000
22.98583300
24.00050000
22.97608400
22.84525000
22.70545800
23.06066700
23.46575000
22.41533300
23.39879200
22.23737500
23.98150000
22.82841600
22.89920900
24.09779100
23.91445900
23.18733300
22.68091700
22.04804100
23.53754200
23.94020800
26.34783400
24.00075000
25.91633300
26.63725000
25.07600000
25.72170800
27.88825000
27.32020900
26.52020800
27.42808300
27.40062500
28.67712500
27.23445900
25.98845800
27.66754200
25.82270800
25.79366700
25.75016600
26.08612500
26.05470900
23.30054100
23.36041700
24.12508300
23.58566700
23.01029200
24.24741600
23.10362500
22.49629200
22.73641700
22.99708300
23.01929200
23.02958300
23.49420800
22.52970900
22.48808300
22.45375000
23.84220800
26.22804200
25.66337500
32.21900000
29.03262500
27.68908300
27.34958400
26.68745800
26.25258300
28.34716700
26.39066700
26.13850000
25.72308300
27.58745800
26.42020900
25.83795800
26.74229200
24.67766600
24.52520900
25.09929100
27.19916700
25.46504200
26.15987500
29.94333300
25.41475000
25.30600000
25.35112500
25.32870800
25.06312500
25.15508400
25.33687500
26.03608300
24.47125000
23.76491700
21.64783300
22.02620800
22.02812500
20.57108400
6.03250000
209.57912500
15.46008300
15.50037500
15.52550000
15.57983300
15.47345900
15.59450000
15.44170800
15.45445800
15.46820900
15.40533300
15.86158300
16.09137500
16.06533400
16.69254100
16.72541700
16.89275000
16.80641700
16.96670800
16.86754200
17.01395800
17.04462500
17.31808300
18.74483400
18.69775000
18.51508300
18.60258300
18.36741700
18.51970800
18.60345900
18.47325000
18.70895800
19.45183300
20.05187500
19.07604200
20.17266700
18.46479100
18.22145900
18.90070800
18.99533300
19.28670900
19.32670800
19.12095800
18.53987500
19.17358400
19.24225000
19.31062500
19.05133300
18.59633300
19.15025000
19.64225000
19.37266700
18.84050000
18.73750000
19.39187500
19.57400000
19.26608300
19.11158400
19.08850000
20.14612500
19.81575000
18.49975000
19.89004100
18.76837500
19.16816700
20.23554200
21.22325000
20.27491600
20.71779200
21.11983300
20.11279200
19.94179200
19.97637500
19.96520800
19.93095800
20.00716700
19.97570800
19.96962500
19.85845900
19.79758300
18.59429200
18.17141600
18.31187500
18.99879200
18.89379200
20.17145800
19.14345800
18.94512500
19.29604200
19.47954200
19.29350000
18.57670800
19.01987500
19.39691700
19.09220800
18.71537500
19.66112500
18.89420800
18.36004200
19.09070800
18.67770900
19.72475000
18.72770800
18.82758300
18.95125000
18.92720900
19.03979100
18.49987500
19.05725000
18.63600000
18.72983400
18.74520800
18.87629200
18.98991600
19.90104200
19.20837500
19.07191700
20.06004100
18.29658400
19.63245800
19.07983300
18.87675000
19.00970900
19.40433300
19.02845800
19.98312500
18.47820900
19.05208300
18.67083300
18.66520900
18.55287500
18.58954100
18.30187500
18.42850000
18.35825000
18.21875000
19.92125000
19.87300000
19.04945900
19.10175000
18.75058300
18.69150000
18.73950000
18.87279200
18.69691600
18.11079200
18.21345800
18.10387500
18.52620900
18.71675000
18.88670800
18.49025000
18.74216700
18.59508300
18.57462500
18.13416700
18.67854100
18.42287500
17.02333400
17.85487500
17.13358300
16.85954200
17.10195800
17.00812500
17.67112500
18.70233300
17.89595900
18.08395800
17.23166700
17.10162500
16.87283300
17.32000000
17.08200000
16.82741700
17.17441600
17.59395900
18.56208300
18.25566700
17.49470800
18.07312500
16.96183300
16.95445900
17.00520800
16.89291700
17.02208300
17.10937500
17.27266700
18.42562500
18.10441600
17.87208400
18.05891600
18.01979200
16.68158300
16.52250000
16.86995900
16.53612500
16.53808300
16.53445800
16.50854200
16.77929200
16.55441600
16.14666700
15.56087500
15.51279200
15.40058300
15.43708300
15.43020900
15.51845800
15.42129200
15.49020800
15.59729200
15.46337500
15.49475000
15.41737500
15.43770800
15.41158300
15.90812500
15.65704200
15.41829200
15.41300000
15.50983300
15.75820800
15.95545900
15.74275000
16.60200000
16.96579100
17.08758400
16.94175000
16.72879100
17.17041700
17.23170800
18.56375000
18.61433400
18.44625000
18.31650000
18.33233300
18.30341700
18.54537500
18.32229100
18.37216700
18.22091700
18.11541600
18.27287500
18.33062500
18.31554200
18.46483300
19.11220900
18.73962500
20.09804100
18.84075000
19.92595900
18.43112500
19.20191600
18.87954200
19.49416700
18.38383300
19.78808300
19.79891700
18.96858300
18.71008400
19.10158300
19.89737500
19.03666700
19.36895800
19.62812500
19.80100000
18.28483300
19.15575000
19.01187500
18.67554200
19.93275000
18.69854200
18.05175000
19.87300000
22.00670800
20.68854200
19.98658300
19.91604200
20.21470800
20.30779200
20.36745800
21.33341700
22.19420800
22.37883300
22.34500000
22.05762500
22.15312500
22.15708400
23.45225000
24.62808300
22.58516700
48.57962500
30.69862500
25.44466600
26.48612500
27.07516700
24.86445800
25.75291700
24.80037500
23.76183300
24.33208400
27.21883300
25.71775000
25.01120800
24.74675000
24.91554200
25.19083300
24.29054200
23.94879200
24.84795800
24.45362500
24.26641700
24.09845800
24.92795800
24.49816700
23.23966700
22.28604100
22.22200000
23.28254200
21.83566700
22.02400000
21.86995800
23.03708300
24.14966700
22.36650000
22.47425000
22.38595800
22.25608400
22.21975000
21.53366600
21.91475000
22.77312500
23.30037500
21.93095900
21.65195800
22.00154200
23.76995800
23.02662500
22.96920800
23.01704200
22.78554200
22.46395800
22.40029200
23.01700000
23.42362500
23.07625000
23.12387500
23.61933300
22.88429200
21.79883300
21.88425000
21.82816700
21.99962500
22.21120800
20.80354200
19.93312500
19.73012500
19.30091600
19.62762500
19.39741700
19.24066700
19.39666600
19.73316700
19.11537500
18.31150000
18.17829200
17.84362500
17.47487500
17.24591600
17.85083400
17.36204100
17.78016700
18.24250000
17.35204200
17.44925000
17.52033300
17.18420800
17.50845900
17.24550000
17.03200000
17.05241600
17.50137500
17.00379200
17.22937500
16.83995800
16.88137500
17.11395900
17.02204100
17.07141700
17.12654200
17.22466600
17.22066700
16.86512500
15.63358300
15.73758400
16.29254100
16.46762500
15.90062500
16.54833400
15.66508300
15.32529200
16.08762500
16.25045800
16.48158300
16.81879200
16.14933300
15.13445900
16.35541600
15.39816700
16.68162500
15.24829200
15.61733300
16.18545800
16.61879200
16.75491700
16.56475000
16.27675000
16.16654100
16.35754200
15.53395800
14.19429200
14.26558300
14.16650000
14.06087500
14.09925000
14.33387500
14.23550000
14.39637500
14.27958400
14.06675000
14.13675000
14.03562500
13.82937500
13.16908300
13.13287500
13.08441700
13.51845800
13.23745800
13.36770900
13.42720800
13.54187500
13.21083300
13.09745900
13.07604100
12.98520900
12.99408300
12.98870800
14.51516700
16.68433300
16.68366700
16.69479200
16.66245800
16.74766700
16.66645800
16.67345800
16.67620900
16.69245800
16.72933300
16.69179200
16.71308300
16.64254200
16.68208300
16.73779200
16.62154200
16.65866600
16.68529200
16.67579200
16.68562500
16.68679100
16.73179200
16.74366700
16.63204100
16.68400000
16.76858400
16.65041600
16.66029200
16.74566700
16.64170800
16.69166700
16.68800000
16.71070800
16.65112500
16.74083300
16.65475000
16.65404200
16.72054200
16.63075000
16.69158300
16.69816700
16.65716600
16.68362500
16.73287500
16.62816700
16.69170800
16.75550000
16.65491700
16.67070800
16.78045900
16.59600000
16.84850000
16.66070800
16.66104200
16.70762500
16.71225000
16.65683300
16.54741700
16.82987500
16.50404100
16.85337500
16.50254200
16.83433300
16.51800000
16.85841700
16.64366700
16.53687500
16.83591600
16.69508400
16.53008300
16.79933300
16.55870900
16.73470800
16.65333300
16.82087500
16.59316700
16.67487500
16.66575000
16.68983300
16.64454200
16.71625000
16.70158300
16.63333400
16.86900000
16.55708300
16.76708300
16.54133400
16.83087500
16.56762500
16.68816600
16.70337500
16.85366700
16.54141700
16.76475000
16.53758300
16.68295800
16.74308400
16.72545800
16.63487500
16.63920800
16.79162500
16.51766700
16.84962500
16.66725000
16.71600000
16.69945800
16.50825000
16.75425000
16.66733400
16.77645800
16.56929200
16.66229100
16.65325000
16.72037500
16.92358400
16.43716600
16.72370900
16.88895800
16.40095800
16.90866700
16.54408300
16.66295900
16.69016600
16.64187500
16.66808400
16.69379100
16.79337500
16.61808400
16.70875000
16.75412500
16.56116600
16.71904200
16.64070800
16.64975000
16.75187500
16.64854200
16.67216700
16.84341600
16.68483400
16.56116600
16.91250000
16.42533400
16.75320800
16.67054200
16.63787500
16.64270800
16.74300000
16.64175000
16.73812500
16.67241700
16.62995800
16.74133300
16.70195900
16.60487500
16.74579100
16.70662500
16.68150000
16.60604200
16.71329200
16.70916600
16.67141700
16.74250000
16.67175000
16.60591700
16.71333300
16.61766700
16.70037500
16.69445800
16.75229200
16.69200000
16.69437500
16.47145800
17.10420800
1066.43700000
25.55312500
27.70458400
25.52500000
27.02395800
25.95416700
26.96862500
27.34533300
26.83825000
25.31425000
29.29208300
25.32933400
28.74191600
25.92437500
26.51904200
29.32366700
24.71004100
25.93245900
28.23250000
24.36345800
24.18766700
23.89316600
23.99954200
23.99912500
23.93291700
21.97041600
21.79658400
21.88441600
23.68333400
23.24129100
21.32950000
22.86129200
22.08337500
22.21937500
21.84750000
21.39825000
22.79470800
22.03954200
21.89745800
22.48650000
22.54741700
22.53558300
24.45554200
24.23279200
25.02454100
24.17854200
24.45362500
23.25745800
25.83983400
24.69150000
28.94333300
25.97083300
27.80512500
26.69583400
25.62508300
27.81345800
26.59650000
26.62983400
27.12725000
26.79695800
26.31854200
25.91025000
26.38500000
26.28325000
21.80620800
28.46195800
27.23425000
27.14087500
26.54166700
22.18341700
29.28208300
24.64420800
27.70287500
26.62025000
25.99754200
26.17637500
26.51133300
25.06395900
28.06075000
26.57141600
22.62558400
30.70195800
28.84279200
26.31529100
28.93941700
27.40454200
27.42325000
23.06275000
32.68145800
27.49016700
27.19637500
27.28004100
26.08087500
26.99995900
26.77687500
26.40275000
26.68608300
26.39275000
26.58191700
26.46412500
26.73012500
24.87200000
27.96254100
25.14962500
27.69908400
26.08145800
24.56858300
27.50825000
25.59054200
25.54387500
26.72129200
26.36520800
27.30425000
26.69895800
25.79462500
26.74166700
26.64950000
25.29083300
26.68425000
26.69525000
25.52658400
23.81579100
29.12300000
23.25683400
29.98612500
23.79708300
29.76629200
26.03554100
26.63904200
26.45154200
25.89854100
26.54912500
24.12812500
28.02691700
24.12937500
25.59979200
25.77512500
25.29883300
24.55670800
24.32237500
24.54408400
24.78050000
24.73687500
24.56579100
25.17516700
25.61329200
24.02183300
24.63645800
24.48670900
24.19625000
24.34070800
23.90579200
22.58420800
25.06191700
23.72412500
25.05662500
25.67825000
24.66870800
26.29312500
25.29258300
25.54887500
24.15400000
23.88825000
25.11529200
24.06608300
26.89162500
25.13745900
25.56566600
25.29983400
24.71908300
25.28708300
24.66579200
21.29658300
28.07004200
25.34300000
24.62012500
24.61141700
25.68487500
24.29683300
22.64804200
29.77004100
25.68375000
28.19112500
25.50195900
25.29754100
25.46920900
25.65433300
26.86862500
25.81287500
27.09354200
24.34362500
23.88150000
23.05237500
24.96562500
21.70387500
26.77270800
19.83287500
25.72537500
21.42329200
24.22062500
22.57462500
22.46387500
22.32962500
22.32312500
22.54225000
22.53487500
22.10020800
22.01920800
22.18004200
22.11470800
21.97662500
22.62483400
22.49470800
22.68854200
23.02091600
25.26370900
22.13675000
26.53129100
24.16412500
23.31275000
26.37754200
26.49466700
26.72850000
26.56312500
26.61800000
26.48600000
26.58487500
26.41108300
27.01133300
26.72675000
26.01041700
25.71320800
27.48141700
26.71087500
26.63312500
26.60320800
26.13937500
26.39120900
26.39741600
26.67583400
26.56962500
26.16808300
26.12300000
27.06500000
27.01891700
26.81687500
26.70637500
27.81554100
27.11487500
26.90954200
27.34554200
27.07079100
26.60329200
26.59245800
26.50175000
26.47950000
27.31150000
26.09712500
25.84879200
26.60179200
26.25316600
26.29791700
26.42020800
26.32154200
26.47987500
26.96620800
26.62262500
26.46691700
26.63000000
26.35000000
26.33229200
25.80116600
27.05329200
26.82450000
26.63862500
26.51104200
22.79558300
28.91958300
26.47483400
25.51095800
26.26300000
23.80891700
29.06145800
26.29120800
24.93962500
26.96500000
26.96662500
25.81200000
24.96033400
25.70683300
26.37045800
26.40783400
26.14320800
26.79095800
25.87075000
25.62991700
25.53020800
25.60762500
25.78637500
26.30683400
25.60625000
26.48616600
25.26462500
26.18570900
25.78245800
25.29387500
25.35366700
25.34033300
26.19945800
28.40329200
28.33962500
25.47370800
28.28504200
25.54133300
24.81691700
27.20175000
26.45062500
27.08379200
25.88541600
27.10575000
26.09375000
26.68829200
25.89608300
26.04258400
25.74966600
25.88020900
26.00141600
26.02570900
26.02450000
25.80266600
25.42287500
25.57050000
25.21062500
25.58137500
25.25045900
26.77625000
25.82758300
25.42379200
25.54891600
25.40512500
25.33966700
25.63670800
25.65358400
25.36233300
25.09812500
25.10904200
25.97745800
25.08379200
26.21337500
26.63970800
25.33766700
25.98800000
25.42716600
25.18308400
25.12550000
24.76520800
25.36025000
24.55116700
25.67191600
25.16650000
26.42216700
24.98800000
26.80087500
25.88900000
25.67612500
26.04725000
25.81862500
27.08658300
25.32270900
25.46891600
25.62091700
25.52287500
25.47329200
25.61404100
25.78170900
25.24233300
24.90016700
24.77441600
25.57433400
25.00558300
25.28512500
25.09091700
24.87920800
26.45533300
25.92908400
24.94995800
25.03829200
24.65425000
25.01804100
25.35691700
25.19187500
25.03150000
24.97283300
26.47354200
25.42641700
24.54070800
24.82845800
24.67716700
24.79345800
25.11445900
24.96145800
24.46258300
24.34620900
25.16979100
25.77591700
26.70470800
25.65712500
24.98845900
26.33775000
24.74770800
22.53912500
22.95700000
21.57950000
21.59816700
23.50387500
22.44120800
22.05870800
22.37541700
21.21550000
20.38812500
20.38995800
20.82354200
20.34904200
20.12795800
22.47754200
21.92354100
20.72608400
20.67479100
21.29337500
21.19225000
21.19191700
21.46841700
22.81895800
22.72850000
22.98083300
22.90775000
23.03079200
22.91925000
22.56700000
22.53200000
24.58441700
26.22500000
25.35158300
26.50783300
24.92695900
24.68633300
24.59716700
24.39975000
24.94395800
25.66929200
25.10379100
25.39058400
25.09012500
24.36966600
24.29266700
24.36137500
24.83391700
24.60270800
25.98970800
25.80383400
25.46683300
24.46825000
25.57991700
25.43758300
24.56291700
25.42220800
24.19783300
24.48616700
24.49087500
24.44345800
24.19825000
24.55795900
24.43691600
24.41350000
25.58125000
25.54554200
26.39387500
24.58954200
25.80354100
25.68050000
24.55758400
24.58458300
25.38958300
24.39508400
24.75487500
25.06645800
24.18675000
24.75562500
24.87987500
24.15412500
24.44087500
25.47395800
25.39787500
24.82333400
24.32437500
25.99437500
24.97925000
24.86333300
24.68037500
25.58654200
24.09558300
26.95295800
24.72779200
25.19808300
24.00516700
24.06512500
24.51529200
25.17016600
24.56141700
24.94312500
24.28391700
23.93104100
24.13333400
24.75766600
24.41145900
33.05900000
30.31654100
30.87425000
32.99891700
34.30866700
27.31833300
28.39833300
26.72879200
26.64850000
27.30408300
26.40445900
27.59833300
28.09458300
26.21566700
23.69704200
24.61300000
24.76066600
24.09066700
24.07125000
24.03316700
23.43658300
23.87433300
25.71666700
24.78029200
24.65566600
25.04100000
24.53208400
24.44283300
23.83708300
24.74408400
24.41170800
23.78370800
22.66620900
21.95054100
23.07766700
22.34987500
23.38629200
22.74395800
23.20525000
23.11395800
22.96145900
24.41387500
23.05029100
24.72875000
23.35533400
22.87033300
27.12745800
27.32741700
27.92250000
29.47616700
25.99291600
26.59358400
24.22750000
23.81575000
24.74862500
24.10725000
27.66950000
24.30920800
25.41700000
24.11287500
23.89679200
23.79720800
24.17991700
24.72812500
23.73812500
23.83387500
23.66954100
22.92070900
22.49495800
23.37908300
22.81287500
24.33925000
23.65750000
22.96641700
24.13145800
21.26000000
21.22925000
21.28154200
21.51845800
21.61354200
21.10120800
21.01762500
21.12425000
22.85362500
20.73200000
19.66345900
19.32520800
20.37870800
21.94812500
20.27883400
20.10266600
20.21541700
20.45100000
19.44837500
19.37545800
19.42512500
19.93450000
20.11033400
20.44862500
22.57837500
19.79766600
21.22362500
20.95070900
22.16591600
21.24541700
21.80379200
23.10112500
23.38979100
23.14958400
23.68654100
23.22008400
23.17479100
23.37904200
23.28537500
23.24987500
23.37341700
23.23800000
23.10166600
20.10670900
18.38404100
19.39979200
18.21758300
18.14695900
19.71500000
18.35254100
21.79712500
21.87045900
21.45762500
21.73141600
22.84566700
22.13437500
22.05145800
22.21750000
22.04504200
21.51900000
22.70020800
22.38033400
22.75841600
22.40162500
22.17704200
21.71675000
22.20054200
22.60925000
22.21675000
20.35100000
20.46479100
20.96983400
20.51595800
20.13333300
20.42437500
20.47233400
19.89870800
20.49745800
21.38629200
20.22312500
20.36066700
20.29812500
19.79079100
19.88895900
20.31987500
20.23666600
20.13058400
20.37987500
20.07654100
20.80316700
20.15787500
20.04345800
19.91958400
20.46504100
20.64329200
21.71116700
21.66129100
20.56929200
20.59291700
20.40200000
21.93529100
20.48270900
21.87395800
20.50666700
22.33045800
20.47341700
21.96504100
20.75270900
20.33375000
20.42358300
20.46187500
21.51866700
21.41216600
20.59591700
20.21691700
20.29820800
20.48341700
20.35658300
20.42829200
20.26716600
20.16516700
20.17458300
21.05270900
20.10404100
19.91854200
20.19575000
19.94004200
22.59491600
20.49583400
20.53791600
21.47208400
22.41679100
22.52441700
22.38108300
22.52416700
22.57916700
26.05520800
23.92183300
24.12366700
22.13854200
22.33241600
23.80162500
22.12862500
23.01608400
22.24962500
22.20191600
22.32187500
21.89662500
21.85633400
21.74979100
21.49429200
21.74200000
22.62954200
22.22150000
22.38179100
22.16412500
22.24179200
22.44454200
22.04429100
22.29795900
22.34804100
22.16191700
22.19579200
22.46229100
22.52225000
25.32854200
23.14979200
22.57062500
24.81675000
23.14925000
22.83179100
23.43491700
23.45787500
23.51866700
24.76637500
23.87179100
24.83287500
24.03370900
23.49050000
24.17462500
23.81133300
26.09470800
23.83870900
28.36795800
30.87612500
31.70645800
29.65316700
31.19212500
27.92937500
25.52120800
25.45100000
25.03837500
25.36875000
25.04470900
25.35341600
26.93479200
27.78125000
25.33058300
25.62858400
26.65358300
29.04291700
25.82029100
26.39729200
26.29929200
26.29608300
24.92237500
24.98800000
23.46350000
26.28662500
28.32616700
28.05441600
25.17162500
27.80250000
25.42433400
26.94920800
28.57791700
26.10725000
27.72004100
26.47129200
25.78650000
28.55200000
26.20887500
24.94295800
26.05025000
24.36095900
24.86225000
24.18533300
25.26816700
25.41858300
25.41766700
25.40383300
23.46762500
23.47025000
22.36675000
21.65679200
27.15458300
24.23079200
26.36983300
24.69050000
24.02112500
23.72579200
20.85304100
21.52045900
24.15150000
21.11795800
21.35800000
20.48937500
21.28741700
22.19341600
23.48587500
20.68216700
21.66195800
20.70745900
19.75258300
19.08737500
20.74837500
22.09308300
21.64883400
22.62316600
22.49875000
23.74141700
23.87066700
24.52087500
25.77604100
27.11116700
26.16475000
25.91279200
24.83770800
25.82825000
25.64120800
24.79995900
24.19854100
25.74887500
26.53804200
23.45541700
24.88483300
22.67058300
23.36079200
20.26929200
22.05600000
21.19350000
21.08504100
20.68779200
19.90129200
21.39437500
22.46250000
19.09150000
19.09308300
18.31437500
21.64487500
23.99262500
22.26104200
23.08116600
24.42570900
24.24645800
26.65137500
30.26479200
28.93987500
28.36662500
28.09125000
27.50233300
27.21808300
25.96354200
24.40562500
26.32741700
24.34508300
25.05108300
25.59091700
26.96075000
25.29845800
25.17429200
25.04862500
26.02562500
26.77816700
25.20533300
24.71037500
24.44470800
25.02483400
26.16162500
24.81829100
23.59837500
24.40725000
24.68954200
24.05937500
24.30750000
24.22962500
24.20629200
24.57095800
24.93500000
24.82262500
24.60350000
24.56241700
23.64208300
23.69908300
24.74275000
24.34162500
24.35529200
24.64420800
24.43595900
23.77137500
23.34129100
24.56925000
24.39283400
24.71058300
24.13820800
23.56754200
24.04825000
23.97325000
25.09987500
23.71662500
24.26358300
24.43966700
24.67270800
23.90308400
23.45004100
24.29983400
24.03308300
24.26295800
24.65175000
25.17645900
23.85595800
24.72116700
24.23387500
25.10729100
24.34350000
24.23154200
23.54441700
23.54983300
23.41566700
24.08308300
23.80029200
23.81683300
23.67262500
23.70820800
23.44604200
23.74395800
23.60354200
23.26225000
25.54216700
26.62612500
25.55887500
25.05391600
23.64916700
23.97533300
25.46612500
23.39600000
24.64320900
23.43537500
23.07020800
23.44962500
26.46595800
24.75579200
25.07229200
25.14912500
24.62366600
24.40062500
25.47429200
24.12791700
23.23200000
24.11045800
23.54558300
22.13308400
23.32679100
22.32241700
21.92900000
21.67437500
23.74800000
22.38250000
22.21229200
23.67450000
23.46562500
23.34545800
22.24570800
22.23566700
22.75962500
23.13612500
23.65383300
24.11762500
22.39895900
22.68100000
23.84350000
23.89716600
