16.82954200
16.32950000
16.68925000
20.47120800
24.03108400
21.38862500
23.50775000
21.89316600
28.08633400
101.63762500
36.50691600
17.43366700
19.34808300
18.24475000
18.59829200
18.42870800
19.03154200
17.08120800
17.36266700
18.51870800
17.76145900
20.91020800
20.42858300
18.89058400
20.11566600
17.98575000
17.78345900
18.30908300
18.56429200
18.29712500
17.56362500
18.03462500
17.95608300
17.35675000
17.42625000
17.57050000
18.03216700
17.69775000
17.69920800
18.05791700
17.93133300
17.47437500
18.59566700
17.30870800
17.35662500
17.09216700
17.03641600
16.38120900
18.03041600
17.66433400
17.11591600
19.27341700
17.48404200
17.21404100
18.40516700
18.98991700
17.26875000
17.00783300
17.05133300
16.99087500
17.30445900
16.95591600
17.18412500
16.94258400
17.08429100
16.69870900
16.98366600
17.68950000
17.54141700
17.09245800
16.98179200
16.94750000
17.43020800
17.40350000
17.36904200
17.28933300
17.32583400
17.14900000
18.24320800
16.96954200
17.47245800
16.90033300
16.81154200
16.92104200
17.55070800
17.42604200
17.31237500
17.50512500
17.11087500
16.97037500
17.07125000
17.23387500
17.36875000
15.76141600
16.17979200
17.66908300
16.41612500
16.38366700
17.60670800
16.34575000
17.14454200
16.56429200
16.97779100
16.29183400
16.96487500
16.44812500
16.70020800
17.56312500
16.37679200
15.84383300
16.08887500
16.01108300
16.68833400
16.81700000
16.87716600
18.10379200
19.11691700
18.03670800
18.32487500
17.30162500
17.68604200
17.43583300
16.75579200
16.34979100
17.87445900
17.01641600
17.51733400
17.13620800
17.15529200
16.86979100
16.79775000
16.99070900
17.24404100
17.46012500
17.08962500
16.90945900
18.89812500
17.10520800
17.38112500
16.97079200
17.52829100
17.13279200
17.18225000
16.87000000
17.10175000
17.45108300
17.00850000
17.07387500
17.08445900
17.86858300
17.34545800
17.16866700
17.43183300
17.91295900
17.86858300
16.91662500
17.28904200
17.15420800
17.09400000
18.06783300
17.28225000
16.66812500
18.21212500
18.88333400
17.54812500
17.43508300
17.79379200
17.10079100
17.37779200
17.09137500
17.95937500
16.91933300
18.17512500
18.59516700
18.00587500
17.09079200
17.11500000
16.94679100
16.91408400
16.87266600
17.23983400
16.84566600
16.91554200
17.51237500
17.02683300
16.87183400
17.91012500
17.16404100
17.08241700
17.52691700
17.70045800
17.10925000
17.53079200
16.81716600
18.06383400
17.11508300
18.05041700
17.21875000
18.45820800
17.21966700
17.69987500
17.14570800
16.93033300
16.82200000
17.25041700
16.83925000
17.89508300
16.85387500
17.59587500
16.78329200
16.78650000
16.68829200
28.60604100
18.88912500
18.13433400
16.82250000
17.67920800
16.83637500
16.68504200
16.91866600
16.81616700
16.84804200
16.90012500
16.78216600
17.00087500
17.20304200
17.99179200
19.34133300
18.11783300
18.33637500
17.57254200
17.34579200
17.70416600
18.17416700
17.17795800
17.34783400
17.57550000
17.22783300
17.18020800
17.48329200
17.81033300
16.91487500
17.45825000
17.18316700
17.29033300
17.24229200
17.16837500
22.91362500
22.45716700
16.78154100
18.34066700
18.42808300
17.37195900
17.09575000
17.30995800
18.64779200
18.55450000
17.37354100
18.31287500
17.24520900
17.78841600
17.04075000
17.54908400
18.82712500
18.13675000
18.34445800
17.61612500
17.12050000
17.36012500
17.36891700
16.92695800
17.20854200
17.46350000
17.04987500
17.50191600
17.19170900
17.69908300
16.80366700
17.36445800
17.29550000
16.98075000
17.09125000
17.29754200
18.50308300
18.54300000
18.45016700
18.14141600
16.17162500
16.81462500
15.81870900
16.81337500
15.86129100
16.18391700
15.85462500
15.72095800
15.61983400
16.58108300
15.83691700
16.67104100
16.45933400
16.95550000
15.43083300
16.64254200
16.36250000
16.17841600
15.51783400
16.13150000
15.59650000
17.90162500
17.55612500
17.05287500
16.69104100
16.97816700
16.17758300
16.10170900
16.56333300
16.46266700
17.69829100
17.83312500
17.34600000
17.12691700
16.77958300
18.27725000
17.02166700
17.11079200
17.44470800
16.69495800
16.87087500
17.93287500
17.61500000
17.29179200
18.04454200
16.90700000
18.05829100
17.68991700
17.09404200
17.32229100
17.41129200
15.84737500
18.30495800
16.73604200
16.77116700
17.46479100
17.51912500
16.94816700
17.19416700
16.88966600
16.62650000
16.76550000
16.55062500
16.33033400
17.47729100
17.39670900
16.76408300
16.64437500
16.79416700
17.40766600
23.25433400
21.45937500
15.36829100
16.83679200
17.06020800
17.11270900
17.25962500
16.74087500
16.78866600
17.99254200
17.65270800
17.53504200
16.91791700
16.73958300
16.77095800
16.91145900
16.61087500
19.46862500
18.40008300
17.92970800
17.84625000
16.92829200
17.17925000
17.61533300
16.88587500
17.82212500
17.23379200
17.13320800
17.40816700
17.20129200
17.30800000
18.21487500
17.46383300
17.12920800
17.58787500
16.91520900
16.73379100
16.93150000
17.09745900
16.85108300
17.20845800
16.85350000
16.88737500
17.79379200
16.68187500
16.83600000
16.80650000
16.65637500
16.79583300
16.81300000
17.02325000
17.18191700
17.61075000
16.59041700
15.91687500
17.60450000
16.60341600
16.69429200
17.82754200
16.83125000
17.89170800
18.28275000
17.14862500
18.95291700
18.10083300
17.97091700
16.42641600
20.10875000
18.87775000
17.14804200
17.42887500
18.88575000
17.98537500
16.84608300
17.16000000
16.55820900
16.81479100
18.03475000
17.05387500
18.32558400
17.84800000
16.94287500
18.49450000
17.99850000
18.86675000
17.78916600
18.62270900
17.47645800
17.53129200
17.13225000
17.15741600
17.20187500
17.02987500
16.69041700
16.83554200
16.52979100
17.21225000
17.71283400
16.45433300
16.24883300
16.71962500
17.78187500
16.66816700
17.81800000
16.40108300
16.49533400
16.60445800
16.52108300
15.90212500
18.80550000
17.50316700
16.88058300
17.97591700
16.19450000
18.44750000
18.10725000
17.07745800
18.05333400
19.90637500
17.27645800
17.41787500
17.44933300
17.54133400
16.84483300
18.08150000
17.33837500
16.60675000
16.73208300
16.75995900
16.60079100
17.31100000
15.87262500
17.77712500
16.81408400
16.86083300
16.56200000
17.33195800
16.38337500
16.99195900
16.48570800
16.94687500
16.76537500
18.76829200
17.44887500
16.85562500
16.75575000
17.48633300
16.74200000
15.75587500
16.82100000
16.05554200
16.64458300
15.82304200
15.60370800
16.96383300
17.03795900
16.93604100
16.80520900
19.87116600
18.14045900
16.61212500
17.34125000
17.45958300
17.45420800
16.46408400
17.16191600
17.19375000
15.69320900
16.60187500
15.86391600
16.27562500
15.89783400
17.32404100
16.48095900
16.98775000
16.59520800
17.29966700
17.23008300
17.49408300
16.82766700
16.95116700
16.79666600
16.75687500
16.48566700
17.84875000
16.76800000
16.76629200
16.34754100
16.29095900
17.67962500
16.89095800
18.51750000
17.76987500
16.44562500
17.36570800
17.01954200
17.29633300
16.84325000
18.25591700
16.68454200
16.72745800
16.90233300
16.14912500
16.91879200
17.81762500
17.42012500
17.24191700
16.47608300
16.42766700
16.89491600
16.55458400
16.38229100
16.77025000
16.43345900
16.69795800
16.57612500
16.58466700
16.35933300
17.69033300
16.67433400
16.80945800
16.94079200
16.57825000
17.89275000
17.76616600
16.82412500
17.89995900
17.70954100
16.79937500
18.29845900
17.23066600
16.73433400
17.26737500
16.85516600
16.34945900
17.46925000
16.75345800
17.00625000
18.25741700
16.66254100
16.38750000
16.23491700
17.59366700
16.99550000
16.99158300
17.26454200
16.77387500
16.87741600
17.38133400
16.68162500
16.82654100
16.50466700
16.66037500
16.76891700
16.45400000
17.16583300
17.64433300
16.75183400
16.52091600
16.87945900
17.15958300
16.53066700
17.32250000
17.06758300
16.79266700
16.85800000
17.81441600
19.22050000
18.81179200
16.89154200
17.26858300
17.10400000
16.73241700
16.47116600
16.82162500
17.97933400
17.30825000
18.19504100
16.40087500
17.58425000
16.84554200
16.63887500
16.76004200
18.51866600
17.00212500
17.80725000
17.51950000
17.03154200
17.04412500
17.73412500
17.84258300
18.03012500
17.88233400
17.52791600
16.94462500
17.58454200
17.66862500
17.53587500
17.31237500
16.83150000
17.49541700
16.79987500
16.52379100
17.65116700
17.22291700
16.59812500
16.87195800
16.46320800
16.78095900
17.29920800
18.02262500
16.55170800
16.60591700
16.46900000
16.66541700
16.91008300
18.34833300
16.87212500
16.86795900
17.06850000
18.26383300
19.35420800
21.31104200
21.61612500
25.13500000
20.28829200
19.01845800
21.72579200
22.03104100
21.77475000
20.99987500
20.94558400
19.44683300
18.17533300
19.48012500
17.63937500
19.13029200
18.95229200
19.41004100
18.95658400
23.17675000
18.67912500
18.14341600
18.43904200
20.98695800
19.36366700
19.87820800
19.10025000
18.95825000
20.90879200
18.33383300
19.73491700
17.14816700
16.30412500
18.28458300
16.76470800
18.31575000
18.19625000
17.04416700
18.22529200
17.74379100
16.13691700
16.92725000
16.89154200
17.24066600
17.56870900
18.15804100
16.94816700
16.29166700
17.75679100
18.30637500
17.68695900
17.32312500
16.44575000
17.17041600
16.30483400
17.61700000
17.88958300
19.20916700
19.74175000
18.90625000
17.82266600
18.17591700
17.46337500
18.20508300
17.78633400
18.21775000
17.51500000
17.22183300
18.44412500
17.81375000
17.76787500
17.45420800
17.89762500
17.26016700
16.97720800
16.65000000
16.39208400
16.82650000
16.65675000
16.85254100
16.81595900
17.18625000
17.42995800
17.40045800
16.91883400
17.97454100
18.15575000
17.87125000
17.63445900
17.79412500
18.33037500
17.48616600
18.85654200
17.74879200
17.96266600
18.02904200
18.11866700
17.92408300
17.36783300
17.99387500
17.54845900
17.76358300
16.96025000
17.02566700
16.83154100
17.62591700
17.07358300
16.63779200
16.65820800
16.94358400
16.66804100
17.13941700
17.27137500
17.60270800
16.82154200
17.83695800
18.37275000
17.56125000
18.06308400
18.72504100
18.48083400
19.14537500
17.60245800
18.70850000
17.46495800
17.84525000
17.40679200
17.40233300
18.15345900
18.41804100
17.45295900
17.51045800
18.34750000
17.74275000
17.42937500
17.81820800
18.00983400
18.25704100
17.96720900
17.95354100
18.08758400
18.56350000
18.90354100
17.50666700
17.49408300
17.27870900
18.43254100
17.50216700
17.34045800
17.37837500
17.42037500
17.80545900
17.59183300
17.69541700
17.45166600
17.65237500
17.45133400
17.57512500
17.47920800
18.26979200
18.16275000
18.59012500
18.49808300
17.87770800
18.22508400
17.45129100
17.34654200
18.23537500
17.52304200
17.34929100
17.00333400
18.76604100
17.40700000
17.61633400
17.44329100
17.04137500
17.24400000
17.51245900
17.01933300
17.89220800
18.17183400
18.88437500
17.98645800
17.23891700
18.10345800
18.33625000
17.48795800
17.49379200
20.72716700
17.99887500
18.43020800
19.31816700
18.42258300
18.09516700
18.11262500
18.01641600
17.56370900
17.64679100
17.23875000
17.15075000
17.39287500
17.16345900
17.95583300
18.08237500
17.34695800
18.55704200
17.64708300
17.03808400
18.07058300
18.40866700
17.50616600
17.14991700
18.39291700
17.22091600
17.00845900
16.80695800
18.13470800
17.08220900
17.17795800
17.91612500
17.16920800
17.59125000
18.04141700
18.52029200
18.13433300
17.79258300
18.58420900
22.40208300
18.35883300
16.41062500
16.68337500
16.12675000
16.19350000
17.47887500
18.67850000
16.80491700
17.62245800
16.27666700
17.99600000
17.06279200
16.63087500
16.16825000
16.41858300
17.36170800
16.81645900
16.71087500
17.78183300
18.01937500
17.58308300
17.67570900
18.34404100
17.13891700
17.00795800
16.74950000
17.19466700
17.28150000
17.12458300
16.85683400
18.03916600
18.98458400
18.26079100
19.37037500
18.66129200
17.75741700
18.70395800
18.38341700
18.11350000
18.43641600
17.93379200
19.15291700
17.86066600
18.20487500
17.59766700
18.06366700
17.62500000
17.44083300
17.77945800
17.91029200
17.04275000
16.95400000
18.62679200
17.13841600
16.98625000
17.92495900
19.12679100
19.72087500
19.23725000
18.24154200
17.45004200
17.49233300
19.37625000
17.72037500
19.31420800
18.11404200
17.71012500
18.04904200
18.75991600
17.91954200
18.15708300
17.57237500
17.83566700
17.90366700
17.39383300
17.16679200
18.23200000
18.12704100
17.25945900
18.28133300
18.22812500
18.23033300
19.49312500
18.52375000
17.74137500
17.85362500
18.11841700
18.80716700
17.43062500
18.00475000
17.37075000
18.92570800
18.35025000
17.63908300
17.86666700
17.69125000
16.75020800
18.06133400
17.09154100
17.93712500
17.14520900
17.11187500
17.07887500
19.24304100
18.18691700
19.76000000
18.13300000
17.75862500
17.67995800
19.47008400
17.66662500
18.79529100
18.22891700
17.84025000
18.09679200
18.35979100
18.12270900
16.88666600
17.19295900
17.43145800
16.64429200
16.34520800
16.36700000
16.65270800
17.17033400
16.62241600
16.82416700
16.06400000
16.93462500
18.33233300
18.01137500
17.65825000
17.66637500
18.91062500
19.09304200
17.34854200
16.81041600
15.57250000
15.60583400
15.99975000
15.41333300
15.51133300
15.09645900
15.51708300
16.77408300
15.66516700
15.95283300
15.31770900
15.10541600
15.89491700
15.37250000
15.47558300
15.63629200
15.69041700
15.13845800
15.58216700
15.34791600
15.27841700
15.43254200
15.98733300
15.18920800
16.16979200
15.67100000
15.10870800
15.36512500
15.14820900
14.95583300
15.82916700
15.14187500
16.39254100
15.17825000
15.01287500
16.19491700
15.33300000
15.03700000
15.93620800
16.91991700
15.26775000
16.58895800
14.81691700
15.63895800
15.28504200
14.89620800
14.84354200
15.02600000
14.93858300
14.59429200
16.27204200
15.39475000
15.30683300
15.45325000
14.76958300
14.71208400
14.66245800
18.90787500
16.96633300
16.88345900
16.24120800
16.09270800
16.34479200
16.34750000
16.61400000
17.90791700
17.14662500
17.36800000
16.92712500
17.10029100
18.13425000
18.74891700
16.72266700
16.92270800
18.31512500
17.81737500
17.70670800
17.28620900
18.62125000
17.11054100
17.80304200
16.76454200
17.52308300
19.29258300
18.02262500
17.22120900
18.44575000
17.71950000
18.15850000
17.62154100
17.69912500
17.98695900
18.68429100
16.92866700
16.78612500
17.67420800
16.91270900
19.37825000
18.40150000
19.12358300
17.64175000
16.93625000
17.52191700
17.92808300
18.62125000
18.04100000
17.92183300
17.69475000
17.56079200
17.54862500
18.16270800
17.88391700
19.72062500
18.07187500
19.10904200
19.65391600
19.39233400
18.78908300
17.94437500
16.84212500
20.10220800
18.27504200
17.31404200
17.27591600
18.07070900
17.94075000
18.95750000
17.34937500
17.36920800
17.01658300
17.38154200
17.75525000
18.78641700
19.25995800
17.81837500
16.73758300
18.16587500
17.08116700
19.81412500
19.01366700
17.72750000
17.03691600
17.69375000
17.53941700
17.33875000
18.06979200
17.97412500
18.31366600
17.69158400
18.10220800
19.24266700
18.14562500
17.46687500
17.73383300
17.38654200
17.83304100
18.54604200
17.51633300
17.13650000
17.33587500
17.29370900
19.22333300
17.24916700
18.22787500
17.50687500
16.70495800
17.53054200
18.08016600
17.97820900
17.29387500
18.21929100
17.74154200
17.44937500
17.55408300
18.11512500
17.59850000
17.57829200
17.56308300
17.57095900
18.74162500
17.44275000
17.95525000
19.77737500
17.80891600
17.38025000
17.14604200
17.86920800
17.63762500
17.30408400
18.01645800
18.12025000
17.56250000
16.85895800
18.20150000
17.60954200
18.08429200
19.22866600
17.98591700
17.47341700
17.37537500
17.57412500
17.67458300
19.02970800
17.29108400
18.33525000
17.85591600
18.57654200
18.98900000
17.24679200
17.41495800
18.50445800
18.79383400
17.85404100
17.59779200
17.23429200
18.26741600
17.92841700
17.55483300
17.69487500
17.26037500
17.41808400
18.38141600
18.30875000
17.02500000
18.17962500
18.62237500
16.69429200
19.13441700
18.74816600
18.58325000
18.13141700
17.44866700
17.94104100
18.04579200
18.63337500
17.91987500
17.88825000
17.99387500
17.66854200
17.30550000
17.59929100
17.55841700
17.07654200
17.89541600
16.46358400
18.36141600
17.44300000
17.49991700
17.93879200
16.87945800
17.19416700
17.48633300
17.59658300
17.33141700
18.91854200
17.01258300
18.11570800
17.24637500
17.98175000
17.82904200
16.75408300
16.36954200
17.93504200
17.93295800
16.97037500
17.24200000
17.04345800
16.42408400
17.80450000
18.32137500
18.97020800
16.56458300
15.89441700
17.12250000
17.13237500
17.43304200
16.92466600
16.05320900
15.85158300
17.02925000
16.89312500
17.61912500
17.80366700
17.96512500
16.63637500
18.48691600
18.24412500
17.15541700
19.10195800
18.32945900
19.04604100
17.77166700
19.67345800
18.55037500
19.08241700
18.57533300
19.51154200
18.55970800
19.25654200
18.93862500
18.85816700
19.60250000
16.83483300
18.99395800
18.64258400
18.86366600
18.11504200
17.81679200
17.93787500
18.27145800
18.13858300
18.06883400
19.06525000
17.79591600
19.77708400
21.18216600
17.70533400
18.04220800
18.35087500
19.74316700
18.47433300
18.24995800
18.00212500
17.88125000
18.01983400
19.59700000
18.61229100
18.94079200
20.22870800
18.76037500
18.13475000
18.25508400
18.13387500
18.56812500
18.19762500
18.29575000
18.44400000
19.73150000
18.19775000
18.20116600
17.74354200
18.48708300
18.63258400
18.07083300
18.17162500
17.85791700
17.97220800
20.32275000
19.14104200
18.60241600
18.42437500
18.13420900
17.97775000
18.96320800
19.27262500
19.15158300
18.23441700
17.06129200
20.12345800
18.52591700
16.66570800
18.54733300
18.99145900
18.26441600
18.10995900
17.98720800
18.20450000
18.26512500
18.20620800
18.02970900
17.92483300
18.18079200
19.89108300
18.40454200
18.33791600
18.13854200
18.40404200
18.76279100
18.06620900
17.14520800
17.82162500
17.28050000
16.91670800
17.04416700
18.53000000
17.21437500
18.01025000
17.88025000
17.10687500
16.86766700
16.78958300
16.90400000
16.94891700
17.03141600
17.46454200
17.18983300
15.50320900
15.54333300
15.70275000
15.65550000
16.07591700
15.68937500
15.77404100
15.63158400
15.55254100
16.72062500
15.96829200
15.55433300
15.67066700
15.76095800
16.89645900
16.41895800
15.93504200
17.79775000
16.02387500
15.94641600
15.97320900
15.56495800
15.52054200
15.62329100
15.76116700
16.28737500
16.12858300
15.74483400
15.57204100
15.61712500
15.54787500
15.54412500
15.41045900
15.35558300
15.36908300
15.36254200
15.21604200
16.75945800
15.63687500
15.39241700
15.27645800
15.44304200
15.22383300
15.33908300
15.25404200
16.76383300
17.11925000
15.78679200
16.30741700
16.39225000
16.08358300
15.19970800
15.25745900
15.35633300
14.85387500
16.64454200
17.44320800
15.79770800
15.54370900
19.81900000
17.42533300
17.00804200
16.97950000
17.35625000
18.23079100
17.97416700
18.12920800
16.72066700
17.75325000
15.63029200
15.59287500
16.94575000
15.70425000
15.71154100
16.10391700
17.27320800
15.71275000
18.34204200
17.28783300
18.26820900
17.36091600
18.34300000
17.03962500
17.11516700
16.99200000
18.68779200
18.34729100
17.77950000
16.98637500
17.70879200
20.00245800
18.59841700
19.51470800
19.14529200
17.24454200
17.65366600
19.26125000
18.58254200
18.04291700
18.15266600
19.69475000
18.69408400
18.44733300
18.18895800
19.37479200
17.98208300
18.78183400
19.68037500
17.80933300
18.23100000
18.41183300
19.01304200
19.58833300
18.82600000
20.68650000
17.87854200
18.43870800
18.00458400
17.49245800
18.75079200
17.82654100
19.27962500
19.68795900
18.14712500
17.56937500
17.62804100
19.41858400
17.68808300
17.65187500
19.02683300
19.00354200
17.42558300
17.47208400
17.83008300
17.75687500
17.94858300
17.57475000
17.99866700
18.41925000
17.83883300
19.03562500
19.53225000
18.96037500
17.27712500
18.81475000
18.18700000
19.57091700
17.60133300
18.29266700
18.15325000
18.11016700
18.51929100
17.56837500
17.27741700
17.15408300
17.57270900
18.31012500
18.74858300
18.86616700
19.35829100
19.39416700
22.09850000
20.48058300
20.35391700
21.53179200
18.04704100
18.11666700
19.96304200
17.92487500
19.34758300
19.65583300
17.94129200
17.96650000
17.36441700
16.82262500
16.99004100
17.97195900
16.53833300
18.10212500
19.29487500
18.10820800
18.18612500
16.64937500
18.30208400
17.37358300
17.36891700
16.79716600
18.37233400
20.13479100
17.47483400
18.86075000
17.27850000
16.89120800
17.15795800
18.65141700
17.42729200
17.32387500
18.40370800
17.88812500
18.06841700
17.18875000
17.07262500
17.15750000
17.25020800
16.44754200
18.40300000
17.59195800
17.28016700
17.38862500
16.98550000
16.76670800
17.21970800
17.04750000
17.45320900
17.70875000
17.95254100
18.74862500
17.13995900
16.99266600
19.09358400
17.73637500
17.65825000
16.56795800
19.53162500
17.85050000
17.27137500
17.69333300
17.80625000
17.03712500
18.60408400
18.95258300
18.23995800
17.12858400
16.91229100
17.47095900
16.81100000
16.26562500
18.94250000
18.04462500
19.11908300
17.13725000
18.04162500
18.31645800
18.69129200
17.41150000
16.86020800
19.56604200
19.62604200
17.11433300
16.77450000
16.72662500
16.79979200
16.77725000
16.61725000
16.56929100
17.43666700
18.16775000
16.82070800
17.41262500
18.43016700
17.24291700
17.39608300
19.16412500
17.38816700
17.30412500
18.16729100
17.90333400
17.54125000
16.13179100
15.60195900
16.55270800
16.64158300
16.54879200
17.99229200
16.08108300
17.07912500
17.66637500
17.59283300
17.02420900
16.76120800
16.48025000
17.21558300
16.32804200
16.03129200
17.08533300
17.01975000
17.40379200
16.99575000
18.76241600
17.41625000
15.84683400
16.70500000
17.08354100
17.73475000
17.27612500
18.38804200
15.85791700
16.20583300
18.29175000
17.73437500
16.71612500
16.92779200
17.71358300
17.98333300
17.44116700
16.80079200
17.82416600
17.13012500
17.91395900
16.23620800
16.13283300
17.96758400
15.71512500
17.62941600
17.14883400
16.84237500
17.48837500
16.70008300
17.24766700
17.52691600
18.47183400
16.98025000
16.64400000
16.62779100
16.39104200
17.59287500
16.75116700
16.87658300
16.80750000
18.10012500
17.36187500
16.86675000
16.57308300
18.31433400
16.83820800
18.36104200
16.96262500
17.52404100
17.65679200
16.88858300
17.42379200
18.62641700
17.75545800
17.97075000
17.32395800
17.49862500
17.86387500
18.61683400
16.88633300
20.19420800
19.54875000
19.80216700
21.52337500
17.71325000
18.62204200
18.29170800
16.55045800
17.69866700
16.55308300
17.53775000
16.64383400
17.76741600
17.89758400
16.94816600
17.76237500
17.57016700
16.06404200
18.06537500
18.16250000
17.19037500
17.37750000
16.93454100
18.61350000
17.48654200
17.98141700
18.46525000
17.51091600
19.03412500
19.01400000
19.05158400
17.71320800
18.10141700
18.11845800
17.64437500
17.20054200
16.94912500
18.28183300
17.45008300
17.14608400
16.93629100
17.50808400
19.17529100
18.11604200
17.32475000
17.62070800
19.34704200
17.87758300
18.37308400
18.16162500
18.17566600
17.53937500
17.95391700
17.73220800
17.30566700
17.65758300
18.01391700
17.63166700
16.98420800
19.00716700
17.83170800
17.12629200
17.71304100
17.44525000
17.64029200
17.28141700
16.53079100
16.79166700
18.35466700
18.03683300
16.75566700
17.71537500
17.43258300
16.59462500
18.45454200
15.94766600
18.19583400
17.41154100
18.81720900
16.78937500
17.54487500
19.12483300
18.38045800
17.62979200
18.39262500
17.60570800
18.98437500
17.00720900
17.34320800
17.01041700
16.74012500
16.73837500
17.67266600
18.47145900
17.16079100
16.90450000
16.83808400
17.02350000
16.87079100
18.00937500
17.15929200
16.94479200
18.18941600
18.00987500
17.58925000
18.26133400
17.93429100
18.10350000
17.65733400
16.62975000
16.62575000
16.48016600
16.74329200
16.35875000
16.55758300
17.18470900
18.90691600
19.46175000
19.40970900
18.03812500
17.09975000
16.19183300
16.65162500
16.41258300
16.57029200
15.84316700
16.82300000
16.92945800
15.73095800
16.77300000
18.08729200
16.69770800
15.85425000
17.57412500
15.64100000
16.19329200
17.68366700
17.39195800
15.69079200
15.45491600
16.51691700
16.86929200
18.37333300
17.05237500
15.61916700
17.89641600
15.75370900
16.93454100
15.50600000
15.45391700
16.06283300
16.35875000
18.14537500
17.53812500
16.40162500
15.94025000
18.02879200
17.91966700
16.93295800
16.89612500
16.60016700
16.51458300
18.99829200
16.74016600
16.32604200
17.94625000
17.59858300
16.98325000
17.25445900
16.35316600
19.29233400
18.22175000
17.15708300
16.88625000
19.11537500
18.42070800
17.97950000
18.11170900
17.67975000
16.44716600
17.92179200
17.78112500
19.17970800
17.11570900
18.90395800
18.19366700
16.75175000
17.80354100
17.74195900
17.19287500
17.55500000
17.69487500
17.20925000
16.64087500
17.34129100
18.68512500
17.10500000
18.14520900
16.82462500
18.12625000
19.19312500
17.22466600
16.41325000
17.53466700
17.56779200
17.59104100
17.23491700
16.83270800
17.40166700
17.24554200
18.10695800
17.39450000
18.42320800
17.51070900
17.02316600
17.60079200
17.62933300
18.77054200
16.90966700
17.62800000
17.08225000
18.20279100
16.94675000
16.55066700
16.99366700
16.67366600
17.77562500
17.03929200
18.68033300
16.96295900
17.48025000
17.36654100
17.45650000
18.48100000
17.66429200
18.57916700
17.20287500
17.48029100
16.74954200
16.94566700
18.99754100
17.83529200
17.72033300
19.42200000
18.16137500
18.38804200
18.05079200
17.85995800
16.60829200
17.30575000
17.59983300
16.54191700
16.79579100
16.88491700
16.44970800
16.56491700
16.51216700
18.48575000
18.36341600
17.81379200
16.76075000
17.29595800
17.65008400
17.60466600
16.73933400
16.94658300
18.22237500
18.16270800
17.99841700
17.95891700
18.36279100
18.09062500
17.25770900
17.44850000
17.56008300
17.42545800
17.67695900
18.48441600
19.89683400
17.95741600
18.75095900
18.19825000
17.84004100
19.29187500
18.19491700
18.59479200
18.30575000
18.20562500
18.80525000
17.59175000
17.55554100
18.09470900
17.90683300
19.20945800
17.89833400
18.09258300
19.06395800
18.03333400
17.97325000
18.23358300
18.42733300
18.79091700
17.82820800
19.53291700
18.07629200
17.75229100
16.97970900
17.52483300
16.99291700
16.83825000
17.99970800
17.83533300
17.36716700
20.26520800
17.58620900
17.69716600
17.80725000
17.07375000
17.09341700
19.53962500
17.67858300
17.08883400
16.60020800
16.98895800
16.64812500
16.16454200
18.06062500
17.93566700
17.19220800
16.51904200
17.19304100
17.85158400
17.80545800
18.18858300
17.77450000
18.32508400
18.41912500
17.24387500
17.24775000
16.32037500
16.25775000
16.19541600
16.98808400
16.02804100
16.86445900
18.81870800
18.47950000
18.51583300
16.57062500
16.26325000
17.66900000
17.86354200
17.98879200
17.29320800
17.35683300
16.92716700
18.58291700
16.92320800
17.18633300
18.55975000
17.89725000
17.28441700
17.19891700
18.34266600
16.84837500
19.36520900
17.06841600
17.11583400
17.14100000
18.24725000
18.34083300
17.93987500
18.04166700
18.79450000
18.46279100
18.29916700
17.62916700
17.63612500
17.01725000
17.60350000
17.74520800
18.24079200
18.59695800
17.93075000
18.17345800
16.97050000
17.34195900
17.15929100
17.31108400
17.56275000
17.82354100
18.16416700
18.37208300
16.76125000
17.34041700
17.07354200
16.87337500
17.06670800
18.06154200
17.19150000
17.90879100
18.62983400
19.54687500
17.57191600
18.09587500
19.10887500
18.62775000
16.75187500
18.03983400
17.32583300
18.06375000
17.96704200
18.80220800
18.27329200
18.31558300
17.86633300
17.55508400
18.02383300
18.37791700
17.47033300
17.71129200
18.47487500
17.87258300
18.03820800
17.74954200
17.64537500
18.72941700
17.36466600
17.87745900
19.10179100
17.20950000
17.00650000
17.05900000
17.16595900
16.99279100
16.85366700
17.03283300
16.84341700
17.05058300
18.50166700
17.18145800
17.05554200
17.22712500
16.85700000
17.41716700
16.92391600
16.92870900
16.44850000
17.83979100
16.82495900
17.53879100
17.54425000
17.53691700
16.98541700
16.99808300
16.62087500
17.13666700
17.55812500
18.86629100
17.20070900
16.88654100
17.42291700
17.77487500
19.91279200
18.20175000
17.99245800
17.45312500
17.06808300
18.25845900
17.12779100
17.18933400
17.18462500
17.00775000
17.24975000
16.94287500
16.67316600
16.50404200
17.85254200
18.15104100
19.22845900
18.12966600
18.53137500
17.57191700
19.74108300
17.41216700
18.22729200
17.17270800
16.83475000
17.03770800
16.91495900
17.03175000
16.80091600
18.12287500
17.07720900
18.01020800
17.64754200
17.27562500
17.04120800
17.14170800
16.87575000
18.50366700
18.20254200
17.14029100
17.57733400
18.22650000
17.99120800
17.44270800
18.15229200
20.66587500
16.18933300
15.99800000
15.92104200
15.75091700
17.96958300
17.17916700
18.35629100
16.52120900
17.14600000
16.87891600
19.31704200
17.72370800
17.42387500
17.83187500
17.29741700
16.62883300
17.49904200
17.01150000
17.41541700
17.24616600
17.03616700
17.21220800
17.09716700
16.03695800
15.96641700
16.24483300
15.96995900
17.06841600
18.30991700
16.10695800
16.66141700
18.93233300
19.74450000
18.48354200
17.57895800
16.76241700
17.94591700
16.88904100
17.20645900
17.02625000
17.54570800
17.09354200
19.16212500
17.44191600
17.60812500
17.00112500
16.75770900
16.87562500
16.86420800
18.00904200
17.60166600
19.21558400
18.93087500
19.37250000
17.12837500
17.77237500
18.87387500
16.98166600
17.46162500
18.62500000
18.12091700
20.34995800
19.25708400
19.09012500
18.33862500
17.19950000
17.28041600
17.55237500
19.04083400
17.75041600
17.94733400
17.33808300
17.26087500
17.19591700
16.87595800
18.33445800
17.49354200
18.35095800
17.56245900
17.36800000
17.16470800
17.68379200
17.17579100
18.14329200
18.96925000
18.79766700
17.03745800
18.19900000
18.88425000
17.38400000
17.26650000
18.19704200
17.76712500
17.19137500
17.24575000
19.45716600
17.27120900
17.75283300
17.35783300
18.69791700
17.94237500
17.05316700
17.35195800
16.95083300
18.07850000
19.41095900
17.54029100
18.23325000
18.77175000
19.25716700
17.84216700
17.36104100
16.91654200
17.77345800
17.87525000
18.06954200
17.23775000
17.33308300
18.85925000
19.89779200
17.29450000
18.74491700
17.05116600
17.67933400
16.76150000
16.64862500
22.31508300
18.69262500
17.88791700
17.03716600
16.98895900
17.18954100
17.28291700
17.79025000
21.36487500
17.31579200
17.50300000
17.35666600
18.10470900
17.78354100
18.10254200
17.36962500
17.65108300
18.06150000
17.81091700
17.61958300
17.55954200
17.40370800
18.49675000
19.11833400
19.01312500
17.79058300
16.77770800
16.31512500
19.46862500
18.54504200
17.03691700
16.59766600
17.01141700
17.45666700
17.33383300
16.75004200
16.57962500
17.46383300
16.94550000
16.75620800
16.30816700
15.56841700
16.73462500
17.16237500
15.02812500
15.16229100
16.02516700
15.14687500
15.22937500
15.27004200
16.86175000
15.91220800
15.77250000
15.48070800
16.81283400
15.61929100
15.55600000
16.97854200
15.37504200
15.78800000
15.75620800
16.20900000
15.30966700
15.20062500
15.23583300
15.10520800
15.42566700
16.91429200
15.83866600
15.47258400
16.31470800
15.88308300
16.01316700
15.17645800
16.03175000
14.94250000
16.91262500
15.85858400
19.05183300
17.28837500
16.02379200
15.10079100
14.31304200
14.55129200
14.80741600
15.05129200
15.31066700
14.13712500
14.37325000
14.11312500
13.92391600
15.13725000
14.86595900
14.93229100
15.08491700
14.39162500
15.63783300
14.37808400
15.19070800
15.06925000
14.24450000
15.06391700
14.66525000
18.35437500
16.57466600
16.71150000
16.45362500
16.18375000
15.75270900
15.34954100
15.60795900
15.11375000
16.15137500
16.81895800
16.50275000
16.84479200
16.91545800
16.24287500
16.86604200
17.00141600
17.09050000
17.02620900
17.42362500
18.58479100
20.35433400
17.66979100
19.16604200
18.22516700
18.17433300
17.60520800
18.38437500
19.33091700
17.78391700
17.52750000
18.06300000
17.42250000
17.57066600
17.64733400
17.66941600
18.76779200
17.98450000
17.54675000
18.03454200
18.27275000
17.97866600
17.90958400
18.95087500
19.02116600
18.79216700
19.41150000
19.07404200
17.75212500
17.34208300
17.55787500
19.03687500
18.14312500
18.55425000
18.57516700
18.71512500
17.98216600
18.30841700
17.50454200
17.86383300
18.02179200
17.04416600
16.78733400
20.22358300
17.27195800
17.71366700
21.70491700
17.82054100
18.98641700
19.13491700
18.19687500
17.89412500
17.49158300
17.54591700
17.82041600
18.85104200
17.72870800
17.09054200
16.96387500
17.44041700
16.89391600
19.26570900
18.92666600
18.71258400
17.14545800
18.38662500
18.04616700
18.01412500
17.97925000
17.07366600
17.34325000
19.20308400
18.52270800
17.00812500
19.00600000
18.58375000
16.85637500
18.16012500
18.74720800
17.04504200
17.70383300
18.23129200
16.49808300
17.49558400
20.43775000
17.51712500
19.42712500
18.34716600
17.15033400
23.80104100
22.34858400
23.07179100
21.92370900
20.12412500
20.99512500
20.35341600
19.24937500
19.56583400
20.56904100
19.36095900
19.59520800
17.78275000
18.36154200
19.24287500
18.35841600
18.83816700
18.69295800
20.52145900
18.88429100
18.05908400
18.42354100
19.35133400
17.24208300
17.32562500
19.24929200
17.38233300
16.91516700
18.24358300
18.67841700
17.57520800
18.33466700
17.45841600
16.74779200
18.46950000
19.10045800
18.37600000
17.33587500
18.02650000
18.10725000
17.88833400
21.15120800
18.37950000
17.83337500
18.17250000
19.67354200
18.52558300
19.32700000
17.84150000
17.36929200
18.11645800
17.52762500
17.21141700
16.60291600
18.86841700
17.19079200
17.57904100
17.99983400
19.66633300
18.46800000
19.58708300
17.85883400
17.94941600
17.68895900
22.91183300
21.18766700
22.73837500
18.64091600
18.32529200
19.17841700
16.55500000
17.20358300
17.82158300
17.89275000
18.16308400
17.28183300
17.52254200
16.99137500
17.57333300
17.50512500
16.69350000
19.10012500
18.16495800
17.66929200
17.62225000
16.92845800
17.61812500
16.70025000
16.31508400
18.23683300
17.69116700
16.75858300
17.44266700
18.22762500
17.32008300
17.05966700
16.61420800
18.03833300
18.05491700
19.56658300
18.25191700
18.52879200
18.78795800
18.76708300
19.79962500
18.28445900
19.32162500
19.99137500
18.92120800
18.63570800
19.91904200
18.69333300
18.06787500
18.02041700
17.29820800
16.91820900
17.44120800
18.65266700
17.49200000
17.35575000
17.43154100
18.79904200
17.63525000
17.76066700
17.59366600
19.48866700
17.89554200
19.43195800
17.63820800
17.98816700
18.16316700
18.11170800
17.75691700
18.09291600
19.54858400
19.30008300
19.19058300
18.91804200
18.56900000
18.16195800
18.82029200
19.07354200
18.12620800
18.00041700
17.85929100
18.92304200
18.32079200
17.49962500
17.18937500
17.08566600
17.19504200
18.67695800
17.77250000
18.04400000
16.96279200
18.32891700
17.45679100
18.03495900
17.39545800
17.19691700
18.22854100
16.70845900
16.94975000
16.78245800
16.64937500
17.10829200
17.39762500
16.86637500
16.74466600
18.39504200
17.19150000
18.76412500
19.51095800
19.19625000
19.87020900
18.94700000
19.28845800
17.50879200
17.70304100
16.97775000
17.18162500
17.15054200
16.81887500
16.84995800
16.79641700
17.04125000
18.57587500
17.13258300
17.75362500
19.63112500
17.51441700
17.83029200
16.84258300
17.67570800
17.62191700
17.36483300
18.55429200
19.26212500
17.36729200
17.19841600
16.84954200
17.60283300
18.58566700
17.08475000
18.94237500
17.67450000
17.60645800
17.77225000
17.56508400
17.35866600
18.31258400
17.64379100
17.47733400
17.73370800
19.28279200
18.10083300
17.61154200
18.24416600
18.79383400
18.00900000
18.36579100
18.78112500
18.06683400
18.70966600
16.84225000
16.10429200
16.96100000
16.21712500
16.35600000
18.25287500
16.49850000
16.02754200
16.10887500
17.55025000
17.00991600
17.04954200
16.43991700
17.51166600
16.14783400
15.15095800
16.65633300
16.74845900
15.33329100
14.78962500
15.71379200
17.33708300
14.77587500
16.48204200
16.71270800
16.00279200
14.73587500
15.76812500
15.88729200
17.49850000
16.79845800
14.92345800
14.05216700
14.42325000
16.35287500
14.99825000
15.36483300
16.82620900
14.03641600
14.17500000
13.99458400
14.17620800
14.82312500
14.65337500
14.36070800
15.99625000
15.15045900
14.48141600
15.83900000
13.91783400
14.49841600
14.11966700
15.10137500
13.55316700
16.54083300
14.05991700
13.62566600
13.85529200
13.73308300
15.52775000
16.74275000
13.74320900
14.42533300
14.00670800
13.69425000
14.01945900
14.99062500
14.32879100
15.15345900
14.97366600
15.92104200
15.05237500
14.90791700
14.53237500
21.57208300
17.63387500
16.96533300
16.35537500
18.65162500
17.13983400
18.36891600
18.05108400
16.62629100
17.16100000
17.05970900
16.24633300
16.16200000
15.90341700
16.03300000
16.31625000
18.52520800
18.52554200
18.57362500
19.24416600
19.44404200
18.56541700
17.74337500
18.62487500
19.38212500
18.97520800
18.19525000
21.43237500
21.91995800
19.37758400
46.77979100
29.63829200
24.08295800
19.19325000
18.35900000
17.35404200
19.82479200
17.70587500
18.76295800
18.50408300
18.82020900
18.85904100
19.73729200
19.52979200
18.77504100
17.50141700
18.92866700
18.90758300
18.23329200
17.41041600
17.80729200
18.23316700
20.04533300
18.03495800
19.77783400
18.41387500
18.97545800
18.46929200
17.44950000
17.65300000
18.38825000
17.73183300
18.84195800
18.87320900
19.08654100
18.00395900
18.73179100
18.56895900
17.85566600
17.92037500
17.97537500
17.97716700
17.87358300
18.05262500
18.08745900
18.29075000
19.74562500
19.02654100
18.33158400
18.12016600
17.47495900
17.66058300
17.73658300
18.31233400
18.08950000
18.58000000
19.66012500
21.17491600
18.90237500
21.00358400
18.55841600
18.81333400
21.86816600
18.34133400
18.60750000
18.91245800
18.86675000
18.06300000
18.16708300
18.12333400
18.46583300
17.17833300
17.56541700
19.15170800
18.60733400
18.43420800
18.06154200
19.64787500
18.63604100
18.18670900
17.08279100
17.76541700
17.82470800
19.46195900
17.25987500
18.27904100
17.40791700
18.67137500
17.25208300
16.86620900
17.18804100
16.69029200
16.62591700
16.96975000
16.81545800
18.51195800
17.52758400
16.92854100
16.92329200
18.42645800
17.96908400
18.86783300
18.41866700
17.73662500
17.88904100
17.15395900
17.61491600
17.53679200
19.66158300
19.80991700
20.43662500
20.35720800
19.49295900
19.38066600
18.06508400
17.31133300
18.57275000
17.96079200
19.15225000
17.42033300
18.10450000
16.90479200
17.77308300
17.98125000
16.61037500
19.50300000
18.34650000
16.31487500
16.19566700
19.86012500
17.38400000
17.03541600
18.17612500
17.49216700
16.55004200
17.23545800
20.39929200
16.70658300
16.63916700
16.58079100
16.67591700
17.77362500
18.01479200
18.23233300
17.76425000
17.45354200
17.19491600
19.41287500
18.33937500
17.88612500
18.61204200
18.57541700
18.41541600
17.95475000
18.85737500
17.95812500
17.58854200
18.95445800
17.55304200
17.11783300
17.58866700
17.34945800
18.11845900
17.83470800
18.66745800
17.54808400
17.99312500
18.01058300
17.85991700
17.17208300
18.35562500
18.04962500
17.72579200
18.44587500
18.57383300
17.79583300
18.25804200
17.97612500
18.55970800
17.42154200
16.99445800
17.54895900
18.37775000
19.08225000
18.07916600
18.22754200
17.22975000
17.84541700
20.60062500
17.18329100
17.07275000
18.50354200
17.11312500
17.63875000
18.97104200
18.29816600
17.76266700
16.93245800
17.95604200
16.52962500
18.69337500
18.05883300
16.99308400
17.63975000
17.23533300
17.82341700
18.42895800
16.86595800
18.07370900
18.88945800
17.18866700
17.98900000
18.04800000
19.05254100
17.83900000
18.20645900
18.60029100
18.52379200
18.35266700
17.65820800
18.16437500
20.11883300
17.68654200
16.88691700
19.06333300
18.00979200
18.05512500
18.32262500
18.07020800
18.29720800
17.45695900
19.02695800
18.51900000
21.01404200
21.35841600
19.53837500
18.20037500
18.13841700
18.28008300
17.86500000
17.73837500
18.47941700
17.55962500
19.05100000
17.73933300
18.02062500
17.91550000
17.66516700
18.06520800
19.25854200
19.53995800
18.57970900
18.77558300
17.70320800
17.76470900
18.70129100
20.71883400
17.84429100
17.28908400
17.59633300
17.17679200
17.37075000
18.32262500
17.49079100
16.02991700
16.38554200
17.41150000
16.66004100
18.54691700
17.28566700
16.45987500
16.67733300
16.73625000
17.02520800
16.37229200
16.66112500
16.69683300
17.68033400
17.44779100
16.66258400
16.19545800
16.48808300
16.54325000
16.54141700
14.97791700
16.45362500
15.29425000
15.14983300
15.97879200
15.31650000
16.16262500
18.02791600
15.71654200
15.74004200
15.59091600
15.57737500
17.09025000
16.83279200
15.34950000
15.17058300
15.75125000
16.36287500
16.50275000
14.62583400
15.82441600
15.39112500
14.84862500
14.77062500
14.71250000
15.17933400
16.72633300
16.05562500
15.20637500
15.64850000
15.63675000
14.77058300
15.87700000
14.73550000
15.00875000
14.82000000
15.18612500
15.20604200
14.83350000
13.90183300
13.94595900
14.38345800
15.08816700
15.43020800
14.48341700
14.59708300
15.25854200
16.20641600
15.29358400
14.82162500
14.69908300
15.56841700
15.55037500
14.37329100
14.66312500
15.16295900
14.37325000
15.19354100
14.49891700
18.34516700
16.45754100
16.93054200
16.23479200
16.42704100
16.51400000
17.08666700
18.01629200
18.27054100
17.47158400
16.85691600
17.89054200
18.06208300
16.86187500
16.17833400
16.23787500
16.64179100
16.42379200
15.97495800
16.40062500
19.37470900
20.20354100
19.58604200
19.42266700
18.71204100
19.47570900
19.02375000
18.87391600
19.29712500
19.12375000
18.94345900
19.56645800
19.03083300
18.04916700
18.56750000
18.21212500
17.37254200
18.91491600
18.35612500
18.04895900
17.58316600
19.53016700
17.69483300
17.34766700
18.53295800
19.60954200
18.39329200
18.54712500
18.92562500
17.59958300
18.45083300
17.86070900
19.35366600
18.35670900
18.69495800
19.00316700
18.65462500
18.92558300
18.82916700
18.85666600
18.07233400
18.32804100
17.68466700
18.70845800
19.02900000
19.24862500
18.27404200
17.72516700
18.31316600
18.82720900
17.79829100
17.32775000
17.62304200
18.46683300
18.26058400
18.95525000
18.35179100
18.10220900
18.02583300
17.60145800
19.40820900
17.58550000
17.98341600
18.40325000
17.64933400
16.86412500
19.92412500
18.88500000
18.57787500
18.73137500
18.70133300
17.97745800
19.07941700
17.59916700
17.28387500
17.95625000
19.04900000
18.17283300
19.78479200
19.56237500
19.47429100
17.63691700
17.40062500
16.48866700
19.17929100
18.09137500
17.09412500
17.63441700
18.31979200
19.80887500
18.98437500
18.74116600
18.36587500
17.30437500
17.62633400
17.08408300
16.91116700
18.22995800
18.42800000
17.09987500
18.24883300
19.37754200
17.79850000
18.42295800
17.63366700
16.85183300
18.04516700
18.79283300
17.42991700
17.01195800
18.34679200
20.10925000
17.40195800
17.61887500
16.79683400
17.91241600
20.05716700
18.77183300
19.87933400
18.51616600
19.11225000
18.33462500
18.43820900
17.29383300
17.72066700
17.92787500
18.05858300
16.98675000
17.25104200
18.12362500
17.30491600
20.04720900
17.42562500
19.44125000
17.61816600
19.41550000
17.70170900
17.83245800
18.00320800
18.06745900
17.71745800
17.69937500
18.06225000
16.55404200
17.68625000
16.95695800
17.81233300
18.97645900
17.58275000
16.87758300
16.44100000
16.96679200
17.94650000
17.16037500
18.44891600
19.11520900
18.54675000
18.68179100
18.59158400
18.30154100
18.50312500
18.41625000
18.91712500
17.92095900
19.31500000
17.77925000
18.48487500
19.05762500
18.29662500
17.37175000
18.00325000
17.07204100
17.94054200
19.22887500
18.32200000
18.41558300
18.01591700
19.13766700
17.51400000
17.97483300
18.97204200
18.37116600
18.73295900
20.05912500
18.56404100
17.52591700
18.64695800
18.95687500
17.07595900
16.87475000
18.35825000
16.75704100
17.24575000
18.24000000
17.00875000
16.55995900
18.00604100
17.67695900
18.78533300
17.79204200
18.44116600
18.87183400
18.00933300
18.78966700
17.92066600
18.87454200
16.93691700
18.11691600
17.98520900
19.31525000
17.46083300
17.95991700
17.33145800
18.77904200
17.42237500
18.52920800
18.36370800
19.61362500
19.84012500
18.03712500
18.71195900
18.89408300
17.16716700
18.11075000
18.78183300
17.72191700
17.20000000
17.13904100
18.34470900
16.71479100
17.87304200
17.12479200
19.89616600
18.17858400
17.90512500
17.90787500
17.34487500
17.09408300
16.48720800
17.81908400
17.20704100
16.74725000
17.80745900
17.47491600
16.47804200
18.89554200
17.79195800
18.29445800
17.72037500
17.06862500
17.11754200
19.11762500
20.73708300
17.74483400
17.06608300
16.78558300
16.55733400
17.66833300
16.85279200
16.49225000
17.93608300
19.44954200
16.99662500
17.50925000
16.80362500
16.99395800
17.02050000
18.58220800
18.68670900
16.99983300
17.71816700
17.85741600
17.34300000
19.41870900
17.69920800
16.61037500
16.91687500
17.76766700
17.63333300
17.15229200
18.04579100
17.66458400
17.40254100
16.78437500
17.40087500
17.12466700
16.76933300
17.39012500
17.23479200
17.06320800
16.62954200
16.73504200
17.31483300
16.84162500
18.20720800
17.40212500
17.16366700
16.96729200
16.59491600
17.11966700
18.67550000
17.75525000
18.01133300
17.81612500
15.98941700
16.30945800
18.18375000
17.05620900
16.39033300
17.05666700
17.75587500
17.36720800
17.06100000
17.70520800
16.73729200
15.84662500
17.41583300
16.51350000
17.41687500
16.18375000
17.89745900
16.92545800
18.28120800
16.48379200
16.75425000
19.53820800
17.70470900
18.25358300
21.64766700
18.31166600
18.97941700
17.10825000
19.62154200
18.38125000
21.75795800
19.32045800
18.89575000
19.01645900
18.44820800
18.42291700
18.28158300
18.06808300
18.98929200
19.30495800
18.88612500
19.37970900
18.94570800
18.25412500
18.79483300
18.60308400
16.69879100
17.71220900
18.80620800
19.05479200
18.02820800
18.56620800
17.29308400
17.71941600
18.33791700
18.29666700
16.74325000
17.32420800
17.06662500
17.87583300
18.52533400
17.64550000
17.31687500
17.82854100
17.09837500
16.59162500
18.90808400
16.63354100
18.03070900
18.49929100
18.82600000
16.81600000
17.41354200
17.27341700
18.62608300
18.05012500
17.52837500
20.97050000
19.34666700
16.79020800
17.07675000
18.97329200
20.58920800
18.18000000
18.46391700
19.35095800
18.10416700
18.20050000
19.52595800
17.50466700
18.20745800
17.89658300
17.53275000
17.32595900
18.73625000
18.05583300
17.09241700
17.79466600
19.35883400
17.02554100
17.60929200
18.63554200
17.04791600
17.89075000
17.24658400
17.01675000
16.70033300
16.74537500
17.06941700
16.96070800
18.39558300
18.61687500
18.01758400
18.06458300
18.83091700
17.77745800
17.37391700
17.05233300
17.50841700
17.56737500
18.01454100
16.87983400
16.98404100
16.96354200
17.49787500
17.89920800
16.40270900
17.80933300
18.22375000
17.03695800
17.14125000
18.25412500
23.79508400
19.44720800
14.99108300
18.33650000
17.56150000
17.33262500
17.10283400
16.88695800
28.67166700
23.42891600
17.29100000
17.96212500
19.15166700
18.92970800
17.73433400
19.11354100
17.44150000
17.73029200
18.27508300
17.64054200
16.94995800
17.20429200
17.63200000
17.01308300
19.27033400
19.02320800
17.60995800
16.63008400
16.59912500
17.86158300
16.75612500
18.38887500
18.50079200
18.57933300
17.91662500
18.39662500
17.45145800
18.87879200
16.98050000
17.27458300
17.02362500
16.90100000
16.87558400
20.49525000
17.61583300
18.63100000
18.29329200
17.68391600
18.72920900
18.75966600
17.58345900
16.88333300
16.60833300
16.73583400
17.66270800
18.22595800
17.55191700
17.61512500
18.10116700
17.04645800
16.04133300
17.27270900
18.74908300
17.53575000
17.77579200
18.64033300
17.91266700
16.83695800
15.96970800
16.71075000
16.05833400
17.57795800
18.04154200
17.34091600
18.22058400
17.42245800
15.99604200
17.26695800
18.24741700
16.04225000
15.92733300
16.58275000
16.86704200
17.70650000
18.17295800
18.56304200
18.18875000
17.52658300
17.83720800
18.18229200
18.57720800
17.31829200
17.72375000
17.58370800
19.01141700
19.07487500
17.86925000
19.10804200
18.77808300
18.39525000
17.49183300
17.87045900
17.68670800
17.83325000
17.53595800
17.12766700
18.01691700
18.88008300
18.47491700
18.60858300
17.32675000
18.58591700
17.12241600
18.36162500
18.01516700
18.31504200
17.25566600
18.35016700
17.09133300
17.40929200
16.88941700
18.76462500
17.52129100
17.58800000
17.22250000
18.92133400
18.64950000
17.48225000
17.98008300
17.43266700
17.35716600
17.37312500
16.44466700
17.73145800
19.06016700
16.71554200
16.82166600
16.45741700
19.63695800
17.27720900
16.83845800
17.88554200
17.21766600
18.12500000
18.64225000
17.37862500
18.59429200
17.64991700
16.98512500
17.51141600
16.76266700
18.56645800
17.47916700
19.01575000
17.80000000
19.22783300
19.24958400
18.67308300
17.17775000
17.01358300
16.54875000
16.96291700
18.09879200
16.88808300
17.03162500
16.93633300
18.48508400
17.51995800
17.13120800
17.37333400
17.75433300
16.81537500
17.75633300
18.30404200
18.53687500
16.45833300
17.79625000
16.64883400
21.22520800
17.72312500
18.00033300
17.86220900
17.93729100
17.22258400
17.80379100
18.43666700
17.94883300
17.52812500
17.81020900
17.73033300
16.76612500
17.80029200
16.05033300
18.71762500
19.23975000
17.96570800
17.63308400
19.35425000
17.49266600
18.41462500
17.07420900
17.76716600
20.63058400
18.27870800
18.84516700
21.59083300
19.24308300
18.24537500
18.73562500
17.57954200
18.06854200
17.35583300
18.41720800
17.97575000
19.53541700
18.07054200
17.91054100
19.27120900
17.57450000
17.53066600
17.57954200
19.91070800
18.51129200
18.42241700
17.46000000
17.61212500
17.91991600
17.51925000
17.54737500
17.88054200
17.51000000
17.08108300
16.69091700
18.00687500
16.96200000
18.65633300
17.83900000
17.09833400
16.86441600
17.32029200
18.38420800
18.78779200
17.04691700
18.14604100
16.42883400
16.72216600
18.15729200
17.70233300
16.73883400
16.82933300
16.10837500
16.58529200
16.84404100
17.15354200
18.08270800
16.20725000
15.61891700
16.18012500
16.47762500
17.15679200
17.29070800
16.49325000
16.02441700
16.51183300
19.26912500
16.95583300
17.08820900
17.52362500
17.12354100
15.84479200
17.08637500
16.76354200
16.22933300
17.29170800
17.58675000
17.09241700
17.61933300
17.61133400
17.04283300
17.09979200
18.68512500
17.44120800
17.16825000
17.24783300
17.60383400
18.10437500
18.41770800
18.19520800
18.30304200
17.79395800
17.71125000
18.68720900
16.96704100
17.81454200
17.70112500
16.59283300
18.10637500
17.39533400
17.66279100
18.50037500
18.86312500
18.05404200
17.33333300
17.65020900
18.99329100
19.01104200
17.79525000
17.95845800
17.29120900
18.37183300
17.72983300
17.52733400
18.98437500
19.01341600
18.15450000
19.58662500
17.76391700
16.16475000
16.44083300
16.23025000
16.69600000
17.59212500
16.37537500
16.26720900
18.02329100
16.73341700
16.89354200
17.50683300
17.09100000
16.15191700
16.23479100
16.08262500
16.54283400
16.55033300
18.64091700
15.86225000
14.58329100
15.72916700
16.27162500
14.94658300
15.37666700
16.46491700
14.45991600
15.16520900
14.51716600
14.83750000
15.79833400
15.12891600
15.83241700
15.32883300
17.05591700
15.36908300
14.85125000
14.75500000
14.80108400
14.61920800
14.32137500
14.53633300
14.61883400
15.09470800
14.86741700
14.19633300
15.38966700
16.77600000
15.14691600
16.94675000
17.13725000
16.91212500
16.18500000
14.40000000
15.68587500
16.37233400
14.37408300
14.47620800
14.71145900
16.25437500
14.53266600
14.50262500
14.34479200
16.05645800
14.82245900
15.28879100
16.78291700
15.17841700
15.01083300
15.15691700
14.55912500
14.12625000
15.96929100
14.57075000
15.61233400
15.14112500
14.38883300
15.44708300
14.03391700
19.40691700
16.06204100
16.83454200
18.33754200
16.30791600
17.77179200
18.28845800
16.11062500
16.72362500
17.08500000
16.02504200
16.26179200
15.95966600
17.52258400
16.25679100
17.25316700
17.21650000
17.74354200
17.00229100
17.26220900
17.99662500
18.12600000
17.63266600
19.29779200
19.73383300
16.58891700
16.46545800
18.38016700
16.90333300
16.39995900
18.89429100
17.97191700
17.62520800
16.47175000
16.63437500
18.34320900
19.75800000
18.77475000
18.19220800
18.63270800
19.03800000
17.61766700
16.89045800
26.65612500
82.94262500
32.85945900
18.43541600
17.11450000
17.43737500
17.35183400
17.40183300
17.56170800
19.09816700
20.28154200
19.44762500
19.17479100
18.49058400
18.99450000
17.47400000
17.78866600
19.06279200
18.42350000
19.32483300
18.47479200
18.61404200
17.57087500
17.63183300
17.97529200
18.79554100
18.60020900
18.78825000
18.27879100
19.01883400
19.48262500
18.15708300
17.82412500
18.28637500
18.75250000
18.26650000
17.94962500
19.54266700
18.05895800
17.94512500
18.36383300
16.65075000
18.70854200
17.62608300
16.97816700
16.78270800
16.87637500
17.02233400
18.95158300
16.78604200
17.98787500
17.17050000
17.07979100
16.26108400
17.69750000
17.42741600
18.50583400
17.60516600
17.83708400
16.48087500
18.61445800
17.78916700
16.77458300
16.87020800
18.30095900
17.46541600
17.02175000
16.93579200
17.48054200
18.51341600
16.94358400
17.91058300
16.99166700
18.14708300
16.66420800
16.57658400
18.17704100
17.84316700
17.42950000
17.30583300
16.56541700
16.30325000
18.12125000
17.66695800
17.82866700
17.04870800
19.87062500
18.70395900
18.32870800
18.36400000
16.56800000
18.10983300
17.74925000
18.48100000
19.48908400
18.10637500
17.82583300
16.91650000
17.06500000
18.65804200
18.44729100
18.59162500
18.99337500
18.93508400
17.57725000
17.20012500
16.95908300
17.66925000
18.50604200
17.27750000
16.92225000
17.02466600
17.12095900
17.72025000
18.72141600
17.82058400
17.69016600
17.38891700
17.74137500
19.09683300
18.98241700
17.99533300
17.69458400
17.29558300
16.96037500
17.76266700
17.40470800
18.59483300
18.02145900
17.20891600
16.94100000
17.82966700
17.47904200
17.04095800
17.50191700
17.30845800
18.92600000
17.38195800
18.17495900
17.57266600
17.56262500
17.30204200
17.44887500
17.84250000
20.29716700
19.37329100
17.86025000
17.39304200
19.40270800
18.91608400
19.24662500
19.04925000
18.58666600
18.63058400
16.55550000
17.18029100
18.62395900
18.04216600
18.70683400
17.69545800
16.42808300
17.33233400
19.00791600
18.66820900
17.76520800
18.97608300
19.31754200
18.54558300
17.01383400
16.82762500
19.23725000
16.28333300
15.54595800
15.37870900
15.25025000
16.08308300
16.89233300
17.63745900
16.15716600
16.10545900
17.24275000
16.88050000
17.38483300
16.69058300
18.77920900
17.14954100
17.59141700
16.85200000
16.08058300
15.32170900
16.72470800
15.23754200
15.06354100
14.67175000
17.08495900
16.19350000
15.33195800
16.43083300
15.54754200
14.79358300
15.60354200
15.21158300
15.69416700
16.39466700
14.73141600
15.22112500
16.03750000
14.82020900
15.04862500
16.74175000
14.91166600
15.81991700
14.94841700
15.14825000
15.02979100
14.87445900
14.70983300
14.89595800
14.76245900
14.94383300
16.61908300
14.96825000
14.74154200
15.26750000
15.20075000
14.83229200
15.55087500
15.45958300
15.84112500
15.62479200
14.79883300
17.44791700
15.18912500
16.02362500
15.33529100
14.95170900
14.32316600
16.97700000
15.36316700
15.22412500
15.92200000
15.36583300
15.23541700
14.63583300
15.42004200
14.64558300
16.53454200
14.97129200
19.13533300
16.70245800
16.35025000
16.18716700
15.71179200
15.63304100
15.85120900
16.49025000
15.54008300
17.38516700
17.07616600
16.86495900
15.98300000
15.82316600
16.49229200
15.80304200
15.95858300
15.51975000
17.25254200
17.10345800
16.94483300
17.30712500
17.39350000
18.88095900
17.19616600
17.50220900
18.46179100
17.28279200
18.46270800
17.33341700
17.32804200
17.19383300
17.11562500
16.88320800
18.61920900
16.96641600
18.08908400
18.46675000
17.67066600
17.71425000
18.89866700
17.87362500
17.71541700
18.49437500
18.21608300
18.78833300
17.93383400
17.26245800
17.19991700
17.43416600
17.14695900
17.93945800
17.62845800
16.77254200
17.15629200
18.30175000
16.79837500
17.00700000
17.32533300
16.69975000
17.96041700
17.23179100
16.97983400
17.60683300
17.97554200
17.05275000
17.17029100
18.29666700
17.79820800
20.15079200
18.37466700
18.45591600
18.30379200
17.13570800
16.98862500
17.49475000
18.46770900
17.45375000
16.71725000
18.69333300
19.94620800
16.72600000
16.02933400
17.98016600
15.61025000
15.82208400
18.16270800
17.13291700
17.47512500
18.52912500
16.70570800
17.28487500
16.08458300
16.90229200
17.21566700
16.90154100
16.12245900
17.62204100
17.57695900
16.97320800
15.97741700
16.83050000
16.32270800
17.62058300
17.37304200
17.32854200
17.14883300
18.80383300
18.10033400
17.24745800
17.77075000
17.50562500
17.13825000
17.47229200
16.90887500
18.82670800
18.14445800
18.31879200
20.34845800
18.39170900
16.99291600
18.52012500
17.12391700
17.21483300
16.56900000
16.36058400
18.56320800
17.57466700
17.06645800
17.04950000
17.12441700
18.92170800
19.01841700
17.06458300
17.24600000
18.54112500
18.73437500
19.40408300
16.83341700
17.02991700
18.43887500
16.77837500
16.53504100
18.50570900
17.19733300
17.09029200
18.02995800
17.44020800
16.74895900
17.51320800
17.25675000
18.47570800
18.36604200
17.14495800
16.87716700
17.85100000
17.68770800
17.38066700
17.30954200
18.28545800
16.88633300
16.39175000
16.86595900
17.68925000
18.20104100
16.77725000
18.55675000
17.65550000
18.23537500
16.38820900
16.77500000
18.57412500
17.55558300
16.91704200
17.58212500
15.84283300
17.55862500
17.44683300
17.27833400
17.58675000
17.24550000
17.06466600
17.79725000
17.54541700
17.03929200
17.03441600
16.21962500
17.32229200
20.03462500
16.84204200
16.18487500
18.25200000
18.59862500
18.19737500
17.26641600
16.80575000
17.28962500
16.73700000
17.42179200
16.95954200
18.29104100
20.05816700
17.70758300
17.66704200
16.63583300
16.96879200
16.17695800
16.67529200
18.33629200
16.76425000
17.23370800
16.97312500
15.86495800
17.91075000
16.94304200
17.16558300
17.41875000
19.10041700
16.66454200
19.90012500
17.98725000
17.59487500
18.05312500
17.02245800
16.76845800
17.89904200
17.43654200
16.63870800
16.70804200
16.12900000
18.83516600
20.69250000
17.15358400
18.57754100
16.91383400
16.89158300
16.41987500
17.33916700
17.49704100
18.10533400
19.54300000
16.74633300
16.97633300
17.53795900
18.07887500
18.82904100
17.50020900
18.66916600
17.99412500
17.94545900
17.22091600
17.66141700
16.86029200
17.98095800
17.55041700
18.53854100
18.12904200
17.21787500
16.55654200
15.96220800
15.57662500
15.87970800
17.00362500
17.15108400
16.84216600
16.31641700
16.69995800
15.93745900
16.88379100
16.03854200
17.40454200
16.62629100
16.33766700
16.63470800
17.26500000
16.47208400
15.70358300
16.29158300
17.71200000
17.39475000
19.45625000
20.29250000
19.62325000
20.12529200
18.19645800
17.82029200
18.79950000
18.65595800
18.41941700
17.29708300
17.52566700
17.52362500
17.77379200
17.95745800
17.59558300
17.25900000
17.26462500
18.45191700
17.21370800
18.33408400
17.10629100
16.62783400
17.00208300
16.75216700
16.72700000
16.88591600
16.59041700
16.66954200
16.85429100
18.80291700
17.91475000
18.15650000
18.64995800
18.26312500
17.50633400
17.65316600
18.12337500
16.62012500
17.93558400
17.44633300
17.12750000
16.49200000
18.92829200
19.99337500
18.31670800
17.69000000
17.01187500
18.32820800
17.52500000
17.49354200
17.49900000
17.38675000
17.39208300
17.84312500
16.46808400
24.18620800
20.54700000
20.32350000
21.82216700
17.89933300
19.47887500
20.90204200
21.40829100
19.24891700
19.12641700
17.56762500
19.23912500
20.43233300
21.82962500
19.43870800
18.39816700
19.88637500
19.56208300
18.50729200
20.68275000
17.60462500
16.64879200
16.77966600
18.49750000
17.12895900
17.65195800
16.87066700
16.83629100
16.81962500
17.57850000
16.48612500
17.95620900
18.48820800
17.31550000
17.95537500
18.23508300
17.69733400
16.37254100
18.67112500
18.85537500
17.66358400
17.03133300
17.87758300
16.00250000
18.12929200
15.63125000
17.55708300
16.78616700
16.48400000
15.78250000
18.52929200
16.95062500
17.22870800
17.55845800
16.50720900
16.03025000
19.82970800
18.53662500
17.38266700
18.09558300
17.37420800
18.08966700
16.47458300
16.60225000
16.65583400
18.09683300
16.94012500
19.19983300
17.13908400
16.89979100
17.10229200
17.09604200
17.37166600
17.74179200
20.57854200
18.12204100
17.96812500
17.15208400
17.44645800
19.63883300
17.44604200
16.48275000
17.40458300
18.30770900
16.69512500
16.26195800
17.16333300
17.30937500
16.97658400
18.13812500
16.69379100
18.54037500
17.76133400
17.74612500
17.01225000
15.99954100
17.22854200
16.85087500
17.95133300
19.28200000
18.14895900
16.94070800
17.64862500
17.51416700
18.36895800
18.24466700
16.70262500
15.64825000
15.79612500
15.73087500
15.99779100
17.93770900
16.56845800
17.58275000
18.74400000
16.35237500
16.51975000
16.67287500
18.56158300
19.29341700
18.72437500
17.95858300
16.82137500
18.09412500
17.10700000
16.94858400
17.60145800
16.69679200
17.92608300
16.63687500
17.39058300
17.84854200
18.63312500
17.03987500
16.92775000
18.64312500
16.66037500
17.17887500
17.29283300
19.40441700
17.90258300
17.78441700
16.80591700
16.80145800
16.88754200
16.86591600
17.02541700
17.63450000
16.83825000
17.71650000
17.43370800
18.55704200
18.20329200
17.10845800
17.35945800
17.05395900
17.82825000
17.97062500
18.44320800
17.15958300
18.91008400
16.72470800
18.88262500
17.64137500
18.21037500
17.54341700
19.32758300
18.37108300
18.67995900
17.76012500
17.44666600
18.03825000
18.40520900
17.94920800
18.44087500
17.20108300
17.63487500
17.07383400
17.60479100
17.35229200
18.66595800
17.12212500
16.90541700
16.80141700
17.93095800
17.78495800
18.60787500
17.10079200
19.04075000
17.70529200
17.62545800
17.97475000
17.58816700
18.94533300
17.61350000
17.25445800
17.08008400
16.94820800
17.64341700
17.14529100
16.97075000
17.50987500
16.68841700
16.81504200
18.59033300
16.39883300
18.07883400
18.15070800
17.36912500
17.33487500
19.68637500
17.29954200
17.13250000
17.94083300
17.13237500
16.76162500
16.77329200
16.53591600
16.76429200
17.28166700
17.19850000
16.76441600
16.90508400
17.34166600
17.45141700
16.64337500
16.87833300
16.57545900
16.89075000
18.47054100
19.93891700
18.52429200
16.91241600
16.40462500
18.20420900
17.13495800
16.80816700
16.57062500
16.87908300
16.76245800
16.69395900
16.85058300
16.66670800
16.46966700
16.93612500
17.99687500
16.94275000
18.54020800
17.44433400
17.95112500
17.54562500
18.00308300
21.55458300
17.29462500
19.04195900
16.61758300
16.65254200
16.52466600
16.30412500
17.07566700
18.45708300
17.58283400
16.25050000
15.65379100
16.17825000
16.54512500
15.25395900
16.09625000
17.36525000
15.07879100
16.96041700
17.45625000
16.07345800
15.60045900
15.26279100
16.61654200
18.76616700
17.34783300
17.44733300
17.03612500
16.45550000
16.74979200
17.18250000
18.55337500
19.35875000
17.68520800
17.37608400
17.95004100
19.36987500
17.60387500
16.61762500
17.09241700
18.15033300
17.68783400
16.91075000
17.82862500
18.45941600
17.62920900
17.79183300
17.41454200
17.04237500
17.83625000
16.66787500
18.33925000
18.69166600
17.03858400
17.38295800
17.11358300
16.79762500
18.93062500
19.22166700
17.85416700
18.30208300
18.53395800
19.84570900
18.53458300
17.90387500
17.42345800
17.49379200
19.18583300
18.50875000
18.28604200
17.90141700
18.52954100
19.24366700
18.15475000
18.70045800
18.09066700
18.11954200
18.35883300
18.85887500
17.31379200
17.49416600
16.32250000
16.93991700
17.73466700
17.42541600
18.91316700
17.75262500
18.27629200
18.34270800
17.55070800
17.12483400
16.93245800
17.30120800
18.71250000
17.74725000
19.03404200
18.87466700
17.97150000
17.40991600
17.53079200
19.13487500
18.35700000
18.31675000
18.13316700
17.53725000
16.89412500
18.30887500
16.69975000
16.71529100
16.48612500
17.36366700
16.24708300
16.24633400
17.07566600
16.23233400
16.17179100
16.05945900
16.06025000
16.10691600
15.91187500
14.67683400
14.69745800
14.63562500
15.52495800
15.53537500
14.81329200
15.82212500
16.02383300
15.84666700
15.25720800
15.21591700
14.85945800
14.69725000
14.96191700
15.00595800
16.04437500
15.42929200
18.24525000
15.90887500
16.18695800
14.78095900
14.51175000
15.13625000
16.59916600
16.12087500
15.55679200
15.60791700
15.51354100
15.87716700
16.35020800
14.93254200
14.69195800
14.59087500
15.46645900
15.47891600
14.91662500
14.59325000
14.64558400
15.73050000
15.04100000
14.69170800
15.94375000
14.36758300
16.16600000
14.56445900
14.64029100
14.87270900
16.10200000
15.79875000
16.71862500
16.37629100
15.94637500
16.51083400
15.54845800
15.55787500
16.56662500
14.45595800
13.62008400
13.70395800
19.58412500
16.82162500
15.83850000
15.36470800
16.40587500
16.01725000
16.49908400
16.59387500
15.45441600
15.75141700
15.80820800
16.63687500
15.39908400
15.99504100
14.85529200
14.64600000
14.87708300
14.87387500
15.25879200
16.86358300
17.47729200
16.22820800
16.32266700
16.60737500
16.58750000
17.92979200
19.62795800
17.74962500
17.18941700
16.28604100
17.23587500
17.51429200
17.62625000
17.22904200
18.03795800
17.33904200
18.69395800
18.90416700
18.13845800
17.70720800
19.81925000
17.37333400
17.95291600
17.00100000
17.56020900
20.08995800
18.45020800
18.37300000
18.16204200
17.91412500
17.27616700
19.24804100
19.14795900
18.81866600
17.31050000
17.75266700
17.43533300
17.63358400
19.92716600
17.71533400
19.29166600
18.18370900
18.49575000
19.38687500
19.02591600
17.88695900
18.98033300
19.67245800
18.98916700
18.32145800
19.26395900
18.06512500
18.15608300
17.37012500
16.83270800
18.59837500
18.36808400
18.90079100
17.37387500
17.65795900
17.25900000
16.96891600
17.25854200
16.77166700
16.37908300
19.90383300
18.09095900
16.81195800
18.53441700
18.19479100
17.30958400
18.14495800
19.81208300
17.81383400
18.13900000
18.38341600
17.87137500
17.20333400
16.99595800
17.04883300
17.67470900
17.46679100
17.34925000
16.70425000
17.18900000
17.61829200
20.43637500
18.06729200
18.14545800
18.01783300
17.74291700
17.29570800
17.08062500
17.97375000
19.28712500
17.76962500
18.29187500
18.63041700
18.29937500
16.67370800
16.60112500
18.20883400
18.39637500
16.58191600
16.73008400
16.98212500
17.69366600
17.80133400
17.54483300
18.26116700
17.46083300
17.06683300
18.46541700
17.00608300
17.53379200
17.33420800
18.90625000
17.82158400
17.23441600
17.41900000
17.87425000
18.46529200
16.51158300
16.76666700
20.06025000
17.68133300
18.45004200
17.72587500
19.15295800
18.37887500
17.77516700
17.89516700
18.10091600
17.59737500
17.60541700
17.87208300
17.16187500
17.75720900
16.74991600
17.54645900
17.84183300
16.31445800
16.29445900
19.70104100
19.36775000
22.26333400
18.44408300
17.57854200
18.21350000
18.83141600
17.02679200
19.36829200
17.26954100
18.68929200
18.43362500
18.03350000
17.77900000
17.51354200
17.28229100
20.04466700
17.71179200
18.33579100
16.49270900
16.56650000
17.81341600
17.71533400
17.83570800
20.07979200
18.70791600
17.79420900
18.86870800
18.36766700
17.33745800
16.36612500
17.29745800
19.99283400
17.69104100
17.69625000
18.34154200
17.90087500
18.03383300
17.85616700
17.98404200
17.82533300
17.39212500
16.71466700
16.50295800
18.29483300
16.66137500
17.25808400
18.31975000
17.45312500
19.79550000
17.26558300
17.71445800
15.64633400
16.65820800
18.09387500
17.84279200
18.87970800
18.21700000
17.81475000
21.20025000
20.28212500
21.23045800
21.58154200
23.49912500
23.33962500
20.99112500
21.66666700
20.12008300
20.31933300
19.81441700
19.70129200
19.58941600
19.36383400
18.89804100
18.63720900
18.10008300
19.31050000
19.51533300
17.54833400
19.13258300
19.11804200
18.07858300
18.67720800
18.33987500
19.25487500
18.55608400
19.20545800
18.15333300
18.48779200
18.13770800
17.69016700
17.20887500
18.36133300
19.07883400
17.97895800
17.57258300
17.98970900
17.66166600
19.87875000
18.70429200
19.70900000
18.59991700
19.36129100
18.24808400
17.65108300
18.34325000
19.38504200
17.12470800
20.98254200
18.99779100
17.55129200
18.02050000
19.64725000
16.22941700
15.03820800
15.44737500
16.49045800
15.29041700
15.76825000
15.86279200
15.07912500
14.58079100
14.90270900
15.13429100
15.39100000
15.64158400
15.71275000
16.34537500
15.57879100
15.53425000
15.34058400
15.35579100
14.58316700
15.08595800
15.63175000
17.04162500
15.82045900
15.57975000
15.46441600
15.70583400
16.12462500
14.81137500
14.75550000
15.57412500
14.58412500
15.07091600
15.47141700
15.55225000
14.24658300
14.81991700
15.64116700
14.15100000
15.10866600
15.59595900
15.51479100
14.40675000
14.11350000
15.38662500
14.52020900
14.38704100
15.53054200
14.86162500
14.54287500
15.02900000
15.23941700
15.63704100
15.18741700
15.18500000
15.09433300
14.92729200
15.22387500
16.98762500
15.84241700
15.95279100
16.06454200
14.95058300
14.78562500
15.34625000
14.12383400
14.93670800
14.64579200
17.00366600
16.56750000
16.75500000
16.63291700
16.38112500
16.77250000
16.60825000
16.76162500
16.67320800
16.69541700
16.50462500
17.20716700
16.41841600
16.82329200
16.65054200
17.10691600
16.06191700
17.00491700
17.17470800
15.83195800
16.70925000
16.80291700
16.86654200
16.53416600
16.72904200
16.65187500
16.46520800
16.63145900
16.93370800
16.65350000
16.39287500
16.97687500
16.67141700
16.54708300
17.01462500
16.78520800
16.69120900
16.24987500
16.50187500
16.57475000
16.93191600
16.64625000
16.43300000
16.84145900
16.67333300
15.35366700
16.66362500
1320.45620800
16.22058300
15.86516700
16.46112500
16.74825000
16.66783300
17.01287500
16.21320900
16.83841600
16.40204200
16.52233300
17.07433400
16.73241600
17.36666700
15.77170800
16.95712500
16.23033400
16.94154100
16.56087500
16.54979200
16.82866700
16.93404100
16.45854200
16.51816700
17.39341600
18.66220900
15.97500000
17.54050000
17.16683300
17.65741700
15.42287500
16.61020800
15.83116700
15.27779100
16.60179200
16.70800000
15.89000000
17.06920800
16.24354200
16.73308300
17.24766700
16.75525000
16.10866700
16.47341600
17.14425000
16.41300000
17.40945900
15.93104100
16.68475000
18.21500000
15.38541700
16.41475000
17.53845800
16.89108400
17.90604100
17.73891700
15.67562500
15.19066700
15.68595800
17.51887500
16.25245800
17.20941700
16.50950000
16.28233300
16.27516700
16.69804200
16.72116600
16.68075000
17.66925000
15.82358400
17.76387500
16.76775000
18.41187500
15.90166600
15.20437500
15.76112500
16.96933400
16.62704100
16.60808400
16.40420800
17.01958300
17.21112500
15.99691700
17.45862500
17.42950000
15.06387500
16.80625000
16.83804200
17.22233300
16.31608300
17.53012500
15.36054200
16.70970800
16.95570900
16.46604100
17.11050000
16.13887500
17.05333400
17.09683300
16.09887500
16.55350000
16.74933300
17.44875000
16.46908400
15.97754100
16.68050000
16.71987500
16.64037500
16.69816700
16.67816700
16.65862500
16.68537500
17.01716600
16.34950000
16.68233400
16.70791600
16.68612500
16.71062500
16.64983400
16.66208300
16.69187500
16.67325000
17.43812500
15.95416700
16.67937500
16.66158300
17.34329200
16.37412500
16.57483300
16.45450000
16.87208300
16.48129200
16.70066700
16.70900000
16.66633300
16.71491700
16.66100000
16.78533300
16.57800000
16.66275000
16.73416700
16.66350000
16.70170800
17.13079200
16.20491600
16.66591700
16.70229200
17.09000000
16.27266600
17.61454200
15.75895800
16.70208400
16.71516600
16.65791700
16.67833300
16.65158400
16.72683300
16.64341700
16.67504100
18.91308400
20.21791600
17.38579200
17.11350000
15.99891700
16.38700000
15.54041600
16.19841700
15.74275000
18.37320800
15.65779200
16.04683300
16.79562500
15.46095900
15.35533300
16.80008300
15.92987500
18.34933400
17.46133300
17.42825000
15.36120800
15.61725000
15.86354200
16.76145800
16.68904200
18.12533300
18.30483400
14.15312500
15.98666600
16.54962500
17.69241700
15.65187500
16.64887500
18.19275000
17.12966700
15.42600000
15.97854100
16.82487500
16.55083400
16.74191600
16.63608400
16.67475000
16.68520800
16.67058300
16.68391700
16.70708300
16.99091700
16.34866700
17.70125000
16.09062500
16.36262500
16.60516600
17.13204200
16.24516700
16.65304100
17.87550000
17.68904200
16.47087500
16.64512500
15.36137500
16.22354200
17.12716600
16.08870900
16.65329100
16.68975000
16.69116700
16.67833300
16.71716700
16.67879200
16.76925000
16.60270800
16.67254200
16.70687500
16.68641600
16.66366700
16.71083300
16.74729200
16.56575000
16.69091700
18.17270800
15.40000000
16.51470800
17.08204200
16.24950000
16.73791700
16.63487500
16.73962500
16.65525000
16.65429100
16.67308400
16.73816600
16.62737500
16.68558400
16.69704100
16.68975000
16.68691700
16.64175000
16.69179200
16.69862500
16.67908300
16.67933300
16.72837500
16.66387500
16.66120900
16.68704100
16.84704200
16.60550000
17.70754200
15.54525000
16.69612500
16.72000000
16.72358300
16.62166700
16.67191600
16.67945900
16.71791600
16.65829200
16.92875000
16.45591700
16.68712500
16.66241600
16.76550000
16.58266700
16.75850000
16.63637500
16.71883300
16.63266700
16.85358300
16.54270900
16.84695800
16.51458300
16.68625000
17.80183400
15.55558300
16.67266700
16.67154100
16.72150000
16.65445900
17.56883300
15.79762500
16.66741700
16.96100000
16.91858300
16.18908300
16.67720900
16.67916600
16.68887500
16.68066700
16.66408300
16.67845900
16.70879100
16.66691700
16.69691700
16.69616600
17.02566700
16.31404200
16.71508300
16.66050000
16.70645800
16.65141700
16.68370800
16.68362500
16.69437500
16.69733400
16.67475000
16.66404100
16.70045900
16.65870800
16.70150000
16.68333300
16.68170900
16.66833300
16.70037500
16.66766700
16.68404100
16.72079200
16.69812500
16.72566700
16.66483300
16.65700000
16.65812500
16.70783300
16.66987500
16.65762500
16.70041700
16.69283300
16.70212500
16.68141700
16.65833300
16.66312500
16.70341700
16.70383300
16.67079200
16.66458300
16.69041700
16.68470800
16.69270900
16.65695800
16.67929200
16.73429100
16.66050000
16.66537500
16.67641700
16.73779200
16.66200000
16.64825000
16.69975000
16.74604100
16.63304200
16.66812500
16.67912500
16.68875000
16.71816700
16.67533300
16.69504200
16.65116600
16.73233400
16.62133300
16.68616700
16.77487500
16.58404100
16.69354200
16.68112500
16.70354200
16.66162500
16.67925000
16.73466600
16.63508400
16.68558300
16.70562500
16.67283300
16.66720900
16.68770800
16.68504200
16.68354100
16.70162500
16.66787500
16.67537500
16.68754200
16.70729200
16.67033300
16.65954200
16.69962500
16.71108300
16.67287500
16.69162500
16.66483300
16.67454200
16.68179200
16.68375000
16.68345800
16.68783300
16.67725000
16.70050000
16.67312500
16.67283400
16.71975000
16.66491600
16.67716700
16.68312500
16.72862500
16.64833300
16.72283400
16.61941600
16.73033400
16.63412500
16.70091600
16.68254200
16.72595800
16.66020900
16.65637500
16.71300000
16.67420800
16.73512500
16.63704200
16.67158300
16.66541700
16.82545800
16.55575000
16.67991700
16.73333300
16.63279200
16.74441600
16.65041700
16.69529200
16.68408300
16.66662500
16.68987500
16.69891700
16.64345800
16.66566700
16.69512500
16.71804100
16.64654200
16.70716700
16.67537500
16.65733300
16.68391700
16.68583300
16.73820800
16.69754200
16.60591700
16.75179100
16.66400000
16.65266700
16.71116700
16.64583300
16.71670800
16.69741700
16.68612500
16.65558300
16.65283400
16.70745800
16.65791700
16.70504100
16.68791700
16.67975000
16.69500000
16.71345800
16.65308400
16.68208300
16.70825000
16.64012500
16.67891700
16.67833300
16.69816700
16.70987500
16.71841600
16.62137500
16.68262500
16.68825000
16.72066700
16.62666700
16.69158300
16.70516700
16.65445800
16.73450000
16.65420800
16.70237500
16.66091700
16.72329200
16.67633300
16.70345800
16.66183400
16.62666600
16.69129200
16.67970800
16.67791700
16.69466700
16.66450000
16.69941600
16.67470900
16.69808300
16.66141700
16.69700000
16.66841600
16.70712500
16.67412500
16.67008400
16.68512500
16.68133300
16.69816700
16.66695800
16.71162500
16.67125000
16.68150000
16.68512500
16.67833300
16.67962500
16.67783400
16.68558300
16.69533300
16.67229200
16.67833300
16.70962500
16.68316700
16.70375000
16.65404200
16.69295800
16.72383300
16.62587500
16.69358400
16.70808300
16.68141700
16.66441600
16.73591700
16.63100000
16.69212500
16.66695800
16.69458400
16.67183300
16.68295800
16.72533400
16.73316600
16.58995900
16.69883300
16.68437500
16.66941700
16.73479100
16.65466700
16.66175000
16.68095800
16.69700000
16.68112500
16.69283400
16.67587500
16.70583300
16.68137500
16.64420800
16.69037500
16.67970900
16.67916600
16.68070900
16.69008300
16.68837500
16.67183300
16.69833400
16.68125000
16.71112500
16.66816600
16.66608400
16.68162500
16.70258300
16.65808300
16.69100000
16.70545900
16.69170800
16.67620800
16.70958400
16.65212500
16.68991600
16.82345900
16.56145800
16.67191700
16.69637500
16.79020800
16.58041700
16.75483300
16.69266700
16.67791600
16.81091700
16.56062500
16.67320800
16.62891700
16.74562500
16.62525000
16.72675000
16.64608300
16.67691700
16.66450000
16.71287500
16.70825000
16.79170800
16.95595900
16.21629100
16.78170900
