17.08141700
16.38600000
16.87870800
16.38366700
17.18508300
16.18062500
17.12729200
16.23891600
17.07500000
16.29770900
17.16204100
16.08508400
17.19145800
16.13216700
17.27266600
16.21895900
17.19241600
16.05295900
17.29645800
16.08754200
17.24537500
16.16854100
17.16479200
16.12458300
17.33658400
16.05462500
17.32650000
16.01533300
17.27541700
16.09862500
17.26162500
16.14675000
17.23941600
16.09166700
17.30654200
16.05820800
17.33416700
16.03650000
17.33804100
16.03404200
17.31145800
16.03158400
17.31454100
16.05087500
17.19129200
16.18300000
17.23025000
16.17004200
17.18833300
16.13587500
17.30225000
16.07700000
17.28287500
16.10604200
17.27887500
16.47233300
16.71329200
17.03583300
16.52016700
16.79504100
16.55366700
16.08350000
17.19662500
16.41037500
17.00062500
16.40595800
16.82229200
16.44800000
17.05079200
16.85425000
16.53191600
16.96562500
16.39062500
17.17662500
16.12400000
17.13387500
16.10745900
17.25587500
16.28629100
16.96833400
16.14995800
17.36662500
16.23266700
16.90745800
16.43400000
16.99441700
16.43950000
16.93141600
16.42783400
16.71975000
16.67654100
16.47283400
16.90287500
16.50758300
16.83854200
16.46108300
16.92204200
16.44525000
16.95783300
16.28125000
17.00395800
16.18166700
17.21412500
16.12379200
17.09133300
16.24362500
17.17308300
16.20341700
17.19066700
16.16662500
17.29708300
16.53500000
16.79633300
16.63662500
16.77516700
16.72920800
16.63066700
16.50304200
16.85687500
16.58329100
16.78800000
16.60045900
16.80291600
16.31133400
16.95579100
16.65808400
16.82387500
16.49787500
16.87341600
16.38908400
16.86050000
16.55020800
16.87175000
16.80904200
16.61916600
16.63608400
16.61354100
16.43425000
16.99650000
16.42045900
16.70950000
16.96975000
16.66425000
16.51845800
16.75783300
16.55166700
16.89895800
16.44012500
16.90200000
16.56429200
16.78370800
16.61412500
16.96937500
16.74325000
16.75933400
17.27183300
15.84975000
17.35975000
15.92320800
17.19862500
16.27491700
17.48454200
15.91604100
17.70941700
15.59575000
17.64762500
15.77841700
17.77770800
15.50008300
18.12600000
15.32112500
17.85470900
15.38783300
17.80670800
15.64966700
17.93162500
15.41370800
17.64291700
15.77295800
17.59916700
15.65866700
17.74929100
15.74137500
17.59408400
15.62254100
17.36408400
16.17345800
17.65325000
15.79329200
17.52925000
15.64850000
16.49850000
16.86958300
16.84458300
16.41100000
16.83633400
16.55270800
16.84254200
16.64387500
16.30758300
17.03150000
16.66329200
16.75120800
16.45116700
16.79108300
16.36325000
17.00033300
16.49329200
16.77983300
16.26270900
17.28012500
16.39979100
16.87512500
16.44800000
16.96287500
16.44304200
16.97650000
16.46675000
16.91708300
16.66487500
16.69500000
16.49312500
16.71850000
16.34808400
17.15883300
16.69833300
16.69258400
16.41575000
16.86075000
16.27004100
17.11245900
16.57275000
16.61083300
17.25862500
16.32275000
17.31766700
15.87858300
17.37220800
16.11370900
17.26745800
16.12729200
17.08620800
16.03320800
17.52704200
16.04350000
17.18195800
16.01341700
17.32633300
16.22420900
17.05566600
16.30100000
17.26041700
16.14083300
17.20879200
16.16525000
17.18154200
15.98970800
17.37950000
15.98079200
17.09145800
16.52991700
17.38462500
15.84250000
17.15458300
16.25366700
16.45745800
17.04954200
16.12612500
17.24241600
16.38291700
16.95950000
16.38558300
16.95075000
16.30270900
16.97637500
16.34966600
17.14666700
16.24687500
17.09829200
16.17437500
17.16612500
16.47195800
17.00779200
16.58950000
16.57633300
16.19337500
17.30912500
16.45100000
17.04370800
16.47662500
16.84012500
16.42650000
16.86116700
16.28016700
17.07400000
16.59383300
16.80362500
16.33295800
17.09633400
16.51350000
16.66391600
16.38662500
17.06558400
16.45054100
16.93300000
16.34720900
17.08795800
16.67220800
16.50441700
16.67258300
16.79775000
16.46462500
16.87391700
16.62241700
16.68629100
16.40045900
17.10658300
16.52691700
16.81791600
16.57908400
16.86166600
16.68970900
16.60220800
16.36966700
16.92350000
16.81941600
16.46275000
16.49400000
17.16591700
16.59950000
16.43583300
16.49933400
17.02404100
16.44470900
16.93558300
15.96333300
17.29629200
16.37958300
17.12175000
16.39425000
17.02283400
16.20029100
16.87804200
16.33095800
17.33245900
15.97033300
17.26566700
16.02525000
17.23762500
16.11800000
17.39845800
16.31904200
16.96791600
16.13712500
17.26637500
16.42062500
16.76483400
16.20725000
17.31683300
16.36908300
16.92862500
16.53416700
16.83854200
16.41575000
16.79208300
16.57050000
16.97725000
16.48391700
16.78095800
16.38791700
17.02283300
16.24104200
17.24179100
16.48145900
16.79145800
16.61229200
16.82166600
16.55800000
16.81633400
16.79091600
16.69637500
17.10633400
16.08245800
17.06904200
16.28537500
16.99408300
16.32420800
17.23750000
16.14687500
17.01633400
16.49633300
17.24358300
15.90475000
17.10558400
16.25512500
16.98737500
16.57629100
17.05029200
16.19379200
17.60466600
15.89825000
17.74158400
15.54608300
18.07333300
15.41954200
17.98591700
15.31708300
18.17962500
15.13041700
17.93629100
15.47629200
17.85087500
15.64095800
18.32329200
14.88195800
18.06275000
15.38650000
17.97629200
15.30891700
17.66691600
15.80004200
17.67945800
15.74404200
17.29966700
15.96437500
17.57270800
15.72183300
17.45262500
16.08683400
18.36625000
14.92320800
17.95950000
15.40550000
18.53887500
15.04345800
18.34925000
14.79233400
17.96291600
15.13070900
17.31483300
16.35037500
17.37337500
15.85291700
17.26745800
16.15466700
17.17208300
16.19837500
17.15966700
16.11975000
17.44037500
15.98050000
18.96066600
16.17783400
19.19116600
12.93645900
20.84829100
12.26166700
19.02462500
14.31500000
18.33845800
14.97429200
16.25833300
17.17612500
16.09112500
17.18966700
15.93916700
17.35704100
16.16279200
17.25979200
15.99362500
17.26862500
16.04329100
17.33083400
16.17641600
17.25625000
16.02195900
17.25087500
16.09308300
17.26591700
16.06404100
17.29854200
16.09420800
17.33475000
16.06379200
17.15158300
16.16758400
17.29379100
16.34845900
16.93233300
16.20820800
17.25308400
16.05645800
17.26366700
16.32950000
17.08233300
16.06883300
17.18450000
16.19754200
17.23191700
16.09295800
17.50825000
16.13741700
17.09087500
16.14725000
17.15512500
16.22004100
17.18395900
16.02354100
17.40008400
16.05333300
17.29312500
16.21554200
17.15016600
16.31108400
17.09425000
16.21070800
17.11937500
16.02045800
17.18666700
16.16654200
17.37250000
16.00245800
17.24658300
16.11329200
17.31687500
16.30387500
17.02745800
16.13562500
17.13933400
16.23054100
17.27870900
16.14712500
17.08295800
16.14454200
17.39625000
15.98020800
17.33045800
16.17875000
17.26208400
16.11929100
17.30945900
16.10862500
17.07450000
16.39450000
17.08279100
16.17012500
17.18545900
16.20516600
16.89312500
16.25612500
17.24733400
16.72912500
16.57554100
16.53358400
16.89850000
16.52362500
16.89100000
16.51858300
16.85595800
16.47387500
16.90400000
17.10054200
16.34795800
16.83987500
16.30470900
17.03200000
16.48129100
16.95970900
16.46741600
17.10433400
16.18079100
17.01583400
16.41512500
17.27170800
15.97662500
17.29191700
16.04970800
17.24300000
16.20450000
17.10612500
16.18725000
17.34866700
16.09158300
17.16741700
16.26162500
16.82962500
16.39229100
17.51350000
15.91716700
17.14100000
16.36925000
17.13637500
16.00541700
17.32920800
16.23612500
17.21262500
16.16708300
17.22000000
16.18700000
17.44800000
15.92570900
16.77304100
16.66029200
16.59983300
16.62595900
16.34558300
17.10325000
16.20779200
17.13600000
16.09208300
17.22066700
15.99816600
17.36658400
15.99158300
17.55016700
15.97962500
17.57275000
17.23179100
15.99479200
16.93808300
16.52204200
17.13258300
16.04183400
16.76679100
16.74387500
16.85154200
16.49491700
16.84958300
16.33225000
16.81029200
16.61858300
16.97812500
16.53787500
16.87266700
16.44075000
17.01191600
16.28233400
17.05504100
16.29204200
16.99612500
16.45587500
16.85395800
16.19583400
17.42737500
16.07183300
17.21079200
15.94754100
17.09441700
16.61462500
17.63454200
15.69987500
17.33775000
15.60354100
16.27170900
17.25558300
16.20675000
17.25195800
16.08237500
17.14208400
16.32337500
17.04533300
16.60166700
16.84050000
16.47704100
16.90841700
16.42316700
16.89754100
16.37095900
16.98712500
16.19870800
17.00512500
16.28125000
17.13658300
16.21812500
17.38870900
16.45204100
16.86987500
16.35675000
16.89125000
16.36683400
17.20833300
16.65229200
16.56666600
16.49650000
16.90591700
16.41466700
16.91650000
16.53258300
16.93450000
16.41004200
16.94287500
16.57591600
16.69979200
16.11283300
17.10033400
16.27291600
17.27687500
16.17150000
17.35762500
16.06483400
17.25583300
16.21362500
17.18091700
15.92804100
17.27766700
16.35733300
17.08395900
16.42337500
16.98066600
16.16641700
16.95258300
16.34445900
17.30770800
16.16520800
17.16450000
16.12808400
17.04208300
16.42008300
17.13612500
16.13391700
17.18770800
16.12050000
17.12704200
16.15858300
17.37258400
16.23629100
17.18870900
16.19279100
17.12087500
16.41529200
16.80866700
16.29404100
17.18595900
16.14545800
17.36837500
16.02645800
17.12675000
16.11954200
17.18525000
16.40304200
17.15370800
16.32191700
16.86654100
16.10370900
17.21241600
16.18758400
17.18262500
16.34320800
17.18645800
16.46383400
16.87162500
16.63570800
16.78837500
16.67854200
16.48358300
16.73029200
16.81033300
17.03133300
16.25550000
16.58879200
16.81979200
16.74687500
16.55612500
16.76733300
16.63275000
17.74445800
17.36183400
15.12770800
16.43470800
16.72595900
16.70933300
16.71500000
16.44750000
16.78579200
16.62516600
16.97691700
16.45487500
16.83733300
16.18391700
17.02916700
16.27320800
17.24175000
16.15545800
17.02958400
16.20562500
17.25887500
16.21629100
17.20875000
16.06554200
17.28012500
16.06708300
17.35950000
16.66166700
16.67062500
16.98016700
16.33145800
16.83545800
16.51087500
16.16133400
17.32650000
16.35829100
16.99658400
16.01854100
17.31950000
16.02295900
17.46066600
15.91416700
17.34520800
16.00479200
17.38033300
16.00041700
17.26679200
16.09016600
17.14333400
16.24900000
17.46675000
15.91150000
17.34841600
16.00054200
17.29137500
16.08954200
17.40083300
16.05087500
17.35841700
15.90766600
17.34220900
16.02216600
17.55283400
15.81554100
17.54566700
15.82458300
17.63520900
16.71087500
16.67495800
16.50937500
16.88091700
16.52320800
16.85225000
16.46208300
16.78254200
16.20908300
17.21483400
16.04425000
17.27008300
16.16612500
17.09808300
16.38037500
17.05154200
17.25287500
16.54520800
17.56116700
15.47100000
16.75812500
16.62845800
16.34450000
17.04070900
16.08225000
17.18495800
16.33141700
17.22362500
15.98700000
17.26283300
16.07620800
17.27020900
15.95758300
17.45079200
15.69825000
17.32925000
16.05266600
17.37508400
15.99995800
17.46854200
15.89162500
17.43854100
15.91362500
17.28129200
16.11150000
17.37020800
15.98100000
17.36933400
15.97283300
17.44708300
16.07212500
17.25358400
16.24991600
17.07575000
16.00516700
17.21795800
16.16358400
17.42608300
15.95862500
17.39820800
15.94750000
17.37166700
15.98233300
17.22583400
16.16612500
17.39570800
15.95604200
17.19945800
16.94929200
17.26820800
16.43066700
16.48908300
18.35958300
14.83183400
15.93966600
17.50254200
15.92237500
18.55925000
15.69987500
16.74425000
19.33525000
15.15412500
15.75583300
16.44562500
15.72145900
17.88854100
15.50937500
17.67779200
15.68791700
17.69195800
15.65741700
17.50475000
15.93087500
17.30658300
17.82941700
15.67445800
17.06812500
16.27937500
17.08408300
16.45995900
104.26316600
8.30558400
31.34095800
7.36554200
21.10408300
6.89133300
19.58979200
6.76375000
19.60833300
6.74075000
19.85145900
6.99333300
19.55320800
6.79050000
19.50804200
6.22058300
18.20604200
6.28445800
18.74512500
6.20620900
18.49895800
6.20462500
17.97083300
6.26879200
18.27283300
6.14162500
17.68800000
15.37083400
16.66845800
16.78866700
16.93512500
16.39908300
16.64275000
16.74500000
16.51887500
16.88579200
16.67083300
16.64612500
16.89016700
16.33350000
17.07095800
16.36383300
16.46087500
16.86883400
16.57245800
16.86766700
16.43358300
16.86712500
16.55316700
16.80816600
16.54287500
16.99320900
16.48425000
16.77008300
16.37920800
17.02675000
16.34862500
16.99866700
16.53220800
16.83845900
16.38025000
16.97466600
16.17400000
17.14004200
16.38645800
17.02870900
16.22616600
17.10050000
16.06970900
17.29062500
16.40541600
17.00208400
16.02845800
17.25483300
16.12025000
17.33566700
16.05462500
17.13745800
16.20950000
17.23445900
16.14895800
17.15558300
16.21795900
17.22408300
16.11425000
17.27850000
16.12429200
17.16533300
16.16370800
17.10425000
16.28387500
17.20004200
16.15945800
17.22504200
16.18137500
17.07937500
16.22862500
17.53104200
16.68508300
16.82720800
17.63600000
15.54362500
17.66087500
15.71570900
17.20683300
16.17041700
17.03870800
16.39979200
16.84150000
16.51325000
17.49570800
15.87837500
16.14137500
17.22983300
16.80512500
16.50175000
17.70391700
15.64670800
17.95662500
15.82641700
17.83670800
15.27666700
19.00875000
15.92441700
17.45700000
13.98116600
18.61350000
14.91933400
17.63000000
15.61937500
17.15670800
16.49150000
18.28979200
15.01279100
17.43400000
15.74820900
16.54387500
16.71137500
16.23183300
17.19883300
16.54925000
16.81583400
16.54354100
16.77554200
17.39254200
16.03200000
17.28133300
16.17908300
17.77391700
15.38862500
17.46295800
16.09141700
16.94675000
16.36816700
17.39070800
15.73200000
17.02308300
16.59658400
17.97487500
15.43391600
17.80108400
15.89645800
17.31962500
15.96666700
18.67062500
14.89262500
19.09679100
14.26350000
20.97404200
11.89308300
16.89458400
16.67983300
16.69195800
16.45837500
16.71116700
16.69579200
17.09408300
16.43416700
17.06925000
16.10833300
16.91387500
16.50995800
16.99383400
16.49683300
16.88162500
16.43025000
17.46216700
16.10258300
18.12187500
15.23050000
17.72875000
15.63529200
17.10029100
16.12808400
16.91266600
16.32625000
16.92575000
16.59254200
17.20762500
15.99054200
16.88341600
16.41954200
17.12620800
16.52041700
17.57179200
15.58016600
17.38154200
16.23258300
17.43458400
15.85991600
17.38091700
15.96104200
17.92958300
15.34925000
16.69641700
16.63395800
16.15954200
17.14579100
16.07275000
17.35925000
15.92850000
17.45062500
15.95966700
17.47062500
15.89195800
17.34995900
17.10162500
16.27945800
16.74112500
16.65695800
16.11804200
17.14979200
16.10729100
17.34187500
15.98858400
17.32437500
16.37245800
16.91541700
16.35245800
17.07291700
16.31695800
17.08600000
16.23687500
17.00662500
16.38504200
17.03895800
16.29579200
17.23141600
16.39016700
16.79654200
16.67437500
16.87208300
16.30754200
17.04812500
16.26687500
16.95691600
16.06254200
17.39533300
16.44691700
16.85550000
16.27620800
16.93204200
17.02133300
16.54341700
17.44487500
15.85470800
17.18912500
16.16570900
17.30408300
16.07725000
17.35012500
15.96491700
17.30733300
15.82366700
17.45404100
16.39912500
17.69716700
15.55116700
18.33400000
15.06900000
16.88687500
16.30550000
17.06291600
16.28762500
16.80670900
16.74875000
17.23683300
15.94587500
17.55120800
15.83483400
17.38937500
15.78783300
17.21012500
16.23283300
17.48183400
16.01516600
17.16625000
16.11637500
17.21312500
16.03283400
17.04179100
16.57412500
17.34004200
16.14404200
18.50375000
14.72979100
18.12454200
15.47616700
16.35966600
17.03745900
16.63512500
16.64775000
16.89754100
16.52070900
16.75970800
16.58037500
16.63508300
16.68404200
17.00312500
16.46529200
16.79454100
16.49958400
16.85062500
16.52033300
16.75200000
16.66491700
17.08483300
16.27504200
16.80695800
16.59804200
16.77045800
16.45862500
17.05491700
16.33591600
16.91075000
16.64320900
16.97008300
16.30112500
16.89145800
16.31745900
15.96554100
17.31258400
16.06170800
17.30533300
16.05387500
17.35129200
16.05150000
17.29641700
16.03483300
17.21195800
16.15820900
17.18108300
17.08500000
16.46104200
17.22016600
15.94812500
17.34112500
16.20429200
17.22550000
16.08875000
17.23179200
16.14108300
17.18154200
16.04570800
17.24404200
16.09050000
17.13000000
16.16083300
17.25691700
16.44887500
17.25916600
16.18895900
17.28391600
15.79995900
17.16850000
16.32408300
17.15112500
16.17858300
17.03445900
16.39162500
17.00766600
16.27304200
16.79595800
16.55166700
16.91266700
16.47412500
16.81262500
16.55395800
17.10154200
16.31620800
17.13162500
16.10962500
17.15395800
16.33983400
17.29916600
16.06504200
17.12954200
16.18512500
17.19716600
16.15683400
17.27095800
16.14608300
17.18095900
16.20208300
16.90204200
16.54175000
17.32187500
15.87187500
17.26087500
16.19883300
17.07425000
16.33045800
17.25750000
16.10379200
17.16733300
16.04391700
17.13845800
16.28608400
17.32029100
16.03520900
17.19087500
16.29508300
16.73845800
16.52883400
17.01958300
16.41087500
16.69529200
16.71025000
16.93775000
16.16866600
16.55750000
17.01150000
16.95291700
16.79875000
15.69720800
17.68954200
15.66920800
17.50591700
15.86220800
17.51254200
15.85808300
17.72033400
15.63245800
17.48650000
15.88575000
17.72754200
15.64200000
17.45766600
15.90454200
17.31658300
16.07245900
17.51645800
15.84695800
17.55483400
15.78962500
17.55100000
15.86920800
17.54575000
15.77062500
17.57045800
15.80620900
17.49900000
15.86229100
17.57195900
15.82700000
17.70416600
15.64029200
17.72408300
15.65487500
17.60000000
15.77691700
17.58700000
15.75016700
17.46458300
15.90283300
17.79675000
15.56183400
17.60550000
15.77691600
17.60137500
15.77725000
17.54658400
15.83858300
17.66220800
15.66675000
17.58437500
15.77595900
17.57950000
15.79279100
17.34904200
16.02929200
17.40941600
16.26662500
16.91325000
17.05037500
16.40895900
17.10704100
16.28895900
17.33466600
16.02533400
16.91583300
16.47737500
16.99258300
16.33808400
17.32333300
16.00395800
17.44733400
16.02154100
17.36145900
15.94337500
17.39745800
16.06250000
17.28579200
15.90245800
16.57258300
17.05229200
18.16779200
15.04266600
18.02875000
15.37058400
18.11304100
15.32108400
18.23116600
15.01025000
18.41695900
15.17875000
18.28950000
14.97925000
18.10850000
15.28666600
18.20275000
15.30475000
18.01816700
15.19025000
17.95012500
15.53850000
17.45791700
15.84412500
17.29245800
16.15895800
16.91862500
16.28700000
16.57987500
16.80887500
16.84250000
16.63095900
16.72770800
16.78091700
16.75116600
16.58354200
16.92129200
16.25800000
15.86058300
17.35300000
16.01337500
17.13416700
16.24816600
17.31550000
16.05516700
17.34604200
16.00291600
17.38762500
15.96608400
17.44987500
15.93316600
17.40804200
15.97808300
17.29129200
16.08104200
17.39825000
15.96687500
17.33950000
16.01212500
17.32812500
16.02279100
17.59720900
15.76187500
17.45033300
15.97350000
17.43933300
15.87295900
17.39400000
15.98575000
17.41020800
15.98183300
17.65933400
15.68554100
17.37475000
15.99862500
17.35975000
15.97795900
17.24554100
16.12025000
17.22166700
16.15995800
17.26258400
16.09200000
17.36520800
15.99941700
17.33316600
16.06254200
17.29787500
16.07029200
17.38158300
15.96337500
17.29370800
16.09675000
17.24883400
16.09904100
17.44125000
15.94900000
17.20100000
16.13425000
17.34070900
16.07662500
17.12925000
16.18579100
17.29537500
16.06733400
17.27462500
16.10291600
17.33762500
16.04262500
17.31058400
16.08820800
17.32683300
15.98075000
17.41941700
15.94850000
17.43762500
15.94195800
17.35612500
16.03566700
17.49225000
15.83908300
17.33000000
16.03441700
17.40537500
15.98333300
17.42566700
15.92750000
17.32270800
16.03600000
17.30087500
16.09375000
17.45700000
15.89225000
17.51516700
15.89854200
17.32658300
16.00800000
17.35225000
16.02341700
17.29637500
16.06612500
17.30825000
16.06066600
17.33654200
15.99691700
17.24991600
16.13750000
17.35429200
16.01620800
17.35995900
15.98208300
17.39400000
15.98250000
17.26591700
16.10404100
17.41979200
15.96337500
17.43758300
15.90008400
17.26683300
16.14050000
17.21304200
16.14554100
17.29029200
16.04920800
17.26933400
16.10529100
17.41779200
15.93495800
17.38600000
15.98625000
17.36379200
15.99762500
17.56287500
15.81137500
17.49333300
15.89058400
17.49345800
15.86670800
17.41616700
15.97491700
17.22895800
16.09204200
17.33979100
16.06825000
17.39866700
15.92887500
17.31704200
16.11654100
17.25720900
16.05633300
17.22425000
16.16354200
17.41137500
15.92866600
17.41145900
15.97920800
17.26837500
16.06637500
17.33945800
16.03391700
17.30050000
16.05933300
17.30941700
16.09066700
17.38325000
15.95362500
17.38208300
16.01375000
17.20737500
16.30425000
17.40279200
17.09904100
15.37083400
19.25845800
14.77025000
17.27241700
16.13062500
17.32516600
15.81479200
17.21208300
16.26262500
17.44579200
15.84150000
17.26970800
16.18312500
17.29308400
16.02350000
17.47712500
15.87283300
17.75275000
15.71495800
17.76216700
15.47987500
17.64179200
15.75429100
17.76008400
15.53925000
17.64641600
15.80533400
17.55358300
15.76925000
18.16083300
15.23454200
17.50975000
15.83441700
17.08945800
16.15775000
16.61533300
16.76250000
16.84929200
16.54987500
16.47200000
16.82500000
16.45566700
16.93025000
16.70987500
16.62587500
16.60762500
16.73841600
17.09637500
16.25825000
16.85891700
16.55979200
17.02479100
16.23233400
16.93712500
16.57700000
17.04687500
16.23266600
17.07516700
16.13683300
16.93275000
16.61783400
16.93100000
16.31650000
16.97587500
16.37295800
17.18716700
16.16979100
17.35445900
15.98695800
17.09662500
16.29787500
17.16391700
16.19229100
17.07387500
16.22283400
17.19804100
16.20212500
16.84087500
16.40787500
17.34991700
16.13091700
17.20175000
16.08058300
17.17720800
16.16075000
17.47095900
15.94883300
17.31125000
16.01350000
17.16987500
16.13587500
17.24883300
16.13970900
17.40050000
15.94725000
17.09862500
16.26620800
17.23375000
17.69445800
15.13416700
16.67983300
16.97625000
16.39275000
17.40375000
15.96795900
17.31620800
17.41370800
15.36925000
17.17720900
16.16666600
17.16150000
16.20620900
17.27120800
16.05725000
17.04879200
16.31975000
17.09904100
16.27520900
17.15433300
16.22916700
16.97120800
16.38729200
17.06770800
16.28833300
17.12566700
16.23950000
17.15458300
16.20679200
17.14350000
16.26512500
17.32870800
16.02862500
17.19370900
16.16670800
16.95975000
16.38683300
17.57895900
15.79737500
18.47583300
14.88758300
18.07020900
15.29345800
17.18175000
16.18025000
17.14641700
16.22533300
16.90879200
16.47720800
16.92050000
16.41404200
17.15737500
16.21725000
17.09091600
16.29158400
16.77870800
16.57208300
17.38716700
15.98466700
17.23879100
16.13120900
17.03033300
16.33658300
17.16662500
16.20833400
17.05800000
16.32437500
16.84500000
16.51445800
16.77425000
16.56458300
17.15816700
16.21750000
16.79179200
16.55966600
17.02554200
16.34516700
20.42916600
12.95629200
17.82020800
15.54558400
17.22270800
16.13300000
16.92425000
16.43329200
17.08525000
16.29929100
16.93029200
16.42987500
17.11937500
16.24554200
16.90033300
16.50700000
16.92650000
16.39191700
17.11029100
16.27575000
16.94395900
16.40720800
16.92141700
16.43762500
17.31387500
16.05733300
17.19125000
16.18025000
17.00504200
16.38241600
16.94708400
16.40483300
17.36033300
15.99583400
18.38912500
14.98712500
18.08200000
15.28429100
17.81629200
15.54891700
18.11729100
15.23812500
17.91954200
15.46129200
18.09829100
15.25600000
17.88370900
15.49408300
17.84620800
15.51158400
18.02191600
15.33450000
17.71712500
15.65887500
18.06495900
15.29120800
18.22408300
15.15400000
18.14733400
15.21512500
18.18108300
15.18908300
18.25508400
15.12050000
18.08608300
15.27541700
18.54187500
14.83962500
18.66604100
14.73079200
16.74450000
16.57854200
16.91170800
16.45166700
17.02229100
16.34062500
17.13370900
16.23612500
16.86600000
16.50554100
17.19150000
16.19170900
16.79616600
16.57808400
16.91625000
16.45779100
16.83104200
16.49700000
16.98558300
16.37762500
16.87391700
16.50345800
16.83650000
16.53300000
17.82945900
16.17229100
16.77037500
16.55666700
16.85462500
16.54566700
16.56295800
16.79720800
16.48066700
16.86287500
16.50358300
16.81100000
16.46341700
16.86816700
16.36045800
17.01658300
16.37829200
16.98537500
16.35983300
17.06479200
16.42841700
16.95595800
16.34279200
17.03883300
16.47270800
16.77787500
16.34683400
16.97225000
16.47329100
16.99375000
16.59875000
16.77920900
16.38512500
16.99504100
16.41070900
16.70954100
16.73012500
16.87033400
16.36620800
16.80487500
16.36179200
17.10433300
16.49454200
16.91225000
16.47820800
16.91512500
16.42658300
16.89395900
16.78070800
16.68779200
16.61566600
16.61708400
17.00645800
16.45887500
16.91154200
16.43075000
16.40491600
16.93216700
16.47266700
16.92350000
16.58354100
16.61745900
16.73195800
16.83258300
16.49025000
16.83308400
16.41550000
17.04333300
16.55158300
16.68858400
16.56441600
16.88837500
16.52608400
16.62445800
16.58462500
16.94870800
16.63300000
16.67616700
16.29170800
17.05200000
16.62237500
16.83541700
16.46575000
16.85237500
16.56729200
16.82362500
16.32375000
16.90091600
16.52108400
17.00733300
16.56608300
16.58629200
16.36045800
17.14008400
16.33341600
16.98145900
16.28741600
17.18833400
16.60929100
16.77337500
16.44925000
16.94441700
16.42691700
16.71716600
16.61654200
16.93266700
16.50437500
16.88737500
16.45516600
16.89275000
16.61516700
16.85583300
16.39562500
16.85708400
16.36908300
17.04441700
16.60166600
16.79625000
16.44462500
16.87620900
16.25991600
17.12437500
16.37845900
16.94166600
16.50741700
16.90466700
16.40695800
17.03804200
16.59495800
16.65062500
16.57591700
16.81475000
16.51308300
16.77712500
16.48479200
16.95295800
16.50591700
16.89291600
16.37020900
16.92154100
16.27125000
17.05791700
16.36554200
17.23550000
16.88129100
16.65791700
17.54670800
15.67683400
17.48629100
15.70645900
17.53741600
15.97804200
17.60616700
15.67291600
17.58537500
15.75295900
17.41579100
16.06391700
17.46008300
15.87262500
17.61966700
15.70304200
17.28379100
16.16929200
17.16579200
16.03354100
17.14845900
16.38025000
17.48416600
15.76183400
17.30183300
16.18487500
17.32133300
15.94795900
17.16387500
16.15204100
17.10208400
16.69516600
17.62816700
15.66737500
17.71791700
15.43691600
16.87595900
16.29620800
16.19925000
17.19950000
16.26687500
17.23816700
16.31670800
16.92654200
16.15670800
17.24345800
16.30783400
17.12450000
16.16987500
17.15458300
16.27566700
17.10404100
16.28475000
16.97066700
16.35904200
17.13804100
16.18850000
16.96245900
16.26687500
17.27450000
16.19891600
16.99066700
16.28637500
17.24925000
16.15333300
17.19900000
16.41237500
16.86975000
16.29541700
17.18416700
16.15758300
17.19537500
16.09245800
17.19554200
16.20779200
17.25204100
16.11283400
17.22925000
16.12279100
17.20833400
16.13633300
17.28300000
16.12850000
17.28525000
16.23250000
17.09516700
16.11487500
17.24229100
16.08504200
17.22558300
16.21662500
17.32066700
16.08791700
17.20766600
16.09270900
17.27408300
16.24279200
17.02183300
16.19429200
17.22225000
16.10962500
17.31366600
16.15137500
17.09037500
16.25945900
17.06812500
16.20320800
17.22616700
16.17704100
17.25845900
16.24800000
17.30800000
16.25970800
16.91308300
16.25700000
17.13341700
16.21879200
17.13750000
16.15450000
17.15612500
16.28483300
17.11529200
16.09554100
17.25600000
16.16362500
17.15516700
16.26437500
17.19570800
16.19720900
17.11983300
16.22054200
16.61566600
16.64300000
16.69708400
16.66350000
16.70391600
16.66091700
16.68166700
16.70916600
16.69629200
16.67204200
16.67912500
16.67737500
16.68937500
16.68620800
16.69241700
16.65087500
16.69433300
16.68100000
16.67145800
16.69258400
16.67650000
16.71158300
16.65500000
16.68129200
16.72316600
16.66700000
18.35612500
14.99520900
16.68812500
17.70466600
15.65687500
16.71754200
16.65641700
16.67808300
18.32908300
16.46166700
15.31079200
16.62445800
18.59745800
16.20029200
15.27516700
18.24937500
15.09875000
16.69437500
16.67437500
16.72695800
16.64937500
16.73475000
16.61845800
16.70008400
16.67175000
16.69812500
16.67783300
16.69879200
16.66370800
16.66800000
16.70304200
16.66670800
18.43758300
14.96108400
16.66308300
16.69104200
17.46320800
15.89212500
16.67858300
18.37829200
15.00391700
16.70650000
16.67841600
16.70770900
16.72504100
16.59691700
17.83525000
16.33195800
16.52970900
16.28462500
16.85600000
16.31483300
16.65375000
16.77458300
16.55358400
16.70620800
16.82583300
16.52429200
16.68033300
16.67816700
16.69212500
16.68279200
16.68379100
16.68687500
16.80420900
16.56741600
16.67287500
16.67366700
16.69075000
16.68475000
16.67600000
16.69325000
16.67541700
16.68100000
16.69916600
16.66545900
16.69583300
16.67175000
16.78516700
16.59429100
16.67970900
16.68704100
16.68158400
16.70866600
16.68795900
16.69304100
16.66541700
16.68812500
16.67787500
16.66012500
16.67829200
16.69829100
16.66804200
16.69729200
16.67887500
16.68287500
16.68241600
16.67420900
16.69925000
16.66725000
16.73900000
16.62966600
16.73379200
16.65983300
16.68108400
16.66512500
16.68258300
17.45908300
15.90812500
16.68233400
18.28604100
15.09620900
16.67254100
16.67475000
18.18775000
15.17804200
16.69137500
17.83358300
15.55812500
16.64925000
16.70608400
18.17208300
15.17608300
16.99120900
16.38354100
18.11950000
15.23504200
18.46083300
14.91358400
16.68029100
16.67950000
16.68050000
16.69254200
16.68604200
16.68266600
17.48820900
15.87066600
16.71029200
16.68795800
16.66650000
16.69195900
16.66054100
16.68595900
16.69154100
16.67091700
18.16745800
15.23691700
16.68145800
16.67562500
16.66062500
16.68629200
16.67737500
16.67533300
16.72587500
16.65583400
16.67983300
18.45187500
14.90666700
16.75270800
16.61504200
16.69604100
16.67079200
18.45612500
14.93925000
16.69041700
16.67266600
16.66508400
16.70533300
16.67695800
16.66754200
16.72116700
16.66854100
16.65462500
16.68545900
18.41920800
16.30487500
15.32429200
16.70341600
16.66608400
16.71287500
16.67662500
18.16545800
15.18150000
16.72666700
16.69000000
18.85075000
14.46179100
16.68475000
18.23908400
15.12908300
16.68700000
17.70937500
15.67462500
16.72004200
16.62720800
17.75929200
15.60583300
16.68300000
16.68345800
16.69862500
18.70466700
14.66354200
16.68983300
16.70391700
16.63816600
16.70587500
16.70512500
16.65195900
16.67100000
16.73687500
16.62866600
16.68650000
16.67366700
18.29216700
16.83479100
14.94250000
16.67270900
16.68145800
16.69966700
16.67420800
16.70300000
16.68858300
18.21375000
15.12333400
16.73295800
16.62616700
16.70904100
16.68095900
16.67254100
16.69745900
16.68554100
18.19208400
15.14387500
16.69533300
16.70725000
16.67008300
16.70120900
18.28083300
15.04812500
16.71158300
16.66312500
16.68825000
18.20112500
15.31283400
16.55600000
16.65637500
16.68258300
16.70800000
16.70800000
17.98412500
15.33870800
17.72158400
15.68400000
16.63987500
16.69291600
16.67191700
17.71800000
15.64125000
16.68425000
16.69408300
16.67383400
16.69491600
16.67170900
18.32545800
15.05612500
16.68370800
16.70483400
16.67087500
16.69166600
18.40733400
14.93179100
16.71275000
16.65004200
16.80162500
17.74241700
15.52558300
17.92420800
16.15479200
16.21787500
16.77658300
16.72220900
16.29483300
16.74183300
16.75683400
16.54575000
16.68945800
16.68445800
16.67016700
16.68483300
16.68233400
16.68333300
16.68966700
16.67883300
16.67591700
16.70320800
16.66375000
16.69575000
16.68162500
16.68316700
16.67779100
16.67941700
16.69220800
16.68475000
16.69212500
16.67208400
16.67370800
16.69212500
16.69729200
16.72279100
16.75975000
16.56700000
16.67037500
16.68604200
16.68537500
16.70908300
16.68520900
16.64554100
16.68466700
16.69037500
16.68750000
16.68091700
16.70412500
16.65279100
16.69387500
16.69441700
16.66529200
16.68279100
16.70283400
16.67650000
16.67541600
16.68570900
16.67345800
16.68720800
16.70433400
16.69658300
16.67529200
18.50866600
14.82950000
16.71900000
16.65529200
18.19758300
15.38833400
16.48037500
16.68400000
16.67275000
16.66570800
16.70929200
16.68745800
16.65983300
16.68991700
18.25737500
15.12987500
16.67791700
16.66266600
16.68529200
16.69783300
18.45154200
14.91358300
16.67154200
16.67550000
18.34220800
15.02737500
16.67920900
16.71316600
16.65812500
16.69470900
16.69375000
16.69850000
18.03395800
15.29504200
16.70650000
18.34854100
15.02929200
17.55600000
15.77854200
16.68391600
16.72320900
17.87233300
15.44808300
16.71308400
16.69450000
16.64795800
16.72033300
16.66291700
16.66812500
16.68483300
16.67587500
16.68479200
16.69750000
16.70758300
17.62183400
15.71120800
16.67558300
16.70045900
16.68908300
16.70858300
16.65825000
18.29529200
15.05200000
16.68600000
16.70295800
16.65629200
16.69158300
16.74770900
16.65175000
16.64945800
17.76058300
15.60962500
16.70775000
18.61691700
14.77887500
16.62962500
16.69054200
16.68166600
16.67045900
18.61383300
14.75879200
16.71366600
16.65137500
18.36466700
16.49600000
15.19070800
16.70779200
16.68420800
16.70775000
17.93066700
15.40858300
16.65870900
18.95000000
3618.04037500
16.67841600
16.67829200
17.78862500
21.89883300
17.66387500
20.04291700
20.12533300
20.15725000
17.43620900
16.04483300
16.17933300
14.46125000
14.14262500
14.01612500
14.33458400
14.32579100
13.83579200
14.50825000
16.67470800
16.66879200
16.68087500
16.69295800
16.68016700
16.66716700
16.68150000
16.70237500
16.67804100
16.69166700
16.67554200
16.67012500
16.69162500
16.67175000
16.69783300
16.68087500
16.68375000
16.68454200
16.70333300
16.66729200
16.66766600
16.70066700
16.67179200
16.69000000
16.71700000
16.65366600
16.72800000
16.67929200
16.69491700
16.64625000
16.69412500
16.71662500
16.66962500
16.66175000
16.66300000
16.71925000
16.67325000
16.66429100
16.69200000
16.69883400
16.64708300
16.69450000
16.73900000
16.64391700
16.79454100
16.80070900
16.52675000
16.56716600
16.73437500
16.63958400
16.69591600
16.74150000
16.67270900
16.64037500
16.78675000
16.56137500
16.77237500
16.81095800
16.54029200
16.77245800
16.57604200
16.77383300
16.66350000
16.75379200
16.51612500
16.66162500
16.68466600
16.70287500
16.70675000
16.83195900
16.65183300
16.52512500
16.68062500
16.91404200
16.67895800
16.73670800
16.53937500
16.71954200
16.75158300
16.66925000
16.73362500
16.57591700
16.72295800
16.46670900
16.90579100
16.62437500
16.65720900
16.82533300
16.82637500
16.66395800
16.67454200
16.42512500
16.75712500
16.85058300
16.67020900
16.84100000
16.63512500
16.53787500
16.82866600
16.59275000
16.32004200
16.86345800
16.72604200
16.79458300
16.71087500
16.74458400
16.66854100
16.91191700
16.51837500
16.72737500
16.52491700
16.55941600
16.91504200
16.61379200
16.69945800
16.66945800
16.73283400
16.83887500
16.59620800
16.57162500
16.85479200
16.14520800
17.05108300
16.70954200
16.66616700
16.68458300
16.68016700
16.74070800
16.61575000
16.78179200
16.65195800
16.60304200
16.57558300
16.61858300
16.75966700
16.43204200
17.27287500
16.48508300
16.68804200
16.58950000
16.71212500
16.71333300
16.75366700
16.62658300
16.61095800
16.64520900
16.60033300
16.81483300
16.77337500
16.62166700
16.54391700
16.83870800
16.69195800
16.67662500
16.72987500
16.62216700
16.73925000
16.65666700
16.70008300
16.61579200
16.72879100
16.64641700
16.93150000
16.79704200
21.02637500
14.61629100
13.72416700
16.85579200
16.97004100
16.53983400
16.83408300
16.61875000
16.66633300
16.64150000
16.79808400
16.58575000
16.72520800
16.64020800
16.74325000
16.82279200
16.50900000
16.69854200
16.59870800
16.36608300
17.00491700
16.60083300
16.78970900
16.54000000
16.74395800
16.80833300
16.54116700
16.79341700
16.56562500
16.75945800
16.67870800
16.64729200
16.75325000
17.01245800
16.33304200
16.69104200
16.65783300
16.55479200
16.59308300
16.81229200
16.65825000
16.64866600
16.65358400
16.73900000
16.63708300
16.69066700
16.67345800
16.68400000
16.73841700
16.65529100
16.70108400
16.65383300
16.65329200
16.68554100
16.67604200
16.73879200
16.70295800
16.71779200
16.70395800
16.55800000
16.51812500
16.88420800
16.68208400
16.70050000
16.61537500
16.78108300
16.74750000
16.46458300
16.69783400
16.99591600
16.50458400
16.69362500
16.84629100
16.55037500
16.66550000
16.86133400
16.55933300
16.78308300
16.73350000
16.57237500
16.70716700
16.62237500
16.79495800
16.60225000
16.79666700
16.62279200
16.62395800
16.66987500
16.66950000
16.73183300
16.81941700
16.58858300
16.64808400
16.85745800
16.63712500
16.72387500
16.59300000
16.60725000
16.75458300
16.56341700
16.81366700
16.70979100
16.44854200
16.67879200
16.75320800
16.89770800
16.48687500
16.82670900
16.66970800
16.73558300
16.66104200
16.67291700
16.68420800
16.70416700
16.67154100
16.70412500
16.76245900
16.47620800
16.82195800
16.73512500
16.51329200
16.89366700
16.66541600
16.68391700
16.64120800
16.70279200
16.62300000
16.75133300
16.64141700
16.65495800
16.82708400
16.67895800
16.54183300
16.83312500
16.48837500
16.84529200
16.64129200
16.66645800
16.66329200
16.57787500
16.91566600
16.45854200
16.86433300
16.68108400
16.74400000
16.63895800
16.68037500
16.69800000
16.63766700
16.64091600
16.78250000
16.57516700
16.84220800
16.65904200
16.74008300
16.64533400
16.58937500
16.58591600
16.71983400
16.72370800
16.62629200
16.68600000
16.66179100
16.79312500
16.63262500
16.67791700
16.67041700
16.45362500
16.93204100
16.64045900
16.77825000
16.59200000
16.69641600
16.65541700
16.70375000
16.66954200
16.74483300
16.64895800
16.68262500
16.69587500
16.65866700
16.69175000
16.73275000
16.64475000
16.62641700
16.80116600
16.64812500
16.68591700
16.62158300
16.64304200
16.69887500
16.67070800
16.82187500
16.67191700
16.58629200
16.74550000
16.70166600
16.63804200
16.72225000
16.73670800
16.59733400
16.76020800
16.56066700
16.66762500
16.73979100
16.68191700
16.64562500
16.68208300
16.76816700
16.65658300
16.68529200
16.66066700
16.68579100
16.65554200
16.71175000
16.68000000
16.65450000
16.64333300
16.69129200
16.87045800
16.49966700
16.67870800
16.86004200
16.49254200
16.69783300
16.93237500
16.55316700
16.57125000
16.61666600
16.63004200
16.58004200
16.95500000
16.34583300
16.61466700
16.79516600
16.73041700
16.60137500
16.78783300
16.59529200
16.66716700
16.72391600
16.40954200
16.75850000
16.70362500
16.59741700
16.71216600
16.63554200
16.70729200
16.65950000
16.70116600
16.69375000
16.65629200
16.72212500
16.65775000
16.66825000
16.68662500
16.68662500
16.67650000
16.70600000
16.69450000
17.25133300
16.48716700
16.28833300
16.66958400
16.68095800
16.68383300
16.69908400
16.68283300
16.68550000
16.67287500
16.68304200
16.69350000
16.69545800
16.67858300
16.67391700
16.68675000
16.68129200
16.68804100
16.66741700
16.67879200
16.68770800
16.67791700
16.70241600
16.66754200
16.69633300
16.67679200
16.68787500
16.69158300
16.66137500
16.71691700
16.67400000
16.66775000
16.67529200
16.71354100
16.66045900
16.70641600
16.91437500
16.46737500
16.66775000
16.66566700
16.72250000
16.64404200
16.68675000
16.70020800
16.69437500
16.69962500
16.67337500
16.66220800
16.66654200
16.68004200
16.68987500
16.73412500
16.77583300
16.74458300
16.49195900
16.69341600
16.71129200
16.68120800
16.66483400
16.65545800
16.68208300
16.68695900
16.68200000
16.67400000
16.67583300
16.84425000
16.53662500
16.68866700
16.69387500
16.71520800
16.64541700
16.66987500
16.69337500
16.67641600
16.68595900
16.69837500
16.70029100
16.64170900
16.73991600
16.63433400
16.68495800
16.70208300
16.64962500
16.70129200
19.80695800
13.59725000
16.66283400
16.65608300
16.71345800
16.66150000
16.69170900
16.66954100
16.70470900
16.66412500
16.67645800
16.69591700
16.68012500
16.67262500
16.68433300
16.69337500
16.71412500
16.97795800
16.34904200
16.82204200
16.63470800
16.77425000
16.51120800
16.68116700
16.70641700
16.78429100
16.64070900
16.59466600
17.06312500
16.30275000
16.68541700
17.10995800
17.00550000
16.30883400
16.97595800
16.05012500
16.75550000
16.78325000
16.48325000
16.68941700
16.69445800
16.68258300
16.66754200
16.69012500
16.70500000
16.66454200
16.69537500
17.07762500
16.88420800
16.94775000
16.55625000
16.46091700
17.24245800
15.97687500
16.46462500
17.43137500
16.13316700
17.12341600
17.36191700
15.84679200
18.00279100
15.29225000
16.61766700
17.74195800
16.08608400
16.59662500
17.16958300
16.01433300
16.78250000
16.71112500
16.24020900
16.40895800
16.67291700
16.59425000
16.93908300
16.54908300
16.57233400
17.42450000
16.54925000
17.08258300
15.87091700
16.71762500
16.60266600
17.02662500
16.17229200
17.10750000
16.25429200
16.69341600
16.67708400
16.70437500
16.69141600
16.71879200
16.64808300
16.90570900
16.43666600
16.69970900
16.67579100
16.69037500
16.67775000
16.66083400
16.70683300
16.65691700
16.69300000
16.72316600
16.65287500
16.67175000
17.41200000
15.97995900
17.11929100
16.25212500
16.70020900
16.66470800
16.65008300
16.69391700
16.68083300
16.70883400
16.77725000
16.58020800
17.51470800
16.97850000
15.55329200
16.67295800
17.16616700
17.37012500
15.52604200
16.65670800
16.68620800
16.69687500
16.66637500
16.69341700
16.68216700
16.66837500
16.68270800
16.68737500
16.71104200
16.66862500
17.02216600
16.33525000
16.67625000
16.69883400
16.67333300
16.67804200
16.88579100
16.49525000
16.66979200
16.70325000
16.68016700
16.67045800
16.68454200
16.70416600
16.68291700
16.80733300
16.54566700
16.67908300
16.68512500
16.68225000
16.68537500
16.70595900
16.67233300
16.68850000
16.72483300
16.62087500
16.87908400
16.50733300
16.67725000
16.68870800
16.68850000
17.42575000
15.92108400
17.68891600
15.79583400
16.56945800
16.68725000
16.72229200
16.63479100
16.69120900
16.69754100
16.74416700
16.60008300
16.70150000
16.67945900
16.69433300
16.68520800
16.65441700
16.69820800
16.71987500
16.71362500
16.67091700
16.61979200
16.74075000
16.64012500
16.67575000
16.75129100
16.60133400
16.71404100
16.71516700
16.63395800
16.77183400
16.59404100
16.69062500
16.72470900
16.62858300
16.68512500
16.75816700
16.64208300
16.73558300
16.60841700
16.67870800
16.70987500
16.67458400
16.76008300
16.58654200
16.68291600
16.77420900
16.60604100
16.66112500
16.69154200
16.71550000
16.63920800
17.45291700
17.04737500
15.58733300
16.65925000
16.69787500
16.68629200
16.65108300
16.93670900
16.44720800
16.68500000
16.74400000
16.60183300
16.68612500
16.77204200
16.65316700
16.63604100
16.74837500
16.62041700
16.73295800
16.73358400
16.57295800
16.71900000
16.65429200
16.67504100
16.76087500
16.67500000
16.62041700
16.69312500
16.67562500
16.75125000
16.62662500
16.74104200
17.09829100
16.46708400
16.52116600
16.66037500
16.63945900
16.70395800
16.70016700
16.64204100
16.72204200
16.63600000
16.71670800
16.72045900
16.66291600
16.68333400
16.70483300
16.69733300
16.84250000
16.46604200
16.68862500
16.73883300
16.61675000
16.79470900
16.58245800
16.71554200
16.69266600
16.64933400
16.71383300
16.71770800
16.61125000
16.81487500
16.58029200
16.70695800
16.73854200
16.61891700
16.64333300
16.68854200
16.76716600
16.74391700
16.57016700
16.69212500
16.90116600
16.42512500
16.67008400
16.82950000
16.58958300
16.71737500
16.68370800
16.63595900
16.71095800
16.70237500
16.62229200
16.77662500
16.64520800
16.62970800
16.67679200
16.72520800
16.72150000
16.58320900
16.80229100
16.58383400
16.67291600
16.79475000
16.52112500
16.80479200
16.64250000
16.67658300
16.68729200
16.76141700
16.60633300
16.75891700
16.76904100
16.46587500
16.69579200
16.63737500
16.67066700
16.68179100
16.69470900
16.67266600
16.68679200
16.75145800
16.61537500
16.69437500
16.68629200
16.66991700
16.69458300
16.68795800
16.67937500
16.67945900
16.68254100
16.67562500
16.69312500
16.68287500
16.66845900
16.70329100
16.68141700
16.66725000
16.70162500
16.67033300
16.67845900
16.69487500
16.68270800
16.68895800
16.69345900
16.65825000
16.72308300
16.65220800
16.70833400
16.66475000
16.68920800
16.68775000
16.67620800
16.69075000
16.71925000
16.66087500
16.65825000
16.72087500
16.64375000
16.69779200
16.66079200
16.71016600
16.67062500
16.67758400
16.69470800
16.67125000
16.68212500
16.68154200
16.69495800
16.67429200
16.68329100
16.67933400
16.69166600
16.68225000
16.67754200
16.68345800
16.69204200
16.68729200
16.66950000
16.68408300
16.68300000
16.69512500
16.67475000
16.67950000
16.69820800
17.19420900
16.17475000
16.67354100
16.68720900
16.67754100
16.69591700
16.81270800
16.55066700
16.67166700
16.71154100
16.68312500
16.65279200
16.69104200
16.69204100
16.66512500
16.75320900
16.68900000
16.61587500
17.24075000
21.06800000
17.11362500
20.34512500
16.41012500
15.98595800
17.59616700
18.93316600
15.79325000
16.20129200
16.26700000
16.36933300
16.17025000
14.85604200
14.51908300
14.88141700
14.52145800
16.01800000
16.79404200
16.57316700
16.68170800
16.70533300
16.67587500
16.69058400
16.67341600
16.68345900
16.69316600
16.67370900
16.70154100
16.66033400
16.72758300
16.68908300
16.63583400
16.68075000
16.78929100
16.63500000
16.62508400
16.69200000
16.70450000
16.65175000
16.71200000
16.65800000
16.71800000
16.64225000
16.73358300
16.64500000
16.67837500
16.68833300
16.68962500
16.70887500
16.65400000
16.68708400
16.67662500
16.68283300
16.68070800
16.67620900
16.69437500
16.67904100
16.68679200
16.67133300
16.69245900
16.68258300
16.69520800
16.67291700
16.67450000
16.69325000
16.68241700
16.67866600
16.68995900
16.71112500
16.65250000
16.70229100
16.66450000
16.69404200
16.68250000
16.67600000
16.68487500
16.68204200
16.69154100
16.69116700
16.68029200
16.66645800
16.69358300
16.68212500
16.68320900
16.68754100
16.66208400
16.69929100
16.66945900
16.67991600
16.71170900
16.66320800
16.68754200
16.67808300
16.67866700
16.69458300
16.68320800
16.67841700
16.68366700
16.67654100
16.69837500
16.73037500
16.62070900
16.69229100
16.67733400
16.68279100
16.68416700
16.67445800
16.68862500
16.68666700
16.67333300
16.68487500
16.69037500
16.67570900
16.71400000
16.66887500
16.67241600
16.69550000
16.67041700
16.67983300
16.69233400
16.69333300
16.66591700
16.70145800
16.68679200
16.67295800
16.68466700
16.68166600
16.68525000
16.68083400
16.68050000
16.68350000
16.67195800
16.68658300
16.68525000
16.68704200
16.68504200
16.69670800
16.67087500
16.71770800
16.65550000
16.67683400
16.69641600
16.68158400
16.68345800
16.67862500
16.67729200
16.68350000
16.68412500
16.68670800
16.70654200
16.64908300
16.68900000
16.67745800
16.69395900
16.68175000
16.68533300
16.67795800
16.68458400
16.68358300
16.69466700
16.68129100
16.66829200
16.69304200
16.67354100
16.70566700
16.67995800
16.69183400
16.67000000
16.68587500
16.67725000
16.68200000
16.68491600
16.68566700
16.67620800
16.67670900
16.73675000
16.66170800
16.67404200
16.67550000
16.68091600
16.67058400
16.72287500
16.71520800
16.63670800
16.70995900
16.63579100
16.77658400
16.59279100
16.71900000
16.65066700
16.69208300
16.66741700
16.68691700
16.73295800
16.72395800
16.62691700
16.66333300
16.66837500
16.70791700
16.67212500
16.67629200
16.68408300
16.68979200
16.67512500
16.68708300
16.67045800
16.70833400
16.67033300
16.67304200
16.68183300
16.69795800
16.67562500
16.68408400
16.68237500
16.68087500
16.70204100
16.68491700
16.69270800
16.65108400
16.68191600
16.74741700
16.62500000
16.69791700
16.66683300
16.70016700
16.72216600
16.67233400
16.64462500
16.68029100
16.67904200
16.69825000
16.69395800
16.68545900
16.66170800
16.70237500
16.66195800
16.67987500
16.69404200
16.86258300
16.49441700
16.79600000
16.60679200
16.69904100
16.64629200
16.73466700
16.61866600
16.69129200
16.68025000
16.67720800
16.70533400
16.66116600
16.68137500
16.68933400
16.67537500
16.69304100
16.68779200
16.67079200
16.70462500
16.66200000
16.68483300
16.67620800
266.94712500
16.68737500
16.70129200
16.64229200
16.72520800
16.67991700
16.68120800
16.64875000
16.73945800
16.64316700
16.67345800
16.66483400
16.70595800
16.68229200
16.70475000
16.65545800
16.68045800
16.72616700
16.63370800
16.69887500
16.66725000
16.73641700
16.66800000
16.65558300
16.69666700
16.68770800
16.66645900
16.68562500
16.69558300
16.67158300
16.69033400
16.68125000
16.68416600
16.67362500
16.67095900
16.68033300
16.68487500
16.70250000
16.66266700
16.70354100
16.68250000
16.67983400
16.68504100
16.68300000
16.68429200
16.68341700
16.68350000
16.68604100
16.68016700
16.68587500
16.68045800
16.68987500
16.67641700
16.66691700
16.68308300
16.69900000
16.68512500
16.68437500
16.68220800
16.66575000
16.68375000
16.69766700
16.67279200
16.70170800
16.68608300
16.68795900
16.67454100
16.68712500
16.66820900
16.71241600
16.68495900
16.65258300
16.69366700
16.71329100
16.66991700
16.68900000
16.66104200
16.71462500
16.64045800
16.69245800
16.67712500
16.67870900
16.70541600
16.69475000
16.65516700
16.70845800
16.66150000
16.69945900
16.69437500
16.65929100
16.69254200
16.67854200
16.67966600
16.71191700
16.64287500
16.73966700
16.65420800
16.68395800
16.67137500
16.68787500
16.67266700
16.72512500
16.63908300
16.69262500
16.67562500
16.67654200
16.73004200
16.67437500
16.68341600
16.66279200
16.67066700
16.70054100
16.65683400
16.70508300
16.67270800
16.67904200
16.70308300
16.66104200
16.71316700
16.66550000
16.67316600
16.70020900
16.67187500
16.69950000
16.67450000
16.69383300
16.66045800
16.70987500
16.66662500
16.69725000
16.65912500
16.71087500
16.66033400
16.71862500
16.66345800
16.67812500
16.72600000
16.65741700
16.68270800
16.65483300
16.67991700
16.68912500
16.71400000
16.64891700
16.72195800
16.69075000
16.66633300
16.67200000
16.66391700
16.69462500
16.67983300
16.68966700
16.69816700
16.70370800
16.63245800
16.69441700
16.66866700
16.68945800
16.68733300
16.68654200
16.68370800
16.68479200
16.68691700
16.67029100
16.70512500
16.70083400
16.64241600
16.68925000
16.67537500
16.69541700
16.68250000
16.68554200
16.68175000
16.67970800
16.68412500
16.67275000
16.68458300
16.69712500
16.67754200
16.67987500
16.68720800
16.70504200
16.66862500
16.68708300
16.67970900
16.67779100
16.69495900
16.67304100
16.68120900
16.72445800
16.65012500
16.67737500
16.68216700
16.68066600
16.68829200
16.66775000
16.73558300
16.65275000
16.66233400
16.70266600
16.70787500
16.68695900
16.65141600
16.67062500
16.70058400
16.66137500
16.71933300
16.67962500
16.69575000
16.71029200
16.64170800
16.66395800
16.67612500
16.68762500
16.68887500
16.66950000
16.69225000
16.67258400
16.69212500
16.68275000
16.68512500
16.68158300
16.68545800
16.68237500
16.68375000
16.68037500
16.67933400
16.72191600
16.64054200
16.69116700
16.68654100
16.68187500
16.68350000
16.68329200
16.68304200
16.68245800
16.68295800
16.68400000
16.68279200
16.67583300
16.69166700
16.68779200
16.80633300
16.57233300
16.67462500
16.67291700
16.73804200
16.68654100
16.63283400
16.68041600
16.71766700
16.67100000
16.66387500
16.67804200
16.71483300
16.65345800
16.71170900
16.67450000
16.65995800
16.68491700
16.69595800
16.71254200
16.65233300
16.68725000
16.68475000
16.67008300
16.68283400
16.71062500
16.66920800
16.67658300
16.69920900
16.68041600
16.69304200
16.71887500
16.62562500
16.77625000
16.62400000
16.68275000
16.64858300
16.69841700
16.66870800
16.68570900
16.69533300
16.70095800
16.65300000
16.67854200
16.71370800
16.64916700
16.72237500
16.66745800
16.65920900
16.72862500
16.64166600
16.68608400
16.73162500
16.64595800
16.70675000
16.64262500
16.69375000
16.67987500
16.71933300
16.69087500
16.65337500
16.69358400
16.65758300
16.68116700
16.68108300
16.70083300
16.66995900
16.68445800
16.69145800
16.71254200
16.64904200
16.67625000
16.68645800
16.70079200
16.67712500
16.67100000
16.68204100
16.75354200
16.63183300
16.68845900
16.66316600
16.71662500
16.68954200
16.63562500
16.68591700
16.68362500
16.69683300
16.69000000
16.68666700
16.66900000
16.70750000
16.64820800
16.72491700
16.65762500
16.67616600
16.69562500
16.65916700
16.69612500
16.71062500
16.65645800
16.68375000
16.71308400
16.68487500
16.65008300
16.69616700
16.72879100
16.62166700
16.71500000
16.65616700
16.68700000
16.67137500
16.70866600
16.68070900
16.69675000
16.69329100
16.64854200
16.70729200
16.64870800
16.75362500
16.64433300
16.68245900
16.68129100
16.67804200
16.66670800
16.67925000
16.68145900
16.71525000
16.66345800
16.67116700
16.73020800
16.63345800
16.72012500
16.64695900
16.70054100
16.69033400
16.68325000
16.71229100
16.63058400
16.69391600
16.69129200
16.67362500
16.71291700
16.70412500
16.63708300
16.70983300
16.64337500
16.68891700
16.68187500
16.68441700
16.67425000
16.69350000
16.67920800
16.68587500
16.67975000
16.68350000
16.67700000
16.68466700
16.68841600
16.68687500
16.68262500
16.68262500
16.68287500
16.68487500
16.68275000
16.68083400
16.68379100
16.68045900
16.67945800
16.68987500
16.68541700
16.68291600
16.68470900
16.67995800
16.68516700
16.68116600
16.68283400
16.69833300
16.70133300
16.72762500
16.61650000
16.70575000
16.65570900
16.70170800
16.71516700
16.64229100
16.70791700
16.64770800
16.68120900
16.68562500
16.72775000
16.66279100
16.67941700
16.66637500
16.68375000
16.68158300
16.70525000
16.68033400
16.71162500
16.66995800
16.64291700
16.71766600
16.66779200
16.67770800
16.67275000
16.74283400
16.64433300
16.69445800
16.67841700
16.68541700
16.66125000
16.67812500
16.68941600
16.70954200
16.66633300
16.71287500
16.65183400
16.68687500
16.67337500
16.70408300
16.66141700
16.67783300
16.69887500
16.66287500
16.70687500
16.70104200
16.65387500
16.67112500
16.69987500
16.67233300
16.68454200
16.68970800
16.70695800
16.64895900
16.71629100
16.65670900
16.69570800
16.68241700
16.69566600
16.68479200
16.66212500
16.67600000
16.68120800
16.68962500
16.69325000
16.69729200
16.66737500
16.68604200
16.69741600
16.68079200
16.69000000
16.68529200
16.66341600
16.66750000
16.68820900
16.70733300
16.66929200
16.68108300
16.68054200
16.67250000
16.71004100
16.67854200
16.66995800
16.69904200
16.66262500
16.68587500
16.68245800
16.69304200
16.68437500
16.72250000
16.63975000
16.67558300
16.68029200
16.71183300
16.65391700
16.72429200
16.64054100
16.69308400
17.80041600
15.59437500
16.66408400
16.69150000
16.66720800
16.67179200
16.72070800
16.67370800
16.70875000
16.62975000
16.70262500
16.67566700
16.67045800
16.69512500
16.68137500
16.70700000
16.64979200
16.69766700
16.67170800
16.70608300
19.19570900
14.16112500
16.69812500
16.66570800
16.69245800
16.72954200
16.62587500
17.49095800
15.88700000
16.67266700
16.68983300
16.69183400
18.30029100
15.06620900
16.66645800
18.51125000
14.86358300
16.74279200
16.62554200
16.79900000
21.01825000
12.31408300
16.61195800
16.67150000
16.73158400
16.64158300
16.72012500
16.64783300
16.71233400
16.65666600
19.16120900
14.21020800
16.70370800
16.65800000
16.71408400
16.65841600
16.70358400
18.81000000
14.50691600
16.68858400
16.67716600
16.69091700
18.04029200
15.35125000
16.67637500
16.65658300
16.70745800
16.68854200
16.68137500
16.66558300
17.50379200
15.89441700
16.66879100
18.68770900
14.67395800
16.65929200
16.69437500
17.01391600
17.60020900
16.54125000
16.40829100
16.67912500
16.43245900
16.44550000
16.64579100
16.74179200
16.65295800
16.66945900
16.59262500
16.69208300
17.44637500
16.78679200
17.69062500
15.03291600
16.77845900
16.56041600
16.75370900
16.67537500
16.64708300
17.03158300
15.88608400
16.73970800
1052.19920800
15.53270900
16.64787500
16.66979100
16.68358400
16.91975000
16.45600000
16.69454100
16.66862500
16.71783400
16.70620800
16.62120800
16.69366700
17.20200000
16.18641700
16.67950000
16.65825000
16.69408300
16.70808300
16.64900000
16.73341700
16.65866700
16.66612500
16.67875000
16.68683300
16.68079200
16.68345800
16.69083300
16.67125000
16.68766700
16.67175000
16.69450000
16.70479200
16.66170800
16.68266700
16.69108300
16.69720800
16.65816700
16.70912500
16.67425000
16.68204200
16.66462500
16.70604100
16.65350000
16.68395900
16.71329100
16.66045900
16.70929100
16.66816700
16.67545800
16.71025000
16.66241700
16.67875000
16.68545800
16.68358400
16.67779100
16.71595900
16.64850000
16.68354100
16.68029200
16.69266700
16.67437500
16.71075000
16.66641600
16.67483400
16.67770800
16.69645800
16.67383400
16.68575000
16.69983300
16.68137500
16.67637500
16.68075000
16.68558300
16.68212500
16.67700000
16.69233400
16.67308300
16.68583300
16.71041700
16.65879200
16.68062500
16.68787500
16.68641600
16.67950000
16.67508400
16.71491600
16.65820900
16.69325000
16.70091600
16.65395900
16.69400000
16.68587500
16.66866600
16.68625000
16.68625000
16.68445900
16.70758300
16.66654200
16.66479100
16.70366700
16.67129200
16.68295800
16.67550000
16.69500000
16.67220800
16.69162500
16.67412500
16.68654200
16.70045800
16.67995900
16.67337500
16.68520800
16.68525000
16.72608300
16.70479200
16.62545800
16.66987500
16.67991700
16.68654200
16.69612500
16.67870800
16.68062500
16.67433300
16.69387500
16.68070900
16.67666600
16.68808400
16.69129100
16.68112500
16.67870900
16.68308300
16.67416700
16.69475000
16.68091600
16.67066700
16.69966700
16.67141600
16.69604200
16.68404200
16.68058300
16.67245800
16.68333400
16.69400000
16.66991600
16.69600000
16.69162500
16.67875000
16.68079200
16.70725000
16.65987500
16.68150000
16.68887500
16.68487500
16.69975000
16.66029200
16.67891600
16.68870900
16.67866600
16.68008400
16.71008300
16.66204200
16.67779100
16.68795900
16.68804100
16.67220900
16.69366600
16.69479200
16.67391700
16.67875000
16.68987500
16.68454100
16.67629200
16.68445800
16.67954200
16.68441700
16.68337500
16.68158300
16.69016700
16.67950000
16.68533300
16.68645800
16.67487500
16.68583400
16.68070800
16.68079200
16.75970800
16.60587500
16.68800000
16.69512500
16.67604200
16.67737500
16.69537500
16.69100000
16.68354100
17.75995900
15.58737500
16.68983300
16.67829200
16.68833300
16.69441700
16.67475000
16.68800000
16.70462500
16.65800000
16.67437500
16.67904100
16.69408400
16.68641600
16.70025000
16.66625000
16.68891700
16.70116700
16.65591600
16.68362500
16.68166700
16.68650000
16.68954200
16.66800000
16.69495800
16.68379200
16.70287500
16.65758300
16.68291700
16.70312500
16.67662500
17.06925000
16.33116600
16.65520900
16.81762500
16.53716600
16.76850000
16.59700000
16.69725000
17.15508400
16.62479100
19.44341700
17.37795800
16.82375000
15.30987500
15.53254200
15.17916700
17.39916600
16.03520900
16.66766600
16.77654200
16.59258300
16.72316700
16.59987500
16.67695800
16.75670900
16.60887500
16.68766600
16.69966700
16.65475000
16.69225000
16.69583300
16.66120900
16.68833300
16.69687500
16.66866700
16.67416600
16.70666700
16.67204200
16.70804100
16.67691700
16.68179200
16.76887500
16.92770800
16.34933300
16.68150000
16.67208400
16.68216600
16.69920900
16.67983300
16.66737500
16.68962500
16.68945800
16.69879200
16.65904200
16.69087500
16.69679100
16.66454200
16.68070800
16.68683400
16.69900000
16.66645800
16.68091700
16.68700000
16.67954100
16.68116700
18.51800000
19.86604200
15.46970800
15.09183300
15.93075000
15.30620900
16.87462500
16.52266600
16.63641700
17.61641700
15.68966600
16.68454200
16.68225000
16.67079200
16.69650000
16.67329100
16.67979200
16.68595800
16.67670900
16.68533300
16.68058300
16.68429200
16.69687500
16.67750000
16.69595800
16.66483400
16.69987500
16.67016600
16.67845900
16.68283300
16.69108300
16.69820900
16.67800000
16.66891600
16.68575000
16.67879200
16.70441700
16.68200000
16.66666600
16.69600000
16.67008400
16.69275000
16.68583300
16.71175000
16.66333300
16.67170900
16.69004100
16.69979200
16.68233300
16.68620900
16.65250000
16.72083300
16.65862500
16.67020800
16.70404200
16.66875000
16.67866700
16.70466600
16.68291700
16.66091700
16.69645800
16.68754200
16.66433300
16.69650000
16.67533300
16.73312500
16.62950000
16.70258400
16.67970800
16.70220800
16.65604200
16.75479200
16.62700000
17.13337500
16.34783300
16.56833300
16.68437500
16.66983400
16.67870800
16.68312500
16.70129200
16.66625000
16.70541600
16.67137500
16.67283400
16.69691600
16.71279200
16.66462500
16.66695800
16.68137500
16.68758400
16.67529100
16.69937500
16.68875000
16.67120900
16.67404100
16.69133400
16.67820800
16.68420800
16.68370900
16.67941600
16.69254200
16.67745800
16.69825000
16.66545900
16.70045800
16.68237500
16.66670800
16.70729200
16.65541700
16.71012500
16.67820800
16.67441700
17.53550000
15.82604100
16.68300000
16.68450000
16.67658400
16.69095800
16.74391700
17.94229100
15.36141700
16.72454200
16.64562500
16.67691600
16.68175000
16.69158400
16.67308300
16.71070800
16.66937500
16.68570900
16.67945800
16.67141700
16.68804100
16.68845900
16.68654100
16.67762500
16.68462500
16.67537500
16.69183400
16.67300000
17.29983300
17.50612500
22.05704200
20.92362500
16.52729100
16.91091700
17.53583300
17.99587500
17.61037500
17.83895900
16.52145800
16.79637500
18.45975000
18.83462500
18.46050000
19.34300000
20.64195800
19.30308400
19.59291600
20.02608400
19.45712500
22.10691600
21.60541700
24.42608300
23.55212500
20.23995900
30.33354100
35.53254200
22.20412500
22.74079200
32.82137500
32.68679100
30.85704200
29.59062500
25.29820800
22.47725000
23.10100000
23.05350000
23.14554200
32.16595800
23.42016700
20.30008300
18.78854200
20.04245800
22.01775000
22.09129200
22.57500000
27.30537500
31.61312500
25.10054200
26.45558300
27.60512500
26.87741700
30.26391600
37.37562500
30.81225000
29.59470900
25.35958300
27.93416700
21.66091600
38.79425000
20.00504200
19.88391700
19.90770800
17.24200000
17.19050000
16.70591700
16.40545800
15.95250000
15.73258300
14.72166700
14.64208300
14.72275000
14.52066700
14.07145800
13.33254200
13.35420800
14.61620900
13.77362500
14.07345800
