27.15258300
26.22858300
33.58200000
30.34587500
34.29416700
39.25008300
34.34504200
30.89041700
31.74479100
31.54158400
30.62962500
31.65666600
30.52116700
29.10400000
28.45158300
29.32616700
32.27820800
32.81483400
30.92079100
29.89933400
28.56420800
28.84033300
27.31416700
26.12670800
27.24983400
26.65370800
27.26958300
26.88400000
26.43483400
26.61487500
26.63275000
25.89495800
26.86687500
25.56820800
25.62791700
25.31129200
25.37000000
25.80379100
25.02937500
23.37587500
24.08583400
24.30416600
23.17012500
24.20641700
25.04450000
24.81170800
26.61358400
24.55058300
25.08345800
24.60750000
24.84700000
25.13679200
24.49425000
24.47487500
24.97975000
25.41150000
27.15200000
26.06283300
25.23766700
25.59050000
23.78429200
23.15433300
23.13483300
23.97662500
23.31858400
23.10545800
23.19125000
21.49600000
21.02758300
21.37525000
21.08608400
20.99216600
20.97245900
21.31766600
21.79929200
21.20900000
21.41283300
21.20612500
20.92962500
20.99712500
21.18583400
21.91495800
20.99433300
22.25166700
22.85983300
22.97520900
22.30208300
22.68995800
24.36008400
23.97354100
22.78112500
23.96054200
23.07470800
23.64641700
23.48225000
22.54804200
23.14904100
23.41408400
22.47633300
22.66566700
22.08504100
21.17629200
21.13070800
22.00220900
21.24070800
22.45204200
22.23770800
20.84533300
21.93016700
20.72037500
21.04333300
20.43704200
21.82425000
21.76520800
21.01212500
21.67025000
20.08591700
20.84825000
21.32862500
20.58929200
21.85995800
20.53491700
22.33837500
23.91770800
26.09108300
22.20870900
23.35462500
24.73970800
22.97983300
21.73325000
21.35500000
21.25654200
21.00054200
21.16570800
20.73733300
20.95520900
20.68337500
20.60275000
20.85412500
20.74375000
20.88462500
21.08691600
20.64225000
20.72233400
20.96662500
20.53850000
20.46812500
20.47854100
20.79820900
20.33841600
20.51316700
21.02379200
20.37812500
21.10379100
20.55887500
20.53262500
19.70266700
25.13500000
22.83258300
23.67437500
22.63112500
21.90270900
21.80350000
21.49133300
21.29862500
22.21158300
23.32595900
22.80850000
21.81433300
21.92950000
21.61412500
20.76400000
22.35883300
22.65016700
22.44487500
22.80362500
21.35545800
23.18400000
23.44283400
24.78825000
23.54341600
23.35066700
23.16420800
23.35170900
23.96416600
23.85741700
23.10191700
23.42862500
23.35704100
23.18962500
23.02466700
24.14125000
23.18000000
23.45616700
24.50045800
23.51929200
24.14845800
23.08625000
23.77166700
23.61687500
23.03212500
24.55366600
22.65766700
22.45979200
22.09212500
22.63166600
23.10358400
24.71362500
23.97845800
24.48487500
22.88720800
21.56891700
22.69791700
24.00162500
22.77862500
24.29337500
24.02512500
25.76129100
23.87870900
24.11966600
23.94183400
24.68670800
24.47475000
24.21654200
22.70712500
23.96566600
22.51695900
23.72895800
22.58708300
24.10666700
22.63454200
22.97220800
22.45329200
24.29200000
22.62966600
22.79308400
24.32775000
22.58770800
23.55175000
23.83845800
23.35525000
22.82295900
23.23037500
23.73812500
21.47020800
23.46979200
22.08195800
24.20820800
23.27650000
23.08245900
22.13420800
21.38566700
21.34750000
21.04133300
20.94133300
20.84091700
21.02170800
20.99145900
20.99091600
20.04879200
19.35641700
20.40300000
19.39979100
19.57462500
19.44875000
19.45479200
19.58341700
19.47883300
19.30154200
19.47129100
18.98608400
19.27016600
19.23508400
19.23204100
19.73112500
20.09458400
20.23195800
21.44304200
21.31837500
21.32291600
21.10045900
21.50158300
21.38133300
21.11162500
21.33345900
20.87866600
20.77204200
21.42533300
20.95641700
21.07833300
21.75766700
21.29012500
21.73725000
21.67000000
22.88833300
23.02458400
23.09545800
22.71216700
21.68729100
22.07558400
23.64912500
21.80862500
22.79300000
22.26354100
22.81641700
22.28883300
22.20966700
23.59600000
24.40245800
23.05450000
22.15229200
23.12508300
21.44983400
22.40566600
22.19754200
22.47341700
21.82983300
21.97816700
24.25870800
25.20508300
24.52754200
24.21187500
22.50795800
23.76437500
22.19162500
21.68716700
22.17275000
22.24987500
23.30150000
21.97562500
23.35591700
22.92987500
22.34170800
22.14325000
21.91595800
23.15825000
21.91554200
22.91991700
21.66350000
22.00966600
23.19987500
21.64808400
21.94041600
23.37958400
21.85595800
21.43929200
21.86875000
21.36950000
22.81416600
23.81379200
23.65712500
22.54954200
23.35316600
21.82725000
21.26550000
21.71895900
22.22562500
23.08550000
23.01241600
22.19583400
21.74487500
22.30725000
21.68458300
22.70608300
21.84341700
22.33137500
25.02050000
26.40208300
23.62816700
23.65854200
23.15287500
23.05950000
21.48783300
21.48208300
23.09879200
23.66054200
22.01091600
23.37583400
21.61150000
21.39300000
22.09375000
22.17545800
22.74600000
22.22354200
23.02191600
22.32125000
21.05900000
22.62216700
22.11629200
21.73133300
22.48187500
21.74462500
21.23479200
22.54937500
21.44741600
23.06483400
24.87316600
23.16387500
23.91925000
23.45295900
20.93279100
21.11075000
21.43308400
20.96687500
20.39275000
21.26504100
20.90900000
20.73866700
20.38937500
19.41208300
19.21858400
19.65712500
19.18662500
19.33779100
19.50379200
19.20358300
19.31187500
19.16466700
18.88829200
20.09154100
19.16175000
19.37900000
19.35475000
19.68408400
19.45883300
20.90433300
20.88504200
21.43145800
21.15016700
21.46108300
21.40370900
22.00891600
21.27825000
21.40008400
21.66062500
21.86641600
22.22650000
24.03775000
23.08425000
23.58379200
23.54454200
23.69433300
23.82512500
23.82716700
24.27925000
23.47929100
23.77404200
22.04375000
23.60437500
23.94433300
23.24704200
21.92666700
23.44512500
23.19612500
22.98120800
23.84479200
21.84225000
23.51158300
22.50329200
22.37200000
22.28516600
21.56479200
22.73020800
21.21750000
20.79300000
23.10366700
22.28687500
21.68491700
22.36079100
22.56050000
21.32329200
22.82833300
23.23808400
21.65637500
22.08854100
23.25937500
21.66183400
23.83308300
23.55154200
23.08000000
22.87200000
23.58575000
21.66679100
23.03654200
22.90829200
21.72570800
23.17808300
22.85837500
22.96950000
22.62508400
22.69150000
21.73845800
22.12612500
22.18170800
23.33870900
22.32866600
22.43516700
21.36216700
21.82262500
23.88112500
27.15408300
22.96412500
24.39279200
22.89658300
22.33683300
22.60170900
22.23183300
21.64716700
24.24045800
22.64783300
21.19070900
23.28066600
23.17604200
22.43054200
22.91733300
22.48316700
21.16587500
21.38920800
21.89770800
20.12679200
22.66075000
21.61804200
22.56737500
21.85025000
22.71408300
22.92979200
22.37195800
23.20404200
22.08595800
21.69516700
22.81829100
22.61954200
23.34075000
22.26500000
22.46370800
22.06454200
22.99595800
21.80870900
23.08512500
21.88587500
22.93483300
22.40795800
21.69358400
23.13450000
22.86358300
22.85616700
21.49966600
21.38850000
22.42333400
21.58795800
22.54658300
21.60204200
23.78016700
21.62966600
22.39458400
22.68812500
23.22945800
23.06008300
24.97512500
22.38125000
22.21458400
23.37616600
23.03995900
21.96862500
23.56791600
23.12554200
22.89970800
22.36258400
22.97162500
21.10562500
21.85770800
21.25683300
22.17404200
22.51295800
22.78145900
22.26241600
22.49404200
22.92620800
21.88279200
21.17754200
21.25675000
19.53075000
23.15800000
22.35545800
22.24562500
22.32050000
22.58904200
21.15566600
22.20366700
22.06412500
21.68295800
21.58441700
22.55112500
21.70954200
21.36987500
22.92254100
24.05308400
21.88712500
22.05133300
21.25337500
19.78445800
20.27812500
20.13033400
19.87658300
19.96812500
20.08033300
19.98879200
20.12745800
19.34020900
18.32287500
18.26637500
18.48583300
18.33741700
18.13791600
18.81987500
18.76375000
18.94912500
18.76166700
18.34816700
18.58870800
18.55416700
18.29320800
18.60350000
19.40650000
18.97995800
20.35904200
21.42775000
21.08737500
20.64862500
20.63112500
20.52533300
21.26337500
20.59420900
20.70083300
21.82995800
22.95895900
22.20733300
22.58120800
22.55895900
22.60979100
22.45337500
22.32037500
22.32770900
22.75887500
20.85166600
22.88104200
22.25775000
21.23091700
23.75745800
23.75020800
21.70537500
24.08825000
22.68595900
23.37829100
23.82725000
24.38662500
22.34604200
21.46795800
23.04229200
22.33291700
23.14300000
22.38387500
22.32958300
22.03829200
22.78029100
23.65208400
23.24275000
22.81237500
21.77283300
22.87691700
23.61954100
23.15808400
24.13091600
23.64862500
22.51312500
22.41108400
23.07466600
22.75991700
22.31770800
22.78958400
22.21908300
22.64495800
22.61695900
22.25645800
22.13450000
22.03325000
20.90700000
21.96666700
20.64262500
21.70904100
21.92045900
22.81850000
21.38866600
23.79250000
22.46725000
22.94345900
22.31158300
22.49929200
21.04162500
22.55616600
22.74162500
21.29387500
22.09145900
22.17066600
20.86245900
21.29787500
23.43950000
23.56975000
22.27279100
22.68304200
21.19479200
22.23858300
23.45220800
23.38733400
24.43137500
22.32004100
22.47250000
22.23704200
21.06200000
21.32412500
22.12545800
21.77108400
18.62187500
21.89541600
21.85354200
21.62183300
18.20566700
18.53625000
21.11775000
22.00716700
20.15908300
18.45820800
19.00395900
22.84287500
20.26095800
19.40908300
18.38308400
17.51445800
20.19054200
18.28100000
20.87320800
20.32545800
19.31195900
19.05466600
21.44925000
19.35683400
18.59187500
18.44845800
19.45262500
20.68370800
20.55845900
20.27870800
19.55220800
19.57070900
19.25066600
20.17700000
19.53708400
20.36141600
20.82087500
20.66679200
20.28308300
19.86175000
20.44300000
19.04641700
21.14012500
19.38820800
20.50629200
20.04729200
18.86095800
19.08487500
18.30041700
18.73879100
19.60287500
18.70787500
18.31929200
18.90808300
18.50308400
18.66670800
18.49050000
18.99454200
19.01666600
20.03783400
18.65625000
20.31454100
20.28316700
19.29550000
19.15466700
21.14058300
18.30445800
21.41183400
19.90337500
20.86329100
18.82300000
20.59354200
18.13991700
21.28554100
20.47725000
19.22362500
18.80987500
19.98854200
19.76016700
18.91775000
20.12604100
19.41504200
17.43475000
18.75725000
17.75041700
17.62970800
18.12970800
17.79716700
16.70533300
19.39320900
17.46200000
17.21841600
18.05687500
18.69816700
15.69308300
19.78975000
16.98970900
16.62583300
16.69766700
17.00633300
16.30533300
17.14025000
16.76054200
16.49475000
16.78587500
16.03004200
17.47754100
16.68758400
16.43908300
16.74600000
17.57579200
16.88170800
18.33470800
19.25295900
18.40904100
18.30150000
18.38241700
18.94025000
18.98712500
17.44508300
19.79766700
18.82391700
18.36245800
19.48475000
19.75416700
19.45141600
20.94283400
20.00525000
18.45487500
19.34491600
19.70700000
19.55820900
19.22862500
18.58525000
19.11237500
18.28487500
19.55620800
19.48554200
18.89304100
19.54966700
19.65970800
18.99587500
22.30800000
20.03808400
18.95829100
19.32470900
20.04125000
19.52366600
18.88241700
21.22316700
18.94520800
18.88791700
18.16883300
18.69225000
18.22129200
25.50220800
21.01991700
21.87033300
21.01920800
21.32487500
21.22208400
21.57712500
22.03616600
21.56104200
20.13554200
21.36012500
20.90925000
21.37187500
20.70808300
21.48920800
20.28625000
21.54562500
21.05687500
20.23587500
21.31729200
23.44566700
22.17716600
23.57995900
22.36966600
22.80037500
23.73775000
23.69083400
22.05504100
23.77633400
22.73941600
23.32837500
24.91704200
23.53170800
23.68833400
23.98516600
23.31216700
22.13216700
25.25133300
24.57829200
24.59350000
24.58141600
24.34375000
23.70283400
24.09600000
23.81829100
23.75287500
23.62758400
22.96716600
23.49116700
23.09366700
23.12141600
22.05916700
23.29287500
21.89595800
22.10350000
23.01779200
21.60229200
22.14370800
21.99266700
20.54633300
21.32291700
21.60108300
20.52529200
23.79054100
21.15816700
23.68716700
21.39470800
23.44491700
23.46487500
22.29229100
20.92708400
21.91787500
22.73470800
20.65808300
23.01683400
22.99100000
22.92120800
19.54166700
17.87687500
21.65091600
21.19558400
18.75358300
19.72000000
18.18637500
23.50508300
19.74558400
18.39208300
19.32495800
19.06516700
18.28454200
19.28375000
19.33625000
18.58495800
18.84066700
19.68245800
22.61766700
20.96620800
21.01462500
21.56320800
20.23483400
22.43258300
20.68708300
21.02545900
20.73254100
20.40475000
21.16950000
19.44095900
19.85004100
20.24575000
19.07029200
19.51666700
18.89370800
19.96370800
23.65491700
24.86912500
18.39441700
20.74995800
20.70775000
20.82204200
21.76754100
20.00504200
20.03404200
19.81358300
20.73866700
19.68845800
20.16241700
19.75887500
20.83716600
19.70533400
20.42195800
19.80200000
19.50895800
22.24945900
22.08958300
23.57625000
21.42075000
20.83258300
21.25287500
22.95512500
19.77304200
19.17162500
18.84237500
20.02820800
18.72570900
20.63191600
20.08920900
19.47566600
19.02783400
19.78175000
17.72054100
17.77995900
17.84054100
17.07462500
19.10029200
17.85070800
17.37100000
17.63220900
17.62387500
16.91316600
18.04670900
17.41454100
17.43312500
17.46575000
17.13295900
17.68220800
17.80950000
17.82683300
19.68350000
19.34312500
19.36545900
20.94600000
19.80179100
19.72429200
19.48291700
19.42629100
19.31658400
19.03133300
20.09091700
23.10633300
21.13237500
21.31870800
21.61737500
20.55541700
22.12808300
21.90270900
23.33633300
24.46408300
19.81879200
21.65733300
21.25416700
22.05266700
21.64991600
21.73837500
20.75750000
20.80216700
21.84620800
21.37595900
19.94766600
21.15220900
21.80191600
20.79000000
19.92112500
21.55912500
20.92062500
21.35137500
21.47491700
21.03545800
20.25179200
21.69100000
20.90583300
19.56525000
23.65750000
20.96137500
20.11104200
22.31200000
21.59912500
21.28316700
21.59483300
20.96016700
21.90841600
19.96545900
21.91279100
21.49720900
21.56662500
22.30454100
19.93233400
21.07883300
21.69883300
21.11412500
20.23954200
22.07254200
21.80383300
21.55945800
21.25958400
20.15304100
21.33325000
20.73620900
20.44037500
20.92650000
21.01312500
21.20533300
20.94266700
19.78212500
21.84025000
19.88412500
21.51350000
21.10820800
19.81858300
20.99983400
21.47287500
21.27037500
20.40700000
20.98433300
20.29087500
20.79829200
21.32733300
20.44750000
19.98458300
19.61533400
22.23133300
19.52891700
22.58279100
20.04650000
21.35712500
22.04587500
21.24566700
20.39491700
21.94316600
20.27825000
20.18345900
21.48795800
21.46370800
22.65387500
20.06616700
20.26058300
19.99550000
20.37075000
19.37979200
20.35337500
20.87433300
22.24433400
22.44412500
20.92212500
20.57787500
21.37025000
21.10604100
20.27375000
20.63575000
20.00812500
20.89600000
20.01458400
20.25345800
20.08870800
20.13908400
20.59379100
19.02658400
19.24516600
21.81695900
19.77612500
18.36620800
19.00745800
22.24462500
23.10804200
21.94083300
22.09195900
22.39808300
22.05695800
21.68333400
22.64216600
21.55558400
21.70470800
21.73487500
21.02020800
21.60079200
22.49466700
21.56391600
21.43041700
22.30341700
22.18395800
22.61379200
22.45279100
21.46358400
21.56466600
21.46758400
20.46458300
21.94983300
22.64100000
22.97754200
21.12179200
23.00479100
24.64108400
22.97004100
22.86879200
23.94183300
24.09266700
22.81541700
22.56195800
21.77854200
23.90091600
22.07287500
23.08029200
22.03250000
22.40504200
24.32883300
23.30862500
23.54516700
23.93537500
22.88000000
22.57291600
21.15195900
20.97891600
20.52241700
19.91775000
20.74775000
20.38166700
20.27316600
19.84420900
19.97262500
19.70462500
17.55695800
19.62491700
18.63925000
18.95912500
18.39904100
18.32654200
20.46879200
21.25675000
24.74370800
21.34620800
23.02150000
20.90533400
25.25037500
20.92287500
22.77091600
22.85595900
23.28075000
21.79954100
23.67495900
24.93483300
22.26266700
21.90087500
22.82670800
23.43145800
21.50895900
21.48416600
23.09133400
23.69420800
21.75116700
21.99987500
22.07295800
23.79104200
23.16958300
22.13645800
21.54220900
25.08991600
23.11779200
22.26608300
21.88208400
25.41645800
22.29383300
21.30470900
19.08558300
21.72162500
21.51675000
21.71287500
18.89491700
18.56795800
23.10133300
21.96162500
19.39112500
19.40350000
18.59925000
21.33683400
18.69250000
26.46500000
20.11083300
22.99854200
24.04354100
26.07320900
26.71683300
21.87937500
20.92270800
20.34095900
19.56195800
19.15083300
19.13487500
19.83208400
19.97370800
18.81154200
18.96679100
19.06237500
19.44279200
19.36545800
21.64820900
20.70908300
19.97212500
19.26000000
20.35150000
21.48541700
19.13408300
19.61420800
21.73183400
20.72820800
19.74412500
20.18166700
19.99350000
19.67375000
19.33950000
19.43100000
20.28020800
19.61425000
20.31725000
19.88858300
19.80266700
19.44045800
19.89591700
18.34745800
20.16420900
19.26508300
20.28316700
19.11054100
19.58962500
20.61591700
20.03350000
19.91929200
19.20408300
20.11400000
25.62150000
24.02083300
24.27904200
24.44862500
27.32325000
24.74104200
27.24829100
23.47962500
23.61775000
23.57958400
24.45495800
24.93145800
24.73054200
23.94104200
25.70362500
23.25308300
23.18866700
23.43470800
22.82033300
22.65533400
22.54175000
22.79083300
22.19820800
22.48662500
22.00283400
22.36720800
22.06862500
23.61041700
22.28200000
22.76358300
22.03645800
23.85991700
23.56466700
23.31841600
22.13908400
23.09033300
22.36920800
22.17383400
23.28425000
22.54962500
22.21745800
20.65600000
23.00150000
22.93216700
22.72566600
19.26550000
20.91504200
21.27570800
22.42241700
18.05416700
17.94087500
18.07687500
21.83904100
18.94704200
17.53720800
18.61154200
19.15770800
18.66558400
17.79166600
18.75137500
17.49379200
17.50670800
19.07983400
19.05120800
17.89212500
18.83462500
20.48837500
17.75920800
19.09104200
17.85633300
18.70400000
20.50037500
18.53129200
19.56358300
19.50620900
20.08395800
19.81133300
19.72333400
20.30295800
18.37933300
19.43533400
18.49241600
18.68175000
18.24858400
19.12929100
19.78012500
18.41741700
20.46841700
17.76916600
19.18116700
18.50808300
19.43341700
18.62316700
20.21008300
19.91008300
19.37512500
19.02900000
19.30545900
17.80104100
17.05712500
17.45716700
17.09650000
17.48004200
17.21904100
17.49233400
17.88366600
18.16162500
16.49766700
17.73212500
16.64137500
16.31958300
15.94829200
16.49541700
15.90179100
16.61125000
16.69245900
16.14358300
16.29533300
16.38541700
16.17545800
16.74466700
15.84970800
17.58516700
16.95491700
16.34929100
17.09087500
17.73891700
17.57879200
17.26962500
18.51150000
18.41770800
19.17450000
19.74412500
18.97595800
18.29504200
18.01479200
19.57825000
19.69683300
19.71808300
19.61904200
19.82312500
20.05816700
20.83200000
19.55945800
19.89133300
19.59358400
19.30258300
19.23762500
19.27841700
19.82608300
20.40737500
22.16654200
20.20475000
20.92037500
21.49229100
20.07658400
19.91554100
19.98554200
19.85187500
20.38950000
20.26891700
19.57970800
19.98362500
19.56504200
21.26679100
18.57770900
22.61850000
23.00820800
22.83279200
21.23500000
22.41504100
22.94116700
23.04541700
22.65629100
23.46066700
21.86616700
24.11820800
22.75941700
22.43154100
23.99775000
22.75779200
22.75008300
22.68462500
22.30875000
22.51187500
22.68825000
21.50179200
22.30150000
23.48504200
22.73095800
21.60483300
21.58708400
22.54691600
22.04633400
23.85362500
24.13966600
23.48566700
22.75737500
23.41500000
22.77375000
24.25229200
21.75300000
23.31920800
23.28304200
22.71583300
22.54487500
22.92954200
22.38358300
23.87737500
23.20745800
21.94558400
22.91445800
22.68512500
22.44483300
21.53933400
22.64200000
22.01070800
22.15800000
22.67337500
21.97604200
22.14004100
21.87545900
22.54604100
21.96187500
22.61341700
22.04141700
25.14200000
25.57266600
22.88941700
22.35612500
23.02108300
21.76120900
21.56987500
24.07216600
22.38620900
22.59141600
22.43120900
22.54908300
21.31083300
22.45075000
22.63904200
22.34908300
22.25975000
21.49200000
23.53083400
21.07700000
23.35933300
21.08395800
22.20233400
21.05991600
23.00229200
20.83979200
22.68495800
22.25579200
21.86870800
22.74245800
22.65108400
22.89508300
22.76420800
22.57908400
22.24191600
22.15991700
23.05087500
22.54562500
19.91025000
22.84129200
21.65108300
22.82479200
19.14937500
18.63675000
21.77325000
21.16516600
18.57025000
19.69300000
18.88750000
22.44429200
19.42445800
18.22450000
19.15095900
19.15679100
17.91554200
18.80820800
18.45400000
19.41525000
19.13441700
18.23445800
19.69987500
19.37191700
20.11470800
19.73887500
18.45825000
19.13037500
18.73145900
19.01245800
19.76812500
19.23254200
19.18254100
18.25120900
19.38425000
19.29650000
19.43737500
19.36104100
19.04283400
19.40375000
17.78270800
19.10408300
19.13575000
18.08979200
19.26729200
17.92279100
19.03387500
19.10866700
17.82204200
19.26933300
19.35225000
18.82183300
19.10325000
19.33920900
19.17125000
19.33083300
19.58450000
19.71487500
18.44712500
19.31904200
18.47783300
20.53791700
19.73775000
19.60575000
19.63204100
19.87787500
18.14787500
18.47900000
17.74195900
18.21962500
17.44220800
18.32054200
18.14370800
17.57300000
17.67475000
18.28645800
17.08091700
17.84645800
17.40158400
16.29741600
16.41183400
16.32729100
16.39933400
16.19066600
16.80320900
16.48087500
16.49054100
16.23804200
16.41237500
16.36570800
16.48825000
15.88366700
15.90770800
16.41541700
16.89608300
16.61029200
17.68920800
18.21120900
19.18079100
17.98883400
18.75129100
17.95087500
19.83583400
19.29745800
20.04679200
20.47662500
20.38745800
19.86104200
19.96637500
20.13050000
19.61358300
19.91983300
19.43754200
20.77116700
19.48187500
19.63816600
19.31900000
19.40112500
19.14566700
19.22320800
18.41195900
19.06175000
19.24779100
18.76916700
19.03995800
22.39954200
23.28020800
22.23600000
22.50912500
23.01720900
23.22245800
24.01387500
23.16741700
22.70579100
22.59662500
22.97145900
23.05491600
22.56745900
24.24916600
24.98675000
24.41666700
23.46200000
24.16750000
24.03508300
23.32304200
23.78912500
23.61200000
23.59229200
23.74687500
23.02529100
24.29654200
23.96158300
23.56412500
26.83133400
25.19304100
23.62125000
24.83887500
25.21650000
24.77141700
24.17100000
24.94850000
24.27612500
24.74787500
24.17012500
23.95208300
25.11287500
24.45579200
24.95795800
24.56329200
24.71045800
24.95720900
24.32195800
25.20908300
24.32491700
24.13525000
24.73987500
23.71700000
24.25120800
23.15262500
25.26862500
23.65708400
24.05683300
24.08216700
24.14595800
23.88050000
23.71608300
23.00470900
23.86929100
23.45208400
24.24708300
22.57491700
23.28191600
22.93770900
22.58175000
23.78045800
22.75229200
23.99775000
23.64016600
23.38916700
22.13195800
21.78762500
21.99325000
22.70904200
21.83329200
21.74320800
23.13979200
22.38058300
23.94654200
21.46825000
24.90354100
22.38029200
23.49600000
23.57450000
24.35641700
22.37612500
24.27354100
23.39625000
24.50716700
23.50237500
23.86162500
21.85445800
23.37187500
22.72975000
21.83887500
23.47608400
22.63020800
22.37620800
23.33650000
22.41933400
23.24991600
22.44012500
22.07695900
22.37770800
23.92120800
23.58645900
24.14937500
23.91120800
22.40987500
23.60566700
23.39841600
22.17937500
22.35233400
23.10508300
23.65308300
23.90491700
21.92283300
23.46375000
22.53054200
23.85575000
22.67933300
22.53704200
22.82216700
23.12495800
21.87883300
22.36091700
22.25650000
23.13904200
23.95712500
23.77687500
23.18804100
21.39758400
21.16062500
20.92020800
21.40283300
21.20370900
21.32266600
21.03416700
20.67275000
20.53008300
20.82587500
20.69245900
20.18370800
20.18883300
19.72458400
19.58270800
20.63470800
20.48312500
20.03679200
19.81112500
19.84941700
19.75870800
19.89925000
19.70950000
20.17400000
21.26737500
20.08866700
20.05466600
21.58166700
20.48012500
20.85658300
20.52450000
20.33970900
20.67012500
21.70616600
21.77187500
22.91270900
22.38675000
23.04841600
22.63350000
22.24237500
22.54625000
22.61337500
22.38075000
21.03587500
21.63800000
20.74912500
22.01725000
21.21341700
21.03458300
20.40204200
20.29479200
21.23816600
20.67987500
20.21754200
20.65958300
19.14316700
20.66679200
20.91516600
20.69512500
20.12162500
20.95012500
20.80208400
20.90141600
20.86466700
20.60270800
19.85045900
20.70320800
20.92200000
20.79550000
19.47816700
20.62262500
20.43970800
20.59229200
20.40333300
19.55170800
20.16466700
19.18987500
20.15787500
19.42266700
20.38291600
20.06758400
19.58650000
20.41758300
19.78316700
19.93391600
20.62633400
19.46633300
20.32000000
20.30133300
19.94916700
19.37545800
19.79191700
19.23808300
20.54283400
20.88620800
20.74658300
19.02450000
20.45466700
19.24004200
20.10000000
18.97700000
20.26662500
24.95454100
22.08316700
22.07845800
20.97695900
22.02800000
21.03650000
22.80108300
21.12700000
22.03383300
22.27383400
21.20408300
21.94016700
22.30479100
20.73737500
21.91329200
22.18883300
21.25025000
22.10695900
21.86195800
21.01058300
20.97612500
22.45825000
23.20354200
24.24766700
24.90341600
24.57337500
24.29387500
24.19920900
24.86683300
24.18220800
34.15679200
28.62479200
27.03704100
28.78012500
29.85904200
86.46708300
32.29825000
32.43812500
34.26016700
30.04041700
28.80854100
27.18004200
26.92525000
27.26370800
28.93008400
26.80691600
27.15558400
27.28916600
24.69466700
24.13466700
24.21916600
24.18195900
24.22833300
24.19379200
24.01262500
24.07620800
24.21441700
24.21079100
24.14633400
23.27541600
23.87945900
23.12358300
22.85158300
23.90020900
21.94491600
23.94620900
22.88333300
23.34233300
22.37395900
23.68483300
22.36279200
21.74591600
24.09387500
23.25191700
22.89062500
23.67658300
22.90287500
22.17062500
25.11591700
29.37800000
23.69354200
26.85429100
26.81925000
27.10416700
24.52412500
24.79016700
23.88408300
23.84962500
23.71200000
26.74925000
25.25195800
24.84937500
24.38700000
22.40766700
22.87083300
23.32362500
21.30891700
20.84787500
21.98570800
22.80970900
22.92083300
23.60941700
25.02641600
24.24479200
26.73100000
25.20775000
25.13779200
25.50158300
23.19687500
23.06720800
21.04045900
20.97895800
26.11979200
25.22141600
30.17375000
25.49287500
24.60437500
26.19408400
24.21258300
26.08108300
23.88704200
23.15675000
23.37845800
22.72625000
23.18254200
24.26804200
23.02979100
22.95262500
23.71408400
22.56016600
23.59312500
25.10295900
23.59929100
23.63391700
24.19412500
23.16479200
23.76875000
23.73375000
22.92345800
22.11816700
23.66525000
23.56658300
21.92329200
23.53054100
23.81033400
23.92204100
23.39120900
23.47737500
23.35862500
23.99670800
23.51279200
25.58366600
23.86483400
24.12841600
24.05241700
23.80625000
25.88066700
23.72154100
23.55704200
20.54270800
25.40437500
24.50145900
27.17650000
21.67516600
21.27825000
24.29887500
25.37908400
21.58983300
21.27433300
20.72295900
24.96987500
20.73800000
20.47516600
20.06187500
20.90100000
20.79008400
20.09587500
20.60275000
20.47037500
19.80000000
20.82212500
19.99137500
19.68208300
19.51112500
20.33816700
19.02879100
19.80445900
18.79883300
20.61879200
19.94550000
19.17583300
20.70037500
20.53195800
19.96958400
20.07925000
20.04791600
20.75512500
19.26725000
20.10754200
18.91458300
20.56795900
19.44137500
21.28675000
20.75979100
20.79895900
20.53350000
20.31100000
20.49433300
19.42070800
20.36508400
19.84641600
20.64266700
19.68320800
20.67308400
20.58337500
19.88583300
20.92270800
20.88933400
19.76775000
20.64237500
20.19579100
20.27729200
20.85766700
18.72925000
21.60925000
20.60008300
19.10895800
20.94733400
20.72466600
18.68529200
21.09712500
19.51429200
20.65137500
19.73358300
20.11162500
20.62320800
20.84908400
20.77191600
20.48258400
21.35166600
21.69166700
21.28516700
22.37741600
20.83275000
21.48470900
20.97437500
20.59937500
20.70420800
21.26825000
19.88491700
20.01183300
24.00925000
21.85075000
21.37437500
21.37233300
20.75137500
20.59779200
21.65875000
21.39412500
20.67420800
20.88050000
20.90191700
19.82729200
20.43291600
19.76383400
21.11600000
21.10479100
20.45654200
20.32520800
20.56912500
21.46383400
20.03245800
20.69741700
20.13466600
18.60895900
20.64795800
20.83570800
18.78070900
20.30975000
19.17183300
18.94908300
20.48520900
19.17350000
21.25516600
21.11262500
21.39133400
20.66491600
20.47375000
22.74654200
20.81429200
21.24458300
20.15137500
21.47308300
20.79150000
21.47933400
21.29091600
20.08379200
21.22345800
21.00862500
22.21762500
21.41454200
21.47379200
27.93820800
24.98758300
24.73712500
24.92958400
22.61191600
21.64150000
22.33041700
22.85433300
23.21062500
22.61179200
22.75008300
24.11325000
22.21716700
22.03683300
21.81945900
21.66758300
21.37841700
22.02029100
21.36375000
21.64625000
21.48258400
21.04725000
20.59912500
20.88695800
20.14166700
20.07741600
20.07095900
20.13445800
20.42020800
21.18283400
20.57833300
20.92979200
20.77170800
20.48212500
19.90904200
21.05179100
22.63758400
21.78033300
22.13620800
22.06637500
21.55362500
22.74979200
23.67987500
23.15604200
25.86983300
25.08116700
24.27320800
24.45708300
25.89804200
25.00004200
24.29787500
24.07470800
24.42904200
24.95891600
24.96454200
24.60745800
23.61070900
24.64912500
25.26925000
25.31850000
24.16383300
25.38854200
23.11812500
24.43825000
24.60320800
23.40650000
23.55729200
23.76437500
22.54566600
22.05737500
23.62379200
25.91229200
23.68766600
21.50554200
21.05145800
23.78379200
25.89416700
21.49720800
21.71095800
20.94458400
24.95395800
20.62895800
21.16645900
19.79758300
20.99212500
20.77091700
21.72220800
22.19575000
20.28412500
21.45779200
20.05416600
19.03812500
21.93904200
22.41100000
21.45841700
21.37829100
20.65254200
20.56916700
19.80495800
20.72145800
20.88912500
21.05520900
20.73766600
20.38145900
20.32145800
20.84754200
19.88504100
21.29508400
21.38304100
20.35612500
20.34558400
21.76691600
20.65187500
21.41779200
20.58437500
20.53029200
21.67475000
20.97491600
20.51570900
20.84341600
20.78108400
20.77579100
21.12091700
20.95366700
20.83420800
21.09554200
21.81375000
20.96862500
21.00045800
20.89712500
19.27533300
20.70112500
21.21000000
21.51937500
23.75358400
20.60416600
21.77608400
21.16908300
20.86812500
21.58212500
20.17062500
21.62912500
19.88533300
21.27050000
20.26570900
20.46645800
21.13754200
20.36591600
20.50358400
20.21770800
19.66116700
20.69962500
19.54391600
20.36383400
19.21308300
19.63466700
20.76875000
19.88279100
19.31558400
19.06600000
18.99925000
20.05695800
20.57262500
19.30337500
21.20454200
19.59325000
20.09766600
20.90891700
20.64875000
20.99508300
20.19779200
20.72291700
21.44012500
19.92579100
20.81420900
19.60804100
21.96625000
21.26550000
20.62733400
20.83195800
21.04675000
24.21112500
25.44379200
23.97804100
24.06820900
23.42758300
24.37575000
23.86300000
24.61108300
23.41533400
24.23866600
22.54341700
22.81062500
24.15558300
22.87750000
23.40633400
24.71625000
23.86545800
23.89900000
23.90383300
24.41400000
23.60054200
23.78783300
24.05708400
23.46283300
24.85425000
24.97087500
23.59266700
25.82929100
23.20562500
21.84870900
21.90204100
21.28979200
21.35941700
21.68112500
21.38554100
21.69575000
21.59491700
20.68970800
19.44591700
21.50170800
20.27191700
20.02245800
19.64587500
20.80312500
20.89704200
19.74345800
21.63308400
20.01383300
20.08541700
20.00466600
19.33583400
21.82745800
21.98729200
22.11600000
21.69212500
22.09045800
23.27841700
21.12658300
22.18412500
23.35483300
23.68820900
23.45800000
23.55341600
23.56154200
23.33266700
23.12979100
24.50120900
23.84616600
23.50420900
24.11012500
23.58433300
23.74325000
24.23312500
23.58945800
23.39308400
23.08591600
23.46662500
22.17541700
23.05633300
22.67662500
25.20054200
23.44770800
23.94895900
23.14833300
24.40700000
23.09950000
23.46820800
23.43008400
24.16625000
25.57016600
23.85537500
23.82670900
24.04441600
23.23891700
23.94158300
22.60670900
24.01170800
21.14620800
23.98725000
23.56533400
22.32341600
21.99841700
19.99708300
23.87541700
23.62708300
21.11837500
20.23433400
21.33283300
24.62658300
20.30450000
20.44683400
19.78887500
20.31075000
20.35837500
20.47016600
19.26916700
21.05108300
19.87558400
19.82483300
20.70429200
19.00375000
20.00458300
21.33341700
19.62641600
21.17029200
20.82845800
19.60745900
21.14187500
20.98087500
19.77666600
21.47604200
21.43245800
20.90991700
19.90904200
21.48154100
21.92437500
21.39575000
21.02870900
21.55691600
20.77879200
21.26420800
20.35629200
21.72137500
20.25983300
20.06458400
21.31512500
21.76395800
22.15845800
21.44791700
20.61625000
22.02416700
21.53104100
22.68891700
22.41804200
22.01329100
21.32270900
21.45633300
21.53229200
20.75962500
21.68741600
22.25479200
20.50245800
20.64137500
21.45408400
20.32579100
20.15750000
20.57350000
21.63862500
20.43520900
21.48345800
19.76095800
21.25712500
20.86212500
20.36195900
21.75162500
22.33495800
18.46595800
21.41600000
20.63633400
20.67179100
21.79450000
20.46075000
20.06866700
22.89395800
22.05341700
21.32970800
21.94737500
20.53620900
20.79966600
21.89808400
21.21162500
20.21554100
21.11145900
19.64616600
20.03183400
19.86287500
21.50062500
20.09762500
21.43879100
20.75312500
20.15704200
20.11208300
20.32270900
19.82479100
21.72720900
19.47758300
20.68087500
19.80008300
21.17166700
19.95129200
21.04245800
19.30895800
19.09670900
20.57487500
19.91191600
19.94866700
20.75391700
19.41325000
20.78733300
19.83891700
19.03095800
19.20929200
21.25120800
21.30633300
21.00800000
20.17866700
19.98120800
19.73979200
19.99745800
19.04908400
18.08225000
19.17650000
18.83383300
18.30358300
18.45541700
18.91725000
18.22658300
18.57262500
16.75258400
17.60575000
19.26245800
18.04579200
17.20483300
17.53587500
16.78620800
17.60458400
16.89433300
16.84879200
17.22429100
16.69779200
21.56379200
19.59641600
18.57566700
18.57358300
19.06016700
19.56408300
20.73966700
20.64704200
20.49804100
20.65662500
20.76783400
20.70204100
20.94679200
20.54395800
20.63091700
20.40470800
22.09866700
22.69895800
23.94195900
22.27670800
22.86254200
24.63904100
24.59795900
24.79579100
24.80083400
24.05204100
24.53016700
24.22887500
24.39429200
24.42250000
24.75362500
25.09016600
23.80483400
24.48008300
24.51154200
24.24866600
25.08675000
24.46216700
24.97470800
24.10275000
24.10575000
23.87454200
25.37079200
24.64016600
23.73733400
24.41008300
24.59216700
24.39975000
24.07420800
24.32775000
24.35858300
24.33329200
24.51191700
24.31291600
24.74300000
25.47462500
26.86475000
24.86691700
24.27208300
24.57795900
24.39066600
24.94154200
24.23929200
25.68320800
24.55254200
24.60220800
24.10029200
23.93995800
22.55158300
23.06666700
22.32166700
22.94808300
24.74545800
24.13329200
24.10412500
24.43150000
22.63775000
25.41104200
24.98516600
24.12633400
23.72545800
25.43050000
22.88287500
24.25808300
25.37600000
24.03575000
22.75191700
24.67645800
24.37458400
21.95087500
23.58366600
23.05100000
23.20120900
24.55116600
23.39745900
21.84670800
23.63833300
22.79570900
22.42412500
21.43591600
23.39533400
21.42883300
22.79500000
24.03666700
21.52245800
24.06945800
23.45845900
22.92120800
21.60779200
24.71366600
21.42500000
22.67400000
22.53204200
23.49775000
23.45466700
24.27483300
22.76087500
23.18808300
22.14879200
21.84283300
23.09979200
23.54962500
23.65150000
22.45704200
22.83895800
22.39554200
22.18362500
23.72520800
21.88337500
23.40179200
24.60983300
22.78962500
22.88825000
23.89333300
22.79979200
23.42525000
23.50854200
23.05633300
23.82462500
22.46145800
21.42691700
22.79850000
23.50179200
21.29683300
23.92295800
22.46941700
21.47587500
22.44062500
22.55300000
22.42741700
22.24741600
22.31558400
24.86954100
23.03775000
23.85416700
23.08162500
23.64075000
23.35650000
21.78712500
24.03708300
23.29141700
21.14079200
21.89895800
24.17875000
22.46929200
23.36837500
20.18275000
18.14408300
21.46320800
21.75012500
18.57541700
19.09166700
18.38441600
21.71320900
18.51970800
18.36675000
16.45966700
17.60975000
17.68033300
16.70816700
17.29479100
17.51687500
16.56554200
17.21970800
17.46991700
16.38795800
17.21170900
18.07320800
16.40091700
17.38500000
18.45966600
16.31375000
18.72104200
18.49154200
18.46858300
19.86979200
20.20458300
18.77145800
19.98758400
19.56183300
20.60600000
20.41345800
20.17087500
19.97604200
21.19691700
22.75133300
19.56412500
22.45966700
25.13304100
24.60008400
28.73375000
28.14891600
23.05533400
24.38629100
24.37366700
20.68654200
21.44558300
22.18887500
20.22225000
21.87095800
21.41341700
21.04587500
23.65545800
25.16091700
20.50383300
22.15879200
21.48975000
21.21275000
21.26079200
22.21912500
21.39066600
21.89200000
21.72912500
20.17495900
22.04883300
21.34358300
20.12175000
23.76008400
22.52050000
21.55829100
22.18179200
22.49975000
21.50716700
21.88866600
22.16270900
20.39941600
24.02687500
21.45216700
20.14804200
21.62954100
21.80662500
20.33358400
21.40666600
22.16004200
21.20220800
21.29354200
21.45775000
20.17287500
21.93450000
21.20929200
20.54466600
21.56454200
21.98775000
20.01233300
22.29675000
21.82975000
20.31608400
20.29316600
19.64683400
19.61912500
20.16041600
19.69870900
20.11550000
19.84045800
19.63154200
19.38262500
23.61850000
24.01145800
23.59337500
22.19795800
24.10300000
23.17245900
22.23133300
23.36495800
23.23845900
22.98212500
22.14050000
23.16345800
23.45487500
21.77908300
22.28179200
22.17516700
24.72679100
22.05925000
22.38141700
22.35083300
23.54416700
23.40887500
22.10770800
23.65616700
23.99287500
24.11179200
24.31229100
24.23366700
25.17345800
25.20150000
23.57125000
23.43800000
24.03525000
24.44383400
23.98129100
23.95100000
23.31791700
23.48241700
23.27600000
23.46591600
23.57629200
22.91750000
23.88012500
23.37550000
24.12433300
23.40895900
22.70808300
22.44904200
22.62729100
24.04025000
20.59116700
25.25641700
22.99812500
21.61741600
21.58133400
22.38037500
21.96908300
21.83412500
22.56620800
22.11608400
22.45445800
22.33279200
21.91825000
21.48212500
20.68712500
23.28604100
23.67091700
22.98800000
22.94950000
23.17108300
23.65591700
22.94316700
22.46779100
23.29191700
22.51870800
21.62937500
21.59579200
22.60583300
21.16008400
22.83395800
21.13975000
22.74408300
21.05116700
21.04341700
21.77625000
21.37175000
22.84329100
23.50950000
22.72545900
22.30133300
21.34925000
20.77720800
20.59550000
21.06550000
20.49708400
20.15870800
21.70475000
20.60225000
20.60750000
20.33716700
19.40004100
18.55070900
19.17029100
18.39995900
17.85429100
19.82750000
18.94941700
18.62883300
18.48204200
18.42241700
18.18862500
19.54954100
19.53720900
19.12825000
19.27941600
19.91000000
21.46087500
20.39158400
22.22912500
21.18575000
20.49504100
21.34020900
20.43079100
22.17258400
23.68587500
21.40258300
22.47887500
23.66558300
22.27170900
22.67654100
23.63037500
22.15141700
23.56966700
23.49700000
22.61733300
21.61645800
23.02145900
23.07950000
23.01558300
22.76708300
23.92091700
22.94529200
22.22483300
24.08329200
21.84020800
22.32395800
24.10170900
23.60733300
22.81841700
22.85729100
22.90395900
21.43608300
23.35029200
23.12629100
22.42208400
23.09691600
24.07758400
22.96379100
23.48120900
25.02908300
23.01912500
23.76112500
23.04183300
24.20737500
23.61716700
23.96008300
24.33270900
23.47487500
23.27487500
22.80791600
23.47520900
23.03387500
24.52100000
23.13979100
24.02095900
24.85679100
23.36725000
22.59683400
23.13112500
23.59733300
23.53579200
23.06541600
23.67079200
22.94079200
23.35058300
23.12775000
23.17345800
22.97116700
22.97437500
22.76570800
22.87666700
22.51120800
22.76350000
22.88175000
23.15804200
22.46241700
22.24454100
23.81795900
23.61145800
23.07916700
22.79329100
23.20079200
23.15145800
24.50125000
22.87158400
21.76075000
24.36525000
21.80183300
22.04100000
22.17345800
21.64387500
23.00175000
21.58887500
21.86629200
22.30737500
22.90375000
23.01754200
21.64037500
22.69537500
22.51195800
22.90370800
23.13054200
21.66366700
22.61804100
20.71400000
23.51037500
22.01591700
22.55258300
21.91716700
23.10875000
21.91541700
22.50587500
23.95800000
24.19525000
23.34445800
21.96445800
22.39637500
21.39570900
22.77220800
22.04366700
22.54691600
22.71916700
21.26916700
24.68475000
23.03145800
22.50704200
23.32154100
23.26845900
21.66041600
22.44741700
22.90200000
22.87720800
21.93783400
22.64712500
23.48329100
21.06554200
22.28483300
23.86391700
21.85354200
22.78916600
22.41191700
21.18416700
21.79950000
23.41625000
21.38058300
21.25516700
22.18554100
21.07520900
21.16062500
21.30458300
21.08875000
21.56416700
22.45500000
21.42983300
22.71487500
21.73408300
22.85679200
21.25487500
21.69158300
22.84008400
23.12350000
22.94520800
22.76687500
22.69500000
21.60129200
23.65808300
20.43770800
20.42433400
20.07995800
21.20175000
20.71720800
20.27316700
21.19516700
20.54025000
20.51691600
18.33195900
21.19604100
19.17220900
19.01712500
18.83387500
18.50233300
18.67408300
18.67216700
16.06816700
18.90866600
19.06666700
18.92891700
16.31441600
16.69454200
18.65987500
18.63375000
16.62108300
17.79329200
17.75408300
21.78079200
18.10033300
18.32566700
18.66495800
18.12095900
17.90183300
18.50491700
18.24150000
17.80866600
18.10616700
19.56650000
21.30370800
20.07837500
20.66091700
20.81450000
20.00766700
19.21095800
20.60462500
19.68212500
18.84879200
22.81137500
19.99475000
20.63862500
20.54429100
20.66400000
20.79483400
22.76279100
21.67029200
21.78379200
21.14308300
22.87808300
21.71729200
20.95716700
20.53162500
20.97729100
21.64254200
21.59595800
20.73579200
19.68070800
21.08766700
19.25845800
21.14925000
25.00270900
24.41125000
23.60929100
23.19220900
23.72662500
24.41220800
24.66625000
23.96420800
23.76120900
23.45420800
23.48066700
23.52237500
23.54254100
23.66562500
23.09433400
23.10983300
24.89891700
22.97812500
23.39725000
23.03245800
24.07983300
23.01983400
22.36720800
23.70037500
24.08650000
23.64641700
23.08529100
22.93454200
22.98008300
23.66629200
24.28091700
23.28662500
78.49995800
31.13591700
25.13145800
23.89366700
24.32387500
23.29962500
23.22854100
23.27366700
23.23616700
22.89700000
23.01758300
23.08937500
23.56283300
24.70750000
23.36833400
22.55516600
24.36983400
22.86150000
24.80995800
25.78287500
21.25958300
22.38533400
22.00008300
22.25554200
19.86991600
19.64670900
22.10241600
21.90583400
19.02208300
31.17495800
33.45141700
31.25775000
22.25579200
22.08991600
21.96675000
22.63045900
21.64712500
21.11975000
19.91887500
20.08095800
19.58625000
21.47404200
19.42275000
19.75083300
19.37991700
21.87504100
20.10241700
19.87416700
19.88658300
20.16916700
20.28416600
20.88679200
20.30900000
20.05816700
20.66620800
19.77912500
19.96887500
18.95704200
19.24879100
19.92487500
19.51437500
19.71104200
19.55583300
20.05837500
18.92466700
19.37575000
19.01520800
20.05450000
19.18100000
19.19058400
18.43629100
19.59075000
18.87841700
18.95350000
18.77900000
18.36858300
18.88979200
19.17758300
19.93233400
18.72216600
20.07166700
20.69383300
19.32291700
18.70245800
19.51975000
20.36287500
18.72958400
19.15237500
18.96858300
19.85391700
19.13620800
20.54304200
19.78341600
19.69783400
19.13650000
20.41900000
19.04908300
21.01200000
18.72562500
18.32137500
19.48191700
20.18312500
20.98645800
19.35400000
23.64491700
22.37758300
21.41091700
20.57000000
20.04250000
19.46458300
18.76808300
18.53850000
18.68012500
18.09683400
18.51195800
18.11029200
17.90958300
18.13291700
18.53066600
18.03104200
18.03395800
18.54266700
18.49133300
18.08841700
17.42095800
16.54016700
16.66304200
16.97033300
16.28350000
16.35950000
16.56450000
16.57387500
16.63204200
16.52683300
16.62537500
18.10200000
21.08441700
22.25675000
22.20320800
22.50337500
22.24929200
22.45637500
22.06658300
23.95083300
23.19016700
24.37208300
23.23758400
23.53570800
23.32120800
24.19225000
23.31733400
23.31758300
23.27116700
23.34958300
23.19470800
23.27845900
23.04520800
22.86870800
22.68029200
23.13529200
22.03375000
24.80925000
23.28629100
21.33791700
24.56029200
24.17654100
23.96200000
23.55341700
23.68762500
23.51750000
23.43587500
23.33537500
23.19091700
23.51220800
22.80858300
24.15575000
23.58058400
23.53504100
23.19262500
24.75029200
24.18220800
23.81691700
23.70170800
25.42112500
23.64533400
24.56495800
23.13633300
23.20670900
23.34400000
23.96016600
24.02183400
23.36220800
23.17754200
24.82295800
23.10491700
24.10945800
23.24191700
24.29908300
23.34408300
24.86066700
23.23795800
24.72516700
22.82745800
24.30012500
24.19204200
22.97641700
24.07370800
23.16337500
23.57062500
24.31045800
23.53783400
22.78945800
22.81675000
22.79095800
22.63316700
22.66012500
21.86212500
23.77850000
22.49658300
22.34841700
22.66479200
22.50666600
23.39825000
22.71845900
22.84487500
23.20012500
24.18329100
24.52637500
23.67412500
23.15175000
21.15687500
23.82616700
22.97125000
23.31758300
19.34904200
22.81437500
22.58837500
21.75295800
19.83208400
19.50070800
22.95770800
22.80087500
19.93679200
19.06675000
17.71933300
22.62654200
19.77604200
18.49429100
19.47220900
19.51875000
18.51262500
19.78795800
19.65858300
19.12187500
20.03337500
19.70558400
18.62891600
19.83800000
19.66220900
18.61254100
19.86825000
19.04004200
20.25716700
18.51270800
18.41241700
19.00125000
19.42620800
19.74358300
21.09962500
20.36987500
20.26041700
20.51487500
20.61595800
20.97304200
19.99666700
21.47420800
21.37325000
21.83129200
19.64208300
21.40858300
19.58345900
19.70204100
21.17154200
19.76625000
20.78075000
19.52329200
19.01700000
19.98370800
20.91300000
19.35870800
20.11483400
20.27691600
20.03745900
19.63245800
19.62995800
20.60679200
20.78466700
20.92529100
18.94037500
20.28004200
18.84850000
20.32666700
18.85175000
21.26545800
20.30837500
19.68866700
19.70608300
19.44075000
21.07504200
19.59429100
19.46487500
19.91108400
20.85045800
21.17125000
20.65516700
20.61620800
21.61683300
20.94983400
19.33220800
18.78933300
18.94925000
18.63345900
19.26245800
19.26475000
19.50841700
19.33808300
18.69775000
19.24270800
18.45679200
17.82937500
16.95804200
17.11795800
17.57479200
17.37541600
16.91941700
16.99100000
17.42741700
17.09654100
16.82995900
16.67095800
16.65454200
17.10245800
17.90425000
17.10058300
17.35508400
17.42737500
17.53283300
18.17241700
17.94200000
18.00858300
18.71233300
18.36979200
18.51325000
18.58045800
21.54958400
22.28045800
22.05404200
22.08912500
23.12029100
24.03100000
23.31891700
23.41762500
23.13254200
23.24312500
23.21950000
23.49491600
25.56416700
24.02270800
26.33287500
24.08950000
24.39654200
23.91791700
23.70370800
23.92333300
24.07725000
23.86333400
24.49820800
24.35254200
24.41150000
22.88062500
24.73900000
25.11870800
24.16262500
23.63087500
23.11154200
23.42262500
24.67095800
23.53166700
23.56658300
23.14583300
23.31875000
23.39775000
23.42458400
22.74087500
24.95133300
23.06441700
23.47729100
24.17570900
23.32100000
26.01245800
23.71962500
23.98033300
23.54516700
25.16116700
24.07658300
24.43900000
23.00850000
22.96225000
21.86616700
23.26025000
22.99604100
22.44579200
22.38358300
22.84816700
21.93500000
21.92933300
23.59891700
24.03316700
22.74762500
22.80829100
22.58075000
22.80075000
22.36645900
21.56283300
23.14275000
22.98858300
22.35133400
22.64283300
21.38316700
23.36495800
22.89008300
22.36033400
22.09129100
20.72762500
23.18391700
20.39591700
22.16012500
21.31283300
23.10354200
20.65495800
22.56454200
21.08720800
23.54983300
21.82541700
21.23483300
22.74429200
22.46883300
22.69137500
21.21029200
21.48466700
22.62762500
22.49570800
20.89954200
21.01304100
20.70195900
21.17654100
23.36920900
18.23187500
17.88241600
21.97483400
21.46620800
18.57620800
19.56700000
18.10420900
22.05850000
20.00375000
18.10179100
19.94391700
18.97216700
18.81116600
19.62979200
19.75075000
17.89058300
21.22100000
18.44375000
19.46875000
17.52825000
18.81100000
18.12812500
19.35116700
18.82220800
19.90779200
18.68037500
19.62787500
18.28087500
19.63012500
19.40841700
20.00662500
18.90754100
19.54945900
17.89862500
18.03300000
19.87050000
18.07125000
18.47887500
19.68512500
18.45691600
18.30245900
18.94758300
17.99337500
19.34787500
18.44800000
19.85620800
18.52004200
19.34408300
17.88145900
18.40745800
19.69437500
18.40279200
18.99025000
18.89320800
19.65766700
19.18125000
18.72925000
20.55775000
24.18954100
20.40108400
21.51291600
20.07033400
19.09720800
18.75270800
18.57916700
18.73054200
17.74770800
19.05108300
18.41475000
17.72495900
18.10945800
17.84912500
17.62370800
16.31041700
16.74937500
16.42087500
17.48612500
16.37900000
17.10462500
16.59687500
16.60466700
17.39312500
16.53550000
16.43616600
17.42075000
16.16854200
17.18950000
17.53100000
17.20300000
16.74183300
17.24333400
16.85558300
19.51733300
19.78279200
18.45183300
18.72708400
19.31516600
18.73804200
18.04129200
18.47162500
21.38970800
19.78008300
19.67545900
20.38029100
21.20283400
22.14258300
20.95254200
20.51037500
21.59575000
20.55229100
23.18966700
29.81170800
28.13583400
22.53370800
24.91945800
23.43075000
26.11779200
23.84404200
22.76929100
23.55125000
27.00562500
27.93512500
30.59804200
29.52041700
32.77004100
30.56225000
31.58083400
32.14816600
35.32908400
40.85879100
31.34100000
33.63004200
33.01883300
30.96533400
31.19529100
31.89291700
31.75508300
32.47404200
32.69004200
33.79562500
44.54054100
32.53741700
32.66012500
37.74045800
32.97820900
40.56029100
41.85716700
33.18012500
36.71983300
28.39841700
26.39704200
25.89237500
26.03104100
25.35466700
27.39150000
25.50941700
25.04920800
27.23795800
25.30795900
25.13429100
23.81679200
23.84533300
23.37979200
22.89412500
23.95025000
22.81008300
23.61695900
23.38100000
23.46470800
22.71716700
22.95645800
22.24429200
22.56045800
22.69358300
22.51112500
22.18625000
22.76508400
22.31054100
21.97900000
22.38604200
22.36475000
21.99095800
22.06895900
22.73904100
22.70570900
21.67850000
20.32929100
23.66804200
20.96441700
24.01404100
22.58658400
22.41720800
21.71808300
22.46383400
22.17850000
22.37495800
21.95212500
21.34362500
21.57145800
21.35829200
21.39891700
19.20862500
22.34729100
20.85691700
22.23958300
18.40458400
18.68041600
20.11566700
20.70745800
19.12825000
18.01958400
19.22975000
22.02554100
18.20358400
18.59620800
18.22133300
18.62029200
18.06854200
19.67729100
18.34104200
18.86579200
18.44483300
19.17025000
19.69712500
18.20375000
19.50237500
20.36820800
18.54308400
20.23504100
26.23375000
22.46512500
23.55404200
40.61758300
27.25704200
22.65408300
22.22016700
20.04120800
19.81837500
19.89920900
19.71162500
19.82470800
19.62937500
19.58620800
19.67516700
20.01154200
18.67462500
21.26037500
20.32125000
19.59091600
19.24595900
19.69975000
19.09620800
20.58287500
19.48308300
19.15720900
18.77804100
19.21904200
19.23229200
20.24100000
18.95900000
19.88083300
20.80154200
20.29541600
19.34708400
20.15816600
19.06941700
18.06437500
23.61300000
21.85879200
21.32445800
21.16616700
21.21550000
21.53641600
20.67875000
19.20829200
19.17783300
19.32091700
18.83808300
18.78212500
18.92487500
20.37275000
19.30487500
19.83737500
19.27283400
20.14929100
22.64466700
22.21425000
21.41533300
23.06137500
23.77720900
22.72412500
23.46820800
22.86241700
22.90975000
23.08466600
23.29745900
23.17941600
22.52958400
23.21591600
23.71645900
22.22150000
24.15783300
22.18708300
25.06925000
24.07754200
23.40175000
23.11062500
23.15529200
24.32679100
23.27137500
23.11904200
20.31408300
23.03304200
22.78629200
23.08262500
20.22437500
19.31091600
23.52425000
22.52729200
19.35083300
19.68245900
19.20929100
21.82350000
20.23075000
19.27808400
18.64870800
20.07116700
25.36154100
19.42887500
19.80358400
18.51125000
20.95533300
19.68041700
18.95312500
19.00350000
19.53716600
18.68512500
20.26850000
20.25908400
19.11812500
19.95637500
19.59350000
19.90725000
19.92879100
19.97175000
20.01408400
19.61495800
20.30562500
19.52883300
19.99162500
19.89866700
20.05550000
20.08158300
18.64054200
19.75145800
19.15954200
20.02345800
19.02545900
19.69995800
20.59350000
18.70825000
19.05954200
19.97170800
19.94912500
19.11866700
19.28645800
19.48170800
20.53895900
19.52820800
20.16258300
19.70766700
20.08112500
19.52495800
21.59620900
21.78475000
20.23137500
21.44591600
22.60637500
20.81183400
21.15762500
20.92437500
20.27183300
20.57362500
20.06375000
20.30800000
19.86620800
20.26037500
19.97470900
19.52587500
20.09687500
18.88570800
20.58570800
19.85487500
18.28887500
19.21216700
18.81883300
18.51766700
19.95870800
19.72141700
19.98862500
18.83454200
18.58562500
18.53162500
18.84662500
18.87787500
18.12908300
18.36625000
18.44054200
18.21475000
19.50350000
19.08104100
18.40708400
19.28370800
18.26612500
18.75000000
21.53491700
18.35325000
19.90479100
18.00512500
20.96225000
19.85437500
17.31495900
19.21004100
18.59820900
18.63308300
19.37575000
18.55754200
18.76987500
19.83904100
22.85445900
22.56633300
22.65825000
22.70237500
22.35304200
23.82754100
22.14729200
22.99566700
22.56487500
21.63958300
21.74479200
22.98975000
21.92354100
22.83425000
23.07387500
21.85795900
22.49220800
21.80379200
22.45891600
23.05916700
22.45975000
24.64137500
27.71354200
24.87495800
24.50833300
25.69875000
23.74862500
27.02487500
26.25529200
24.37833300
24.45954200
25.70675000
23.82787500
23.36270800
25.75900000
25.59520900
26.55212500
29.83400000
24.27550000
27.26525000
25.94695800
24.77516700
27.36816600
23.45037500
25.20950000
23.03337500
23.02333400
22.66100000
23.03816600
23.97479200
25.08370800
24.47379200
22.72933300
21.94750000
20.13266700
20.30229200
19.93245800
19.89733300
19.90491700
19.82837500
19.79770800
19.75125000
20.08554200
18.40391700
18.25520800
18.44875000
18.67733300
18.48937500
18.46262500
18.79716700
18.66837500
18.76908300
18.35995900
19.24850000
21.56237500
20.40908300
19.52645800
21.10733400
19.89729100
19.86220900
19.48533300
21.35033300
20.21195900
18.41375000
19.43229100
19.34216700
19.78566700
18.40120800
20.39391700
19.90216600
20.91420900
20.16475000
19.46979100
20.28758400
20.17529100
19.55375000
18.47150000
19.82075000
19.45991700
19.00716700
19.96283300
19.24745800
19.13287500
20.36787500
19.46179200
19.26387500
19.32620800
19.05137500
18.53520900
20.03500000
19.75562500
19.23304100
19.49554200
19.42116700
18.15787500
19.10033300
17.64287500
19.47079200
19.56170800
19.12558300
18.23620900
18.74395800
23.34608300
22.34454200
21.43750000
20.86883300
21.43604200
21.22945800
20.93062500
20.46954200
21.59287500
21.75187500
21.53395800
20.20058400
21.48950000
20.41883300
21.25483300
21.17400000
21.95029200
21.10466700
21.14720800
23.30304200
23.39845800
23.01500000
23.15450000
23.74970800
21.60837500
23.49179200
23.20295800
22.81704200
22.12445800
22.79812500
23.15125000
21.88945900
23.31908300
22.74000000
23.21262500
22.76020800
22.24566700
23.39300000
22.82854200
23.55329100
23.10425000
22.87145900
23.21537500
22.04250000
22.37250000
23.83679100
22.74733400
22.53916600
21.95858400
21.74037500
22.44875000
22.62562500
23.61350000
23.00741600
23.03116700
22.38779200
22.73733300
22.61204200
23.57520800
21.09591700
24.21650000
23.19612500
21.98304100
23.72445900
21.89858300
22.52487500
22.73816700
21.61858300
22.52220800
21.78187500
21.05912500
22.35754200
22.59866700
21.11520800
21.56287500
21.59975000
21.57479200
23.60633300
21.34383300
23.21337500
22.04816700
21.14133300
22.01858400
22.71966600
22.86233400
18.66725000
22.38054100
22.56300000
22.98570900
19.05970800
19.26466700
21.05312500
22.27012500
18.27212500
19.06837500
17.54950000
22.31287500
18.30145800
19.10379200
18.33825000
19.92537500
18.27125000
19.41129100
18.55300000
19.54737500
17.74037500
20.59670900
19.71104100
19.77945900
19.73937500
18.79000000
18.54708300
20.48241700
17.96683300
18.68366700
19.41083300
18.84854200
18.21595800
20.24920800
19.57345900
17.54475000
19.99866600
20.78812500
19.00991700
20.90662500
18.87275000
19.94895800
18.63520900
19.51791600
19.07308400
19.96954100
20.56775000
19.38975000
18.62350000
19.05458400
18.10079100
17.97850000
17.82866700
17.29400000
17.19162500
17.58475000
17.30975000
17.15354200
17.40220800
16.28904200
15.75412500
16.21325000
15.83333300
15.89687500
15.94945800
16.86975000
15.60283400
17.04783300
16.55141700
16.70883300
16.50237500
16.20941700
16.43433300
16.28908300
16.33037500
16.98358400
16.76533300
16.00437500
16.76454200
17.92150000
17.94808300
17.80095800
18.09737500
18.53687500
18.64500000
18.16404200
18.45516700
19.08391600
18.27883400
18.35175000
17.84629100
17.90108400
20.55279100
19.93920900
20.13225000
19.29154100
19.96741700
19.53629200
19.59008300
19.74545800
19.48716700
21.75200000
19.79025000
21.46875000
19.32579200
20.16595800
19.84900000
20.59712500
20.48245800
19.78937500
19.83437500
20.08895900
18.53500000
20.42591600
19.88800000
19.02954200
19.43583300
19.90825000
19.67608400
19.71604100
20.28225000
19.22204200
19.16408300
19.99429200
19.15808300
20.35420900
24.01691600
23.05591700
22.51708300
23.53245900
22.88295800
24.55729200
22.72395800
22.54191700
22.21520800
24.42445800
22.72670900
22.99945800
23.02220800
23.14983400
24.61579100
23.22083400
23.40645800
23.68687500
22.28991700
23.83845800
23.24404200
22.02000000
22.80154100
23.03100000
22.89629200
23.10200000
24.02012500
22.83054200
23.77275000
22.87758300
21.91000000
23.95395800
24.93450000
26.02300000
23.14058400
23.13008300
22.40929200
22.64675000
22.06641600
25.72400000
22.39541700
24.00087500
23.80312500
23.55983300
23.20095900
22.97658300
23.37150000
25.19445800
23.62329200
22.96404200
22.64462500
23.76700000
22.44616600
22.71912500
21.54304200
22.58862500
21.41333300
22.61404200
21.64958300
20.98870900
21.34495800
22.65237500
21.48450000
21.30062500
22.59283300
22.40037500
21.49520900
22.38612500
21.15133300
22.03125000
20.80758300
23.13812500
21.92229200
21.65216700
22.48787500
20.68791600
22.31641700
22.26475000
19.86412500
23.38666700
22.45925000
22.29133300
20.90537500
22.36229200
21.15287500
21.58779100
20.83483400
20.50120800
21.02112500
22.43308300
23.28941700
21.93266700
21.35775000
22.77812500
22.05029100
21.62191700
22.10804200
20.80804100
19.46008400
20.75820800
22.87975000
21.25683300
18.84554200
18.88437500
20.93320800
21.24316700
18.63570800
23.85933400
21.41233300
22.33070800
22.55754200
22.06195800
20.95712500
21.51325000
21.92520900
20.86691600
21.40262500
22.40716700
23.31637500
21.51154200
23.24291600
21.84983400
21.89062500
21.72187500
23.93420800
23.53070800
22.65420900
22.25245800
20.55708300
21.05525000
20.18987500
20.50391700
20.29045800
19.88750000
19.68095900
19.96454100
20.35400000
19.70258400
19.36341600
18.44087500
18.40991700
19.31345800
17.88437500
18.89566700
19.50841700
20.37287500
18.48975000
19.79854100
19.10400000
19.39050000
18.79345900
18.95320800
18.59416700
19.61291600
19.99320900
20.63550000
20.05954100
21.59404200
21.60883300
20.89450000
20.07058400
22.54470800
20.87170800
22.22487500
22.47712500
23.79579200
22.54050000
22.58008300
22.11245900
21.69487500
22.55720800
22.04850000
21.44458300
23.63245900
22.42333300
22.09000000
22.18295800
21.04670900
22.23858300
25.13612500
26.16125000
22.63404200
22.35345800
22.14575000
21.99920800
22.76437500
22.15079200
22.60541700
22.46779100
22.26991700
22.20512500
22.13116700
21.78725000
25.02200000
22.69675000
22.44437500
21.92325000
23.16679100
21.47583400
24.25329100
22.22679200
22.09816700
20.39112500
22.33020800
22.55575000
22.20537500
21.85129200
20.82695800
21.37662500
22.60016700
22.58762500
19.02258300
19.15512500
21.34900000
21.63016700
18.55570800
19.60229200
17.34637500
24.53458300
20.70050000
19.60800000
19.56900000
19.18420800
19.74508400
19.74429100
19.94887500
19.29116700
18.90891700
19.88675000
19.16912500
19.32533300
19.01370800
19.59600000
19.61679200
19.42962500
19.71300000
19.31904200
18.83712500
19.40066600
19.85420900
18.35216600
19.90050000
18.85170900
20.29170800
19.78079200
18.37512500
19.43758300
20.05062500
18.89191700
19.81012500
19.13445800
19.24158300
19.57700000
18.78487500
20.83395900
18.06266600
19.75575000
20.56270900
20.98079100
20.03725000
19.92433400
18.77754100
18.99162500
18.70741700
18.63904200
18.73195800
19.61525000
19.76345800
20.85962500
19.76066700
19.96454200
20.73641600
19.78933400
20.33016600
18.14750000
21.31887500
19.86954200
19.96341700
19.04012500
19.05162500
18.90391600
19.26983400
17.97316600
21.10950000
20.57937500
20.79829200
19.90462500
19.70062500
19.10937500
18.90716700
20.57395800
21.67166700
19.69850000
19.39570800
19.67716700
20.19550000
21.01133300
20.55370800
21.63041700
21.26479200
21.55508300
20.85954200
21.16650000
20.67316600
27.98133400
24.25620800
24.99604200
24.60029100
25.10504200
23.39750000
23.40487500
24.10341700
22.00295800
25.02970800
24.06437500
21.67495900
24.09341600
23.03850000
23.30616700
23.39500000
22.32791700
23.75266600
22.47804200
21.77566700
23.24316600
23.08491700
23.00745800
22.89325000
22.00912500
23.75345900
24.76462500
23.75250000
24.41879100
24.31045900
23.58312500
23.18279100
23.48237500
21.50125000
20.99341700
20.90258300
21.09000000
21.41429200
21.07737500
20.62141700
20.80304100
21.58383400
22.01054100
21.64266700
21.83379200
20.45662500
20.38000000
19.41229100
18.69725000
20.34916700
19.98904200
19.09220800
19.36929200
18.21133300
19.60816700
19.17433300
19.28075000
21.43091700
21.38508300
20.94766700
20.83220800
20.34512500
22.00483300
20.32037500
20.65425000
24.19841700
21.64912500
22.87095800
21.69666700
24.10858300
22.95583400
23.45445800
22.22025000
25.05383300
22.73916700
22.48408300
22.55766700
22.57991700
23.07070800
22.62866700
22.50483300
22.65445800
22.66537500
22.81725000
23.15945900
23.02250000
21.24325000
23.10820800
22.58762500
22.83270800
22.85741700
22.21333300
22.66454200
21.09662500
22.98170800
22.51250000
22.35812500
22.05950000
22.38879200
22.42195800
21.15254200
22.24183300
23.64170900
22.84433300
22.36779200
22.90512500
22.59800000
22.96391600
23.40254200
23.06016700
22.69870800
22.61020800
24.29695900
22.62845800
25.40820800
23.51300000
23.47000000
23.83708400
22.56833300
22.70754200
20.11812500
22.75908300
23.37562500
23.61187500
19.67091700
19.06745800
23.01662500
22.90008300
19.47108400
19.62537500
19.38050000
22.39095800
19.37033300
18.42083400
19.86266600
20.12366700
20.24333300
20.96350000
20.30983400
20.81275000
19.95087500
19.88950000
19.42770800
20.32266700
19.87720800
19.87370800
19.62550000
21.68337500
19.95766700
20.17516700
20.16541600
20.22720900
20.05304100
21.35504200
20.02358300
20.89337500
21.27829200
20.91320800
18.47833400
19.96491600
20.91500000
20.38137500
21.29466700
18.78516700
21.13079100
20.13375000
19.78241700
20.41095800
19.69800000
20.48212500
19.13662500
19.69462500
19.91666700
19.31108300
19.22654200
19.35591700
19.36483300
18.82891700
20.47829100
19.32237500
19.51587500
20.66500000
20.34154200
18.61487500
18.94016700
18.77095800
19.18000000
20.23812500
20.57308300
19.89470900
19.49429100
20.18125000
19.28141700
20.47479200
19.60533300
19.49983300
19.94962500
19.50579200
19.11279200
20.65079100
20.05170900
18.95791600
23.30070900
22.34900000
21.16362500
21.28537500
21.89829100
20.63375000
21.90100000
21.26991700
19.46675000
20.92862500
18.72595800
19.55100000
21.07791700
21.06829200
20.87620800
20.74825000
19.93579200
19.40945800
19.53308300
21.03666700
18.60075000
20.43275000
19.61595800
20.28558400
20.05783300
19.22791700
19.90387500
19.75987500
19.02233300
19.33570800
19.05950000
19.98912500
20.47520900
22.97983300
24.02666700
22.69320800
20.91583300
20.97166700
21.01687500
20.75162500
20.94758300
20.85358400
20.42587500
20.48583300
20.15433300
19.38145900
19.23166600
19.73987500
19.56975000
19.57120900
19.55454100
19.16745900
18.93745800
19.26283300
19.64379200
19.18133300
19.09137500
20.37700000
19.40254200
