10.95383300
22.51070900
10.87637500
22.52020800
10.84675000
22.55550000
21.26766700
6.05783300
21.12337500
12.39254200
22.19500000
11.18916600
22.31070900
11.05762500
22.26716600
11.06370900
22.24304100
11.13075000
22.29104200
11.09437500
22.52445800
10.82375000
22.58341700
10.77362500
22.51591700
10.87362500
22.80679100
10.55108400
22.61304100
10.75045900
22.52795800
10.86491700
22.40379100
10.79533400
22.28787500
11.22816600
22.55741700
10.82304200
22.55175000
10.79866600
22.58204200
10.78341700
22.49512500
10.72595800
22.24437500
11.27120800
22.36033400
11.00508300
22.61066700
10.76983300
22.54104200
10.82404100
22.48933400
10.86650000
22.43716600
10.94633400
22.48975000
10.87916600
22.31112500
10.88716700
22.04658300
11.48570900
22.32133300
11.04495800
22.16112500
11.18829200
22.21695800
11.17400000
22.12412500
11.23045900
22.39633300
10.95291700
21.93483300
11.43620800
21.89487500
11.48675000
21.93841700
11.41354200
21.80283300
11.56037500
21.86920800
11.51154200
21.83579200
11.51483300
21.86866700
11.49666600
21.66762500
11.72137500
21.57704200
11.76629200
21.28445800
12.06533300
21.54229200
11.85995800
21.47104200
11.86970800
21.36354200
12.01179200
21.37487500
11.99454100
21.66075000
11.70329200
22.21566700
11.15216600
21.70200000
11.67929200
21.45175000
11.91608300
21.34529200
12.00362500
21.53945800
11.84470900
21.54508300
11.82170800
21.81204200
11.54033300
21.75641700
11.62358300
22.21425000
11.15912500
22.08287500
11.26762500
22.19387500
11.16879200
22.10925000
11.27066700
22.50408300
10.83508300
22.39254200
10.98516700
22.17529100
11.19737500
22.24904200
11.11050000
22.15362500
11.22050000
21.97891700
11.40450000
22.11537500
11.23662500
22.40141600
10.96016700
22.37125000
11.01054200
22.54662500
10.80766600
22.41254200
10.95066700
22.46400000
10.92250000
22.56279100
10.78258400
22.30158300
11.07145800
22.50641700
10.87925000
22.68850000
10.66870800
22.23425000
11.12108400
22.22225000
11.16187500
22.60283300
10.76258300
22.44133400
10.90562500
22.56854100
10.81533400
22.34954100
11.01566700
22.37837500
10.97225000
22.36162500
11.02095800
22.52150000
10.85225000
22.38654200
10.95620800
22.39166700
10.90479200
22.01120800
11.44950000
22.25670800
11.09075000
22.19895900
11.16945800
22.11912500
11.26279200
21.77645800
11.56812500
21.86970800
11.35595900
22.11704100
11.41212500
22.26691700
11.07995800
22.11404200
11.25079200
22.03704100
11.34733400
22.19595800
11.01220800
21.99108400
11.37554100
21.58175000
11.94883400
21.99920800
11.34358300
21.95145900
11.42191600
21.72745900
11.65029100
22.07341700
11.29725000
22.05066700
11.29937500
21.99675000
11.39108300
22.12787500
11.23587500
22.05700000
11.27550000
22.16754200
11.23983300
22.10700000
11.25000000
22.18666700
11.16195800
22.04108300
11.32695900
22.12987500
11.25304100
22.19658400
11.15554100
22.23641700
11.13037500
21.93091700
11.45266600
21.98537500
11.36591700
22.20641700
11.15712500
22.03079100
11.35316700
22.21312500
11.13633300
21.98966700
11.37000000
22.12537500
11.26529200
22.12558300
11.22654200
22.01358300
11.34912500
22.05566700
11.33266600
21.96262500
11.38237500
21.62983400
11.73220800
21.79662500
11.43229200
21.85370800
11.66729200
21.59133300
11.75808300
21.61458400
11.76895800
21.83487500
11.53870800
21.71462500
11.62850000
21.68008400
11.70441600
21.97158400
11.40104100
21.59029200
11.75370800
21.89770900
11.48258300
21.79395800
11.57804200
21.94466700
11.40033300
21.58741700
11.78166600
21.59495900
11.79079100
21.96108400
11.39308300
21.84954200
11.51600000
22.08908300
11.29470800
21.92766700
11.42341700
21.92691600
11.43704200
22.17425000
11.21016700
22.56579100
10.78287500
22.26804200
11.10270800
21.88312500
11.50254200
22.09866700
11.24116600
22.04483400
11.32862500
22.02279100
11.36558400
22.25045800
11.09862500
22.67408300
10.68675000
22.60687500
10.77854200
22.58179200
10.78491600
22.50741700
10.84062500
22.55266700
10.83270800
22.46837500
10.90366700
22.51529100
10.82504200
22.50650000
10.87995800
22.53633400
10.82833300
22.26095800
11.08629200
22.20120800
11.16337500
21.94845900
11.43604100
22.04833400
11.30933300
21.90983300
11.45783400
21.81208300
11.56137500
21.82220800
11.52720900
21.86762500
11.36175000
21.79633300
11.72312500
22.12687500
11.22808300
21.98912500
11.37512500
21.99908400
11.38937500
22.25970800
10.94654200
21.87187500
11.64095800
22.11204200
11.27316600
21.79337500
11.55333400
22.11804100
11.24845900
21.78087500
11.60608300
22.24041700
11.12091600
22.16616700
11.18375000
22.14983300
11.23458400
22.38833300
10.97720800
22.32437500
11.02858400
22.41958300
10.96087500
22.25858300
11.10183400
22.19783300
11.15500000
22.24170800
11.13487500
22.28679200
11.09520800
22.28383400
11.06641600
22.28316700
11.08225000
22.07470800
11.14500000
22.01633400
11.49395800
22.09487500
11.27462500
22.06283300
11.32145900
22.28650000
11.05825000
22.01291600
11.35662500
22.17966700
11.20670800
22.23866700
11.11004200
22.30654100
11.05520900
22.21520800
11.17391700
22.75958300
10.58270800
22.44020900
10.92812500
22.42566600
10.95929200
22.17120800
11.18641700
22.34154200
11.01437500
22.19787500
11.02866600
22.09141700
11.41929200
22.30775000
11.03416600
22.59091700
10.82020800
21.64095900
11.70833300
21.63429200
11.58604100
22.04429200
11.46941700
22.13912500
11.25191600
22.34937500
10.96120900
22.20416600
11.15879200
21.75095800
11.65129200
21.85558300
11.48945900
22.03058300
11.31154200
21.94100000
11.46745800
21.96287500
11.37120800
21.79716700
11.58600000
21.81520800
11.42462500
21.89241700
11.58825000
21.88033300
11.49058400
21.78616600
11.60862500
21.88245900
11.33795800
21.78304200
11.70087500
21.84570800
11.57650000
21.84345800
11.45954200
21.72904200
11.65791600
21.83191700
11.55783300
21.94933400
11.40995800
23.38687500
9.83504200
23.08687500
10.27962500
22.97675000
10.55204100
22.76254200
10.58954200
22.60270800
10.78395800
22.97095900
10.37383300
22.80875000
10.57116700
23.05779100
10.14958400
22.49358300
11.05075000
22.89379200
10.43850000
22.53791600
10.83995900
22.77875000
10.59916600
23.00229200
10.31841700
22.98920800
10.39579200
22.93020800
10.44333300
22.84204200
10.37987500
22.17379200
11.34658300
22.36629200
10.99412500
23.06987500
10.22600000
22.49412500
10.95066600
21.83670900
11.52775000
21.89966600
11.45858400
21.79495800
11.56725000
22.44679200
10.93304100
21.89450000
11.47216700
21.73833300
11.47637500
21.83958400
11.52616600
21.87650000
11.48995900
21.86625000
11.50041600
21.65979200
11.86154200
22.00687500
11.36550000
21.80800000
11.52229100
22.29708400
11.07170800
22.20508300
11.19183400
21.82808300
11.52075000
21.84225000
11.55579200
21.92154100
11.40587500
21.94966700
11.42254200
21.93595800
11.40595800
22.03883400
11.35658300
22.02416700
11.34229100
21.75591700
11.61029200
21.91629100
11.47475000
21.94504200
11.38279200
21.78325000
11.45829100
22.06850000
11.45512500
22.04891700
11.28941700
21.94691600
11.43308400
22.29408300
10.93066700
21.93170800
11.57625000
21.75504200
11.48416600
21.49675000
12.04100000
21.79879200
11.54154200
21.87591600
11.47350000
22.26433400
11.14079100
21.61687500
11.73095900
21.46012500
11.88666600
21.84037500
11.54733400
21.72408300
11.62983300
21.81575000
11.50483400
21.50887500
11.89975000
21.89050000
11.33104100
21.80000000
11.70120900
21.94858300
11.28341700
21.87795800
11.48995800
21.95550000
11.55095900
21.82429100
11.40141700
21.69912500
11.82641700
21.89458300
11.45045800
21.94554200
11.41900000
22.32187500
11.05100000
21.66800000
11.69570800
21.88008400
11.50945800
22.40129200
10.93941600
22.47737500
10.75395900
22.25595800
11.24437500
22.62037500
10.61262500
22.55912500
10.94445800
22.48466700
10.76066700
22.43662500
11.07041600
22.15720900
11.21475000
21.92558300
11.42100000
22.24975000
10.99229200
22.56754100
10.93483400
22.31062500
10.90379100
22.45691700
11.06533300
22.51487500
10.83612500
22.54250000
10.83287500
22.41083400
10.89695800
22.26345800
11.17025000
22.49975000
10.71016700
22.37620800
11.12820900
22.25100000
11.12137500
22.05050000
11.30345800
21.88025000
11.48158300
21.62516700
11.76083300
21.58879200
11.63316700
22.51087500
10.98016600
22.49437500
10.90612500
22.41387500
10.92170900
22.41987500
10.95929100
22.61237500
10.76941700
25.20970800
8.00170900
23.38904100
9.98245900
22.74870800
10.61337500
22.70654200
10.81050000
22.61737500
10.74362500
22.82520800
10.54737500
22.52250000
10.83120800
22.61416700
10.62004200
22.52850000
10.98658300
22.38508300
10.97983400
22.60037500
10.75512500
22.62062500
10.60508300
21.77075000
11.75062500
21.39783300
11.81625000
21.14650000
12.21908400
22.15170800
11.38270800
21.64229200
11.70412500
21.64812500
11.71508300
21.76708400
11.45441600
21.78145900
11.74254100
21.92891700
11.43133300
21.94604200
11.44550000
22.00795800
11.33354200
21.95870800
11.41095900
22.11725000
11.26516600
22.25070900
10.94650000
21.74616600
11.66962500
21.99300000
11.49075000
22.08587500
11.26812500
21.95237500
11.40816700
22.00458300
11.21479200
21.73437500
11.79383300
22.49275000
10.85458400
22.53741600
10.85079200
21.67395800
11.68300000
21.58429200
11.62829200
21.57504100
11.94816700
21.68212500
11.68633300
21.62166700
11.72687500
21.59479200
11.77266600
21.51000000
11.87112500
21.35333400
11.98225000
21.53120800
11.87200000
21.35100000
11.85466700
21.80825000
11.69425000
22.09900000
11.25412500
21.75104100
11.63983400
21.58754100
11.76787500
21.58004200
11.78900000
21.69391700
11.53516600
21.69441700
11.80679200
21.55237500
11.81770800
21.68954200
11.68195800
22.05525000
11.32904200
21.51625000
11.82750000
21.60737500
11.77825000
21.84058300
11.37133300
22.24441700
11.28587500
22.05883300
11.30283400
22.09587500
11.28808300
22.21658300
11.09150000
22.18133400
11.06633300
21.99825000
11.53233300
21.99675000
11.20720900
22.20704100
11.25079200
23.26175000
10.03833300
22.44629200
10.89450000
22.51658300
10.98895900
22.40212500
10.98391600
22.42537500
10.88004200
22.52604200
10.89516600
22.68404200
10.68912500
22.50091700
10.70783300
22.81541700
10.56829100
22.12591700
11.22366700
23.01829100
10.43833400
22.47320800
10.94750000
22.49070800
10.88829200
22.41420800
10.92916700
22.90370800
10.33583400
22.37708300
11.14479200
22.90366600
10.30337500
22.93037500
10.53733400
21.96062500
11.46175000
22.11037500
11.10720800
21.58479200
11.94162500
21.79725000
11.57637500
21.58483300
11.76208300
21.40975000
11.93808400
21.39562500
11.84295800
21.63500000
11.87362500
21.36645800
11.98483400
21.31200000
12.04858300
21.45820800
11.93770900
21.29400000
12.04391600
21.26595900
12.11004100
21.37137500
12.01420900
21.51854100
11.83912500
21.57687500
11.77250000
21.36004200
12.03900000
22.04550000
11.27158300
21.76116700
11.62600000
21.38470800
11.99395900
21.76437500
11.45491600
21.74991700
11.74208300
21.53454200
11.85954200
21.85916600
11.48866700
21.82412500
11.54875000
21.75958300
11.64183400
21.55525000
11.63641600
21.59929200
11.90487500
21.46841700
11.92387500
22.01933300
11.33979200
22.07291600
11.26079200
22.00262500
11.24712500
21.79354200
11.72633300
22.06400000
11.29400000
21.84133300
11.51604200
21.85725000
11.36945800
21.72950000
11.78112500
22.25608400
10.99066600
21.95958400
11.54520800
21.98058300
11.35570900
21.99620800
11.23895800
21.84054200
11.66795800
22.05308400
11.31137500
21.88291600
11.47725000
22.00475000
11.38729200
21.32658300
12.02629200
21.52529200
11.70625000
21.53316600
11.97741700
21.60850000
11.74541700
21.62775000
11.59908300
22.07587500
11.46241700
22.32895800
10.86387500
21.71654200
11.72354100
22.08450000
11.38462500
22.23329200
11.12062500
22.04266700
11.31575000
22.12712500
11.25087500
22.14512500
11.23062500
21.99633300
11.19504200
22.12341600
11.41750000
22.01729200
11.17516700
22.05100000
11.47087500
22.03016600
11.33658400
22.28691600
11.09433400
22.26050000
11.07841600
22.23150000
11.14045900
21.93716600
11.44562500
22.72458400
10.62212500
22.70754100
10.51558400
21.92445800
11.59937500
21.68770800
11.66054200
21.62216700
11.75229100
21.71550000
11.68079200
22.06979200
11.25237500
21.89029100
11.47916700
22.07729200
11.30754100
22.07000000
11.30304200
22.01720800
11.33483400
21.89645800
11.37441700
22.06737500
11.40662500
21.91900000
11.35875000
22.07350000
21.79037500
6.11916600
21.92675000
11.53220900
22.49400000
10.78037500
22.29062500
11.14966600
21.71479200
11.75966700
22.62845800
10.55683300
21.81362500
11.68250000
21.72420900
11.51391600
21.49695900
12.01466600
21.75270900
11.60137500
21.49325000
11.86183300
21.31983300
12.06975000
21.81762500
11.52120900
22.26045800
11.11391700
22.74308300
10.61845800
22.17191700
11.18316700
21.47220800
11.91641700
21.38887500
12.01654100
21.36633400
11.98604100
21.12195900
12.22304100
21.18158400
12.14462500
21.20404100
12.19879200
21.24004200
12.13558300
21.13150000
12.09800000
21.33970800
12.17300000
21.24641700
12.12808300
21.92412500
11.38108400
21.56050000
11.74454100
21.45329200
12.02991700
21.15095800
12.19608300
21.28116700
12.10062500
20.98708300
12.36370900
20.96762500
12.40295800
21.00745800
12.37787500
20.82716700
12.39150000
22.78525000
10.59791700
24.76537500
18.97291600
25.60854200
5.16954200
23.58212500
5.31766600
21.94195900
8.09037500
20.72608300
12.77237500
20.44566700
12.88450000
20.82466600
12.45120900
21.21162500
12.25404100
21.53237500
11.73529200
20.61491700
12.74841600
20.53075000
12.86500000
20.37150000
13.11062500
20.33462500
13.05450000
20.54091700
12.79700000
20.25683300
13.06437500
20.65483400
12.61783300
20.33066700
13.18016600
20.20620900
13.14395800
20.21537500
13.16579200
20.60629100
12.76637500
20.64545900
12.57362500
21.45425000
11.94225000
21.65775000
11.82179100
21.65775000
11.69104200
21.69925000
11.67287500
21.51658300
11.85866700
20.79654200
12.52437500
21.23712500
12.03579100
21.29137500
12.22041700
21.45216700
11.93979100
21.01929200
12.33195800
20.83170900
12.52662500
21.62933300
11.65929200
22.19683300
11.16729200
23.84587500
9.45600000
20.85650000
12.56370800
20.56195800
12.82370900
19.55487500
13.88329100
19.49375000
13.86175000
19.54379200
13.81625000
19.09025000
14.32183300
19.52462500
13.83295900
19.86137500
13.34145800
21.25408300
12.25920900
21.73208300
11.48820800
21.55600000
11.95058400
21.85479100
11.51654200
21.91687500
11.30508300
21.88025000
11.48625000
21.85537500
11.63775000
22.33354200
11.05270800
23.31154200
9.93112500
21.73025000
11.72250000
21.73320800
11.65929200
22.04679200
11.31441600
21.64300000
11.72404200
22.29262500
10.94725000
22.60395800
10.85983400
21.78629100
11.59341700
21.93720800
11.46345900
22.11500000
11.14104100
21.89441700
11.54866700
21.84875000
11.48650000
22.08454100
11.33204200
22.42758300
10.87841700
21.75970800
11.66045900
22.20279100
11.12612500
22.33345900
10.94770800
21.58812500
11.94520800
22.08420900
11.24845800
22.18295800
11.15133400
21.84200000
11.58737500
22.20229100
11.16520900
22.23600000
11.10775000
22.25154100
11.13658400
22.16920800
11.17683300
22.22395900
11.14075000
22.10408300
11.26691700
22.14825000
11.22695800
22.01366700
11.34758300
21.99241700
11.36925000
21.96720800
11.41829200
22.20495800
11.14637500
21.08916700
12.25666600
21.35466700
12.03612500
21.45437500
11.89575000
21.27637500
12.08616700
21.78108300
11.45716700
21.97558300
11.51816700
22.30725000
11.05629100
21.11441700
12.13800000
21.42254200
12.06154100
21.44158400
11.92516600
21.55079200
11.85425000
21.68129200
11.64966600
20.86408400
12.49458300
21.89545800
11.41220900
21.83550000
11.61129100
21.90162500
11.43779200
21.57508300
11.82591700
21.59766700
11.76479100
21.12162500
12.25137500
21.97045900
11.36541600
20.99391700
12.39945800
21.37962500
11.95670900
21.88841600
11.36037500
22.29958400
11.20175000
22.03350000
11.19862500
22.48333300
11.00250000
22.51812500
10.88712500
22.95591700
10.31462500
21.96879100
11.45370900
21.81300000
11.58354100
22.17712500
11.17604200
22.04650000
11.31029200
21.82354100
11.55575000
21.59062500
11.63950000
21.94129200
11.49670800
22.44387500
10.98625000
22.65745900
10.71050000
22.77270800
10.58104200
23.39245800
9.85841700
21.91175000
11.58462500
22.13508300
11.21804200
22.44975000
10.89183300
22.10858300
11.32433400
22.64070800
10.56112500
22.37183300
11.12987500
22.18883400
11.04279100
22.21437500
11.27595900
22.08841600
11.29179200
22.13854200
11.23350000
22.35683300
10.99175000
22.28616700
11.07333300
22.29862500
11.09237500
22.25995800
11.08970900
22.33250000
11.03833300
22.57308300
10.72629200
22.81891700
10.48620800
22.65508300
10.82775000
22.72208400
10.67841600
22.23762500
11.09629200
22.27591700
11.09345800
22.27866700
11.13520800
22.49087500
10.81275000
22.61337500
10.77362500
22.28050000
11.10241700
22.45775000
10.76816600
22.48608400
11.00679100
22.34512500
11.03820900
24.66054100
8.56475000
25.81112500
7.55608400
25.24525000
8.12275000
24.65950000
8.70612500
23.12362500
10.25666600
22.91162500
10.51583400
22.38400000
11.03450000
22.15254100
11.20829200
21.61841700
11.75283300
21.78533300
11.54245900
21.57995800
11.71458300
21.56500000
11.91950000
21.43975000
11.94520900
21.54733300
11.79400000
21.39550000
11.96041700
21.67125000
11.72262500
22.46400000
10.76412500
22.05262500
11.43404100
21.77479200
11.61983300
21.99279200
11.33037500
21.71929200
11.66266600
21.79587500
11.58420900
21.95304100
11.40729200
21.90425000
11.44979200
21.74504100
11.65133400
21.67595800
11.67937500
21.78779200
11.59075000
21.87312500
11.49725000
22.49320800
10.84979200
22.21854100
11.01866700
22.40516700
10.98279100
22.28095900
11.19937500
22.41708300
10.93925000
22.35154200
11.00170800
22.37695800
11.02208400
22.34241600
10.99050000
22.37975000
10.99595900
22.28679100
10.96204200
22.25925000
11.22775000
22.29491700
11.07195800
22.72775000
10.62375000
23.07525000
10.31150000
22.78841700
10.59320800
22.72587500
10.64737500
23.07275000
10.14587500
22.43704200
11.08791600
22.62025000
10.75112500
22.73433400
10.62016600
22.60954200
10.76000000
22.69937500
10.69079200
22.75220800
10.59766700
21.48608300
11.86304200
21.82900000
11.56166600
21.60737500
11.75570900
21.46870800
11.73462500
21.40658300
12.12587500
21.87695900
11.48883300
21.97925000
11.35916700
21.99025000
11.36575000
21.28741600
12.11504200
21.32929200
12.01662500
20.78087500
12.58829100
21.10679200
12.27016700
21.34095800
11.98670800
21.25791700
12.15458300
21.48845900
11.87704100
21.46108400
11.90500000
21.22120800
12.12670800
20.81650000
12.58387500
21.31812500
11.99650000
21.09912500
12.30862500
21.10033400
12.13504100
21.28841700
12.18300000
22.31141700
10.91891600
22.37995900
11.14237500
22.48691600
10.87883400
22.37604100
10.97879200
22.80316700
10.42062500
22.58612500
10.93291600
22.50820900
10.83716600
22.42083400
10.97008300
22.54720800
10.80566700
22.52433300
10.83891700
22.34566700
11.02845800
22.38991700
10.98945800
22.86087500
10.34750000
22.21604200
11.15066600
22.20695900
11.15954100
22.08337500
11.41412500
22.25266700
11.10379200
22.66087500
10.59558300
22.44070800
11.05441700
22.44570800
10.92025000
23.00204200
10.33187500
22.54712500
10.85237500
22.38791700
10.97295800
22.83883300
10.47900000
23.18870900
10.13358300
23.38895800
9.93908400
24.04400000
9.32220800
23.36300000
10.00366700
22.58550000
10.90950000
22.41225000
10.98016600
22.48675000
10.87658400
22.80800000
10.56066600
22.75329200
10.54104200
22.49637500
10.96591600
22.60475000
10.70633400
21.77650000
11.63058300
22.93483300
10.37083400
22.21816600
11.18162500
22.36125000
10.87233400
22.14541600
11.38179200
23.02287500
10.19279200
19.35866600
13.99858400
19.60829100
13.93350000
19.50904200
13.68825000
19.60358300
13.78466700
19.54104200
13.79816600
19.39675000
14.11175000
19.34800000
14.00908400
19.70520800
13.69004200
19.42241600
13.91516700
19.36070800
14.02962500
19.46066700
13.83233300
19.40933400
14.03991600
19.39233400
13.94504100
19.80358400
13.46854100
21.84770900
11.60233300
20.81941700
12.52475000
19.85312500
13.54058300
19.69729200
13.69812500
19.69150000
13.65583300
19.53733300
13.84745900
19.62300000
13.74570800
19.43962500
13.92470800
19.44283400
13.91525000
19.41941600
13.80012500
19.39383400
14.11283300
19.64337500
13.72179200
19.41925000
13.97358300
20.17004200
13.07675000
21.22045800
12.24145800
21.62100000
11.75795900
22.20145800
11.15304200
22.22141600
11.00516700
22.45866700
10.90900000
22.35316600
11.15012500
22.46212500
10.90191700
22.47262500
10.92320800
22.72225000
10.56033400
22.46912500
10.95800000
22.35733300
11.03875000
22.67291700
10.52375000
22.10775000
11.33966600
22.44112500
10.85933400
22.56187500
10.92966600
24.64312500
8.58416700
22.74950000
10.77870800
25.18341700
8.03312500
25.05625000
8.29900000
22.76750000
10.59908300
22.58404200
10.93883300
22.55570900
10.75566600
24.58020900
8.68629100
23.18316700
10.18279200
23.23200000
10.13579100
24.90895900
8.46808300
30.17579200
5.23562500
24.38258300
6.92770800
22.75420900
10.64162500
22.95245800
10.38650000
22.89583300
10.48350000
22.15975000
11.22620900
21.99179100
11.34258400
22.33525000
11.03241600
21.68500000
11.97370900
86.86270800
5.21541700
37.88941600
5.25912500
19.72350000
4.66966700
19.71729200
4.57662500
19.64566600
4.67620900
21.09729100
4.83795900
20.68195800
5.28733300
20.68508400
4.99462500
21.82633300
6.67450000
23.20362500
5.02991700
21.68087500
5.42520800
21.96920800
8.47670900
23.40266600
9.96808400
21.33479100
12.19687500
20.70895900
12.62341600
20.22525000
13.14220900
20.58475000
12.84116600
20.22870900
13.07116600
20.58425000
12.65429200
20.37475000
13.15183300
20.95850000
12.33079200
20.63391700
12.65629100
20.59604200
12.94504200
20.78741600
12.43270900
20.75629100
12.71762500
21.90204200
11.46341700
21.25650000
12.10433300
20.76370800
12.60250000
21.13970900
12.25425000
21.03758300
12.30862500
20.98733300
12.34966700
21.45191700
11.94937500
21.40041600
11.94887500
21.13737500
12.10141700
21.27862500
12.21554200
21.13241600
12.26625000
20.57004200
12.77658300
20.23500000
13.15158400
20.56341600
12.79891700
21.10566700
12.18595800
20.51066700
12.77562500
20.16950000
13.35087500
20.80495800
12.41758300
20.68545900
12.80854100
20.35845900
13.02600000
20.35225000
12.85970800
20.31854200
13.18095800
20.84237500
12.40141700
20.62425000
12.81320800
20.48991700
12.79633300
20.84629200
12.67570800
20.86316700
12.47995800
21.13466700
12.09970800
20.70133300
12.80908400
21.95350000
11.37658300
21.54187500
11.82804200
20.70600000
12.70445800
20.41333300
12.95408400
21.01645800
12.31529200
21.71725000
11.68354100
22.64162500
10.57204200
21.83541700
11.61662500
22.70600000
10.58354100
23.64925000
9.70950000
22.33237500
11.15658400
21.38345800
11.97875000
21.90741700
11.45025000
24.68533300
8.57329200
22.79150000
10.57358300
55.16308300
5.32629200
22.14545800
6.01920900
31.29904100
4.91633400
21.24087500
4.79416600
20.13783400
4.77558300
22.06025000
4.99512500
20.31225000
10.52237500
20.92641700
12.43175000
21.15204100
12.21745900
21.15383300
12.12825000
21.49362500
11.93762500
21.40987500
11.95500000
21.57100000
11.82533300
21.43325000
11.92491700
21.43791700
11.92570800
23.46458300
9.77450000
23.67795900
9.68383300
22.47104200
10.89733300
21.79404200
11.67887500
21.80379100
11.60445900
21.57945800
11.77337500
21.39066700
11.84425000
21.54629100
11.97012500
21.87245900
11.47779100
21.84708400
11.46112500
21.73058300
11.71100000
21.76212500
11.57683300
21.52404200
11.85312500
21.46150000
11.92429200
21.65062500
11.67762500
22.73600000
10.51487500
23.01045800
10.35704200
22.92870800
10.43795800
23.18808400
10.17620800
22.60737500
10.84891700
21.91545800
11.48741700
22.09333300
11.18320800
22.84137500
10.51033400
22.24287500
11.26458300
22.26179200
11.09520800
22.33308300
11.02658400
22.43520800
10.91800000
22.36045800
10.99791700
22.35883300
11.04966700
22.42100000
10.91520800
22.28175000
11.09329200
22.51812500
10.82279200
22.25595800
11.16466700
22.61345800
10.58350000
22.89275000
10.47395800
23.19025000
10.17504200
22.08541700
11.43062500
22.23125000
11.14033300
22.57166700
10.64083300
23.30750000
10.05908300
23.05375000
10.31295900
22.07937500
11.43362500
22.00245800
11.35075000
21.99141700
11.38058300
22.09941700
11.12895800
22.19295800
11.17362500
22.63291700
10.79175000
21.95233300
11.35725000
22.46020900
22.50808300
6.34541700
15.55812500
22.14112500
11.09045800
22.76104200
10.63400000
22.20525000
21.90966600
5.90258400
22.13320800
11.37250000
22.46037500
10.84262500
22.00554200
11.45962500
22.13758300
11.05500000
22.12045800
11.38666700
22.58362500
10.69404200
22.19845800
11.23258300
22.21875000
11.16429200
22.12975000
11.25375000
22.15062500
11.18175000
22.64379200
10.60825000
23.08000000
10.28650000
22.37050000
10.99625000
21.94966600
11.53816700
22.13775000
11.24895800
22.44633400
10.85116600
21.97958400
11.43620800
22.00437500
11.38575000
22.10750000
11.11645800
22.41262500
10.95216700
22.37845800
11.04162500
22.11787500
11.32050000
22.05862500
11.30791700
22.62933300
10.65033400
22.13737500
11.30687500
22.06562500
11.28987500
22.22195800
11.15329200
22.97275000
10.29179100
22.80641700
10.55637500
22.17183300
11.18783400
22.80712500
10.55950000
22.13537500
11.36000000
22.18175000
11.19004100
22.04875000
11.18420900
22.38441600
10.98241700
22.26045800
11.23529200
22.15912500
11.24275000
22.58441700
10.65133300
23.11529200
10.21783300
22.10641700
11.42262500
22.31158300
10.97087500
22.26362500
11.14241700
22.19070800
11.17795800
22.38016700
10.95495800
22.08833400
11.19045800
22.73991700
10.62650000
22.59920800
10.83158300
21.95458400
11.47404100
22.04804200
11.35058300
22.30845900
11.01487500
22.67883300
10.58870800
22.48129200
10.92995800
22.21741700
11.08916700
22.48691600
10.89570900
22.73445800
10.64608300
22.20779200
11.27191700
22.46150000
10.76220800
22.30054200
11.21833300
22.60554200
10.60900000
22.30583300
11.18541700
22.22320800
11.13766700
22.13862500
11.17687500
22.28725000
11.12091600
22.08629200
11.28450000
22.51629200
10.80329100
22.28250000
11.14475000
22.02900000
11.30612500
22.21458400
11.20579100
22.36883400
10.93179100
22.87458400
10.41525000
22.50354100
10.85708400
22.51175000
10.92370800
22.06220800
11.35645900
21.85966600
11.53150000
21.95104200
11.40016700
21.96304100
11.35975000
23.54783400
9.74166600
22.71750000
10.66245900
22.29258300
11.16245800
22.03045900
11.35945800
22.46791700
10.76500000
22.82562500
10.54133300
22.70337500
10.67408300
22.53520900
10.90558300
22.07462500
11.20691700
21.88937500
11.47720800
22.13595800
11.35441700
21.97537500
11.27454200
21.86170800
11.62258300
21.83608400
11.56479100
22.20425000
11.12362500
21.81250000
11.43408400
21.82479100
11.70116700
22.43233300
10.87045900
21.94300000
11.43862500
21.81612500
11.58595800
22.13337500
11.18283300
22.09462500
11.30741700
22.13591700
11.19783300
22.35425000
11.05050000
22.34554200
11.01791600
22.34991700
10.88408300
22.23162500
11.27220900
22.29666600
11.08033400
22.25858300
11.13037500
22.50079200
10.82041600
21.84066700
11.54054200
22.14983300
11.21858300
22.43354200
10.85508300
22.04029200
11.39941700
22.16195800
11.20783300
22.16816700
11.15741700
22.33033300
11.08162500
22.40654200
10.88108300
23.25075000
10.05775000
22.77120800
10.58979200
22.41345800
10.95320900
22.08050000
11.42225000
22.01733300
11.21341700
22.06633300
11.42383300
21.97000000
11.27300000
22.14054200
11.35325000
21.92529200
11.41462500
22.08345800
11.32750000
21.99520800
11.35475000
21.96604200
11.40358300
22.05729200
11.31262500
21.92750000
11.43625000
22.51133300
10.72791700
23.21220800
10.15062500
21.97116700
11.39541700
22.85608300
10.51054200
21.77591600
11.73112500
22.07325000
11.29125000
21.75258400
11.62220800
22.05429200
11.24816600
22.17854200
11.14583300
21.70737500
11.76358400
22.23295800
11.11687500
21.81604200
11.56520800
21.75058300
11.59925000
21.76108400
11.59508300
21.89929200
11.49966600
21.89408400
11.44779100
22.04075000
11.32912500
21.88425000
11.35745900
21.92966600
11.57770900
22.87004100
10.35587500
22.40895900
10.97979100
22.91770900
10.42670800
21.90641700
11.58262500
21.88845800
11.49233300
22.11070900
11.11945800
21.75554200
11.71983300
21.73300000
11.66950000
21.69883300
11.52437500
21.79108400
11.69170800
21.75412500
11.62645800
22.41337500
10.82420900
22.72166600
10.64291700
21.71325000
11.79500000
21.93620800
11.42750000
21.64187500
11.71162500
21.94887500
11.29529200
22.38216700
10.98258300
22.03258300
11.44412500
22.38095900
10.87591600
22.32700000
11.11812500
21.81912500
11.47604200
21.81962500
11.65945800
21.75054200
11.62662500
21.98608300
11.34395900
21.70470800
11.56879200
21.73358300
11.77175000
22.23112500
11.11383300
21.58320900
11.67295800
22.64175000
10.72908300
23.21300000
10.14166700
22.83137500
10.53554200
21.62754100
11.88645900
21.95866600
11.28737500
21.78312500
11.69666700
21.81904200
11.56391600
22.54779200
10.66595800
21.76937500
11.71912500
21.85045900
11.52141600
22.61041700
10.62583300
21.72204200
11.75066700
21.49112500
11.76950000
21.41845800
12.09058300
21.26445900
12.08241600
22.25491700
11.00058300
21.38016700
12.12383300
21.61679200
11.60816700
21.40754100
12.07170900
21.79437500
11.45266600
22.16629200
11.27237500
22.88700000
10.40766700
21.53979100
11.96983400
21.72041600
11.60191700
21.63920800
11.75116700
22.39091700
10.93520800
21.77362500
11.51116700
21.37262500
11.99420800
21.82050000
11.71070800
21.68354200
11.51862500
21.63066700
11.87954100
21.65670900
11.71862500
22.12904100
11.15841700
21.69725000
11.71562500
21.61641700
11.77179100
21.84237500
11.51904200
21.69104200
11.65795800
21.68658300
11.69337500
21.75250000
11.62212500
21.65662500
11.57079200
21.73633300
11.76862500
21.84266700
11.53900000
21.71587500
11.61983300
22.27175000
10.97250000
16.81395900
16.55287500
16.77237500
16.69495800
16.70175000
16.65562500
16.68304200
16.71170800
16.66333300
16.67975000
16.70483400
16.66150000
16.70145800
16.71150000
16.64095800
16.68212500
16.70050000
16.68725000
16.65845900
16.70345800
16.58404200
16.66787500
16.80616600
16.68758400
16.67045800
16.72133300
16.53158400
16.68304100
16.68337500
16.68333400
16.68337500
16.68345800
16.68312500
16.68333300
16.69754200
16.66908300
16.69958400
16.66708300
16.68329200
16.70316600
16.67108400
16.67583300
16.69987500
16.68341700
16.66679100
16.71058400
16.65600000
16.68337500
16.68320800
16.70700000
16.65966700
16.69695800
16.66970800
16.68341700
16.70175000
16.66500000
16.68325000
16.68354200
16.68312500
16.68337500
16.68333300
16.68341700
16.72312500
16.80395800
16.62670800
16.65570900
16.60691600
16.78791700
16.67408300
16.69604200
16.71504200
16.68208300
16.55491700
16.82116600
16.53725000
16.82850000
16.53641700
16.79500000
16.73566700
16.66112500
16.65491600
16.70879200
16.54454200
16.68325000
16.68329100
16.78420900
16.76504100
16.50075000
16.70720900
16.77283300
16.57004200
16.68333300
16.80637500
16.70687500
16.66075000
16.69891700
16.69229100
16.65808400
16.70704100
16.69541700
16.52425000
16.68337500
16.83129200
16.65354100
16.70187500
16.66204200
16.69662500
16.68629200
16.68520800
16.66125000
16.71745800
16.66504200
16.55595800
16.81445900
16.55212500
16.78483300
16.70841700
16.67095800
16.67458300
16.72220900
16.66875000
16.67241600
16.68087500
16.65883400
16.71141600
16.69637500
16.66700000
16.68308400
16.68637500
16.56450000
16.82437500
16.67366600
16.65079200
16.67104200
16.70408300
16.61212500
16.76050000
16.69929200
16.68987500
16.54804100
16.82145900
16.66137500
16.56720800
16.83437500
16.53120800
16.81266700
16.69204200
16.66295800
16.70629200
16.68208300
16.67741700
16.55000000
16.83929100
16.64608400
16.56445800
16.82266700
16.67704100
16.66616700
16.69704200
16.66754100
16.68891700
16.66041700
16.68345800
16.69725000
16.57283300
16.81991700
16.70741700
16.64516600
16.66229200
16.72416700
16.64925000
16.66870800
16.71766700
16.67650000
16.70308300
16.68829200
16.65262500
16.66712500
16.71662500
16.61837500
16.72416600
16.57650000
16.68225000
16.81833400
16.67725000
16.55445800
16.79558300
16.69583400
16.67475000
16.56712500
16.82583300
16.54179200
16.68316600
16.81750000
16.65991700
16.64700000
16.74412500
16.65583300
16.70166700
16.70341700
16.64454100
16.70783400
16.57791600
16.66308400
16.79904100
16.71150000
16.64841700
16.66241700
16.68908300
16.71208300
16.68687500
16.55141700
16.79858300
16.70033400
16.65945800
16.57395800
16.79920900
16.67529100
16.69266700
16.71204200
16.64941600
16.57129200
16.80445800
16.70558400
16.65858300
16.70712500
16.65154200
16.70262500
16.70725000
16.64608300
16.56766700
16.81408300
16.55208300
16.68733400
16.67912500
16.68329100
16.68329200
16.68325000
16.68333300
16.68333400
16.68320800
16.68337500
16.68345800
16.68329200
16.68333300
16.68762500
16.67887500
16.68341700
16.69800000
16.68029200
16.67179100
16.68337500
16.69670900
16.66995800
16.69983300
16.66675000
16.68350000
16.68312500
16.68333400
16.68337500
16.68341600
16.68325000
16.68329200
16.70845800
16.65820900
16.68350000
16.69612500
16.70387500
16.64979100
16.76304200
16.72237500
16.66337500
16.72350000
16.65750000
16.69629200
16.69650000
16.66620800
16.56150000
16.81358300
16.66654200
16.56962500
16.81595800
16.68033400
16.65191600
16.70654200
16.56187500
16.79391700
16.70683300
16.66516700
16.67645800
16.57429200
16.79237500
16.68516600
16.70050000
16.64708400
16.72495800
16.69287500
16.66583300
16.69291700
16.68812500
16.54350000
16.80854200
16.55816600
16.79070900
16.72775000
16.66687500
16.67183300
16.69491700
16.69750000
16.63129100
16.75175000
16.66425000
16.67487500
16.70354200
16.65616700
16.67220800
16.68558300
16.69179200
16.65095800
16.71370900
16.55420800
16.82212500
16.70108300
16.52675000
16.79025000
16.68945900
16.57029100
16.78687500
16.69904200
16.56433300
16.82941700
16.53708300
16.80270900
16.67962500
16.66854100
16.69504200
16.68075000
16.70429200
16.66775000
16.68312500
16.61962500
16.76337500
16.70562500
16.67950000
16.54079100
16.78037500
16.70541700
16.66920800
16.70020900
16.68833300
16.67737500
16.55495800
16.68820900
16.78712500
16.71395800
16.54425000
16.81095800
16.69966700
16.70991700
16.51270800
16.81220800
16.55437500
16.80629200
16.56058300
16.83516700
16.63716700
16.73312500
16.53412500
16.78904100
16.57750000
16.76779200
16.70020800
16.71629200
16.67533300
16.66795900
16.70520800
16.54425000
16.81195800
16.70266700
16.57112500
16.76370800
16.70345900
16.65508300
16.69437500
16.71983300
16.65391700
16.65879200
16.71837500
16.64475000
16.69791600
16.70829200
16.60945800
16.71166700
16.72279200
16.65125000
16.58404100
16.80625000
16.66820900
16.68654100
16.69754200
16.62850000
16.61600000
16.83250000
16.65475000
16.69150000
16.55137500
16.80104200
16.70120800
16.66987500
16.59650000
16.77216700
16.64008300
16.69741700
16.73187500
16.66879100
16.67129200
16.71520800
16.67175000
16.67108400
16.69283300
16.69020800
16.64662500
16.70541700
16.55670800
16.68475000
16.82229200
16.65320800
16.69612500
16.70629200
16.62279200
16.69862500
16.73812500
16.64012500
16.57991600
16.81195900
16.57308300
16.65670800
16.68283400
16.68341600
16.68329200
16.68329200
16.68316600
16.68345900
16.68325000
16.68333300
16.68387500
16.68270800
16.68345900
16.68316600
16.68341700
16.68337500
16.68320800
16.68329200
16.68350000
16.68316700
16.68337500
16.68325000
16.68337500
16.68337500
16.68320800
16.68341700
16.68329100
16.68333400
16.68333300
16.68333300
16.68337500
16.68337500
16.68345900
16.68316600
16.68333400
16.68329100
16.68337500
16.68341700
16.68937500
16.67712500
16.68350000
16.68341700
16.68316600
16.68629200
16.68050000
16.69129200
16.67529100
16.68329200
16.69237500
16.67437500
16.68333300
16.68325000
16.68341700
16.68333300
16.68633400
16.68029100
16.68429200
16.68245800
16.68470900
16.68183300
16.68329200
16.68591600
16.68079200
16.68333300
16.68337500
16.68437500
16.68979200
16.67670800
16.68237500
16.68341700
16.68341700
16.68416600
16.68233400
16.68345800
16.68325000
16.68337500
16.68341700
16.68433300
16.68850000
16.68216700
16.67825000
16.68666600
16.68108400
16.68229100
16.69033400
16.67641600
16.69091700
16.67562500
16.69133300
16.67712500
16.68150000
16.68329200
16.68341700
16.68333300
16.68375000
16.68300000
16.68337500
16.68966700
16.67691600
16.68325000
16.68404200
16.68258300
16.68462500
16.68295900
16.68245800
16.68404200
17.71300000
15.66575000
16.67066600
16.68325000
16.68333400
16.69166600
16.67508400
16.68704100
16.69341700
16.70316700
16.65095800
16.69075000
16.67966700
16.67820800
16.68408300
16.68991700
16.67612500
16.68416700
16.68254100
16.68325000
16.69237500
16.67725000
16.68037500
16.68333400
16.68345800
16.68320800
16.68350000
16.69050000
16.68170900
16.67758300
16.68395800
16.68270900
16.68433300
16.68241700
16.68333300
16.68325000
16.68337500
16.68879200
16.67783300
16.68533300
16.68645900
16.68216600
16.67933400
16.68979100
16.67683400
16.68350000
16.68325000
16.68333300
16.69429200
16.67245800
16.68320800
16.68345900
16.69129100
16.67525000
16.68341700
16.68729200
16.67941600
16.68320900
16.68350000
16.68341600
16.69054200
16.67966700
16.68225000
16.69200000
16.68808300
16.67083300
16.67987500
16.68329200
16.68329200
16.68437500
16.68233300
16.71504200
16.65250000
16.68237500
16.69904100
16.66770900
16.68320800
16.69220800
16.67454200
16.68337500
16.68329200
16.68433300
16.68233300
16.68620900
16.68050000
16.72050000
16.65183300
16.67762500
16.69433300
16.67225000
16.68762500
16.68600000
16.67712500
16.68254200
16.68345800
16.70979200
16.65795800
16.68220900
16.68429100
16.68241700
16.69004200
16.67804100
16.68225000
16.68304200
16.68320800
16.68345900
16.68337500
16.68370800
16.68295800
16.68345900
16.68312500
16.68325000
16.68345800
16.68316700
16.68345800
16.68333300
16.68320900
16.68370800
16.68312500
16.68320800
16.68341700
16.68325000
16.68333300
16.68341700
16.68325000
16.68337500
16.68333300
16.68345900
16.68320800
16.68337500
16.68333300
16.68333400
16.68329100
16.68337500
16.68333400
16.68329100
16.69054200
16.67620800
25.87725000
21.91170900
20.45387500
20.50466600
20.24062500
20.27729200
20.56354200
20.78691600
19.97058400
21.22620800
20.55779200
20.60145800
19.71950000
19.38362500
20.06279200
19.96850000
18.90491600
19.43008400
19.63516600
20.09037500
19.15887500
18.81716700
18.72745800
18.48125000
18.57925000
19.71233400
20.78487500
20.97812500
19.54150000
20.06729100
19.04804200
19.04083300
18.62729200
19.39312500
19.03670800
19.21366700
19.69487500
18.89745800
18.88804200
19.39450000
18.16579200
18.70950000
18.98241600
18.55366700
19.01929200
19.06887500
19.01770800
19.65966700
19.09454100
18.66495900
18.63741600
19.01620900
19.12979100
18.58070900
19.02433300
18.49654200
18.69875000
19.41066600
19.41650000
19.03825000
19.33675000
18.59445900
19.11841600
18.70945900
18.78004100
19.56050000
18.78895900
18.51095800
18.63516700
18.59079100
18.81208400
18.42391600
18.63300000
18.84516700
18.43154200
19.21362500
18.51091600
18.79287500
19.09770900
18.94029100
18.95750000
18.76579200
18.94258300
19.06700000
19.81529200
18.79958300
19.37758400
18.90625000
18.73454100
19.03700000
18.83854200
19.42683300
19.43916700
19.16320800
18.85470900
19.30466600
18.92966700
18.79804200
18.80545800
18.90712500
18.51804200
18.79787500
18.96891600
18.46787500
18.90483400
18.59062500
18.61750000
18.76495800
18.84691700
18.66991600
18.78204200
18.84366700
18.82275000
18.78145800
19.02758300
18.56112500
19.03579200
20.08183300
19.71062500
18.85141700
19.04270800
19.80270900
19.34450000
19.46345800
19.85191700
19.28654100
19.02245900
19.01416600
18.92020900
19.03604100
18.95779200
19.39258300
19.54575000
20.22520900
18.66245800
18.66470800
19.16458400
20.06254100
19.58745900
19.13754100
18.84108400
19.15933300
18.49750000
18.29966700
18.66433300
18.85854200
18.43537500
19.11662500
18.76708300
19.82691700
18.20091600
19.28812500
18.42858400
18.54754100
18.65145900
18.19791600
19.21866700
18.77233300
18.80166700
18.62937500
19.15891700
19.29050000
19.27229100
18.41537500
19.83241700
19.62787500
19.67833300
18.56012500
19.19591700
19.44745800
18.91750000
19.02970900
18.43533300
19.14079200
18.95837500
19.74329100
18.84958400
17.99233300
17.23362500
18.81462500
18.38512500
17.90675000
18.56558300
17.60212500
18.25700000
18.12000000
18.07866700
17.93725000
18.42800000
18.68954200
17.91054100
18.72225000
18.24095900
18.39225000
18.50833300
18.08983300
18.23466700
18.92466700
18.80162500
18.51683300
18.77808300
18.53058400
18.09229100
18.03325000
18.03875000
19.36537500
19.25204200
18.70158300
21.18620900
19.36420800
19.84504200
19.03883300
18.18008300
18.74129200
18.43220800
19.54529200
19.01754200
19.27495800
18.00575000
19.57579200
20.27304100
19.00825000
19.81895900
19.95737500
18.90191600
19.15279200
20.20741700
17.80029100
18.57791700
18.82766700
20.37120800
19.91195800
19.57208400
18.92266600
19.20683400
19.07975000
17.68466600
18.58783400
20.77304100
18.43750000
19.65587500
19.58966700
19.14650000
18.94558300
18.62258400
18.41862500
20.90504100
18.99862500
19.93383400
20.90900000
18.74666600
18.33270900
21.71504100
19.25816700
18.81804200
18.14370800
19.21308300
18.61395900
18.40804100
17.73954200
20.70200000
19.86612500
19.84483300
19.20550000
20.13258400
18.91641600
18.66900000
18.79908400
20.18100000
18.50045800
19.35216700
18.36770800
19.21041700
19.67166600
19.13420900
19.29458300
20.03537500
20.58641700
19.40504100
19.30950000
18.21970900
19.11620800
20.45587500
19.07904200
19.16133300
19.52816700
20.10370800
19.72104200
20.29387500
20.19166600
18.86458400
19.53454100
18.86787500
20.64741700
18.72995800
18.82375000
19.93641700
19.39720800
19.03229200
18.81791700
19.45425000
18.83983300
19.29425000
18.84850000
18.56258300
20.14262500
19.77350000
19.88233400
19.77754100
18.83191700
20.24304200
19.66908300
20.04629200
19.18512500
18.61845800
18.40208300
18.48695900
19.02704100
18.22050000
21.33016700
18.96729200
19.14662500
19.10716600
18.84800000
18.54358400
18.52408300
18.90745800
18.69795900
18.65737500
18.87954100
19.33600000
18.42037500
18.41058400
16.29762500
20.28008300
19.11729200
19.76008300
18.86083300
19.09016700
18.85166700
19.73458300
19.67091700
19.38095800
18.83812500
17.83675000
19.32308300
20.22937500
18.89591700
18.62425000
18.66058300
18.10612500
20.24516700
20.83200000
21.23491700
19.77595800
20.47300000
20.94683300
20.20316700
21.65275000
19.75304200
19.74445800
20.32891700
19.34695800
19.25412500
19.26366700
19.24800000
19.84266600
18.58233400
20.30325000
19.67708300
19.23483300
19.67158400
20.30662500
21.60241600
19.88000000
20.23025000
19.80133400
20.02416600
21.26908400
20.82929100
20.64000000
20.19150000
20.38575000
20.61641700
19.67600000
18.63991700
18.50045800
19.51066700
19.02316600
18.39654200
18.66633300
17.29829200
19.65804200
18.77625000
19.29212500
19.65516600
18.98150000
17.98112500
17.58641700
20.95300000
17.90333300
18.90445900
17.86870800
17.54120800
17.68837500
17.65962500
18.89850000
18.54058400
18.92158300
18.40079200
17.32833300
18.23441700
18.57529100
18.36691700
17.95433300
19.51004200
18.34433300
17.76387500
19.30208400
18.58450000
18.58233300
18.79529200
20.65395800
18.71391700
18.50870800
18.04595800
19.30675000
18.58304200
18.58804200
18.97570800
19.51191700
18.43050000
18.02787500
18.21016600
19.16733400
19.96166600
19.30041700
18.79016700
19.04662500
20.11387500
19.17525000
17.83741600
19.47716700
20.48200000
19.54170800
18.97570900
19.40583300
19.38720800
29.73941700
27.04666700
21.31933300
20.83450000
20.57158300
22.80966700
21.73741700
19.48854100
21.25570900
18.93904100
20.91591700
19.84983300
20.85962500
19.55425000
20.32504200
20.63991700
19.48620800
20.11995800
20.10733400
17.97308300
22.98033300
20.47929200
18.75129200
19.81900000
17.91908300
20.77533300
19.00333400
20.74770800
20.01045800
20.52425000
19.33695900
18.72937500
18.58654100
18.94541700
18.56279200
19.51654100
19.31100000
18.06587500
18.99945900
18.92329100
19.35541700
17.97604200
20.76500000
20.52808300
19.90245800
19.10633400
18.88345800
18.72958300
20.02645900
19.52570800
19.69600000
19.64887500
19.97037500
19.91887500
20.25550000
19.12783300
18.51150000
18.27500000
18.30866700
19.51608300
20.87129200
19.64504200
19.03420800
19.48650000
19.31891700
18.61858300
18.68712500
20.13791700
18.85858300
18.54612500
18.34358300
19.11416700
19.46716700
19.33258300
18.71204200
20.27320800
19.84737500
19.83983300
19.42541700
20.21375000
18.95679200
20.36300000
19.22233300
19.28170800
18.60687500
18.48658400
18.68162500
18.95570800
19.20225000
19.66079200
19.72983300
19.08704200
18.31862500
19.35937500
19.66708300
20.70487500
19.59187500
19.56875000
19.55916700
19.43187500
18.12545800
21.82870800
19.19741700
18.89170800
19.01145900
18.92470800
19.49616700
18.91683300
20.40737500
19.22170800
18.84804200
18.38529200
18.75104100
19.21804200
20.41612500
19.14958300
18.51779200
18.53487500
18.89725000
19.79079200
18.45212500
22.23704100
20.31391700
20.07875000
20.35050000
19.93208300
19.43000000
20.05770900
19.36500000
18.63120800
18.52416700
18.78541600
19.29491700
19.58279200
18.73616600
19.29433400
18.62729100
18.20954200
17.85120800
18.09170900
17.76770800
18.10850000
18.29779200
17.83983300
18.28608300
17.05875000
16.93166700
18.28883300
17.29741700
17.33429200
18.16804100
17.97716700
17.76600000
17.24704200
18.19741600
19.43316700
21.57862500
18.81183300
19.02654200
18.00070800
16.82529200
16.64941700
17.31362500
17.85987500
17.88487500
17.45341600
16.79800000
17.38191700
16.92395800
16.17516700
16.49591700
16.26437500
15.98400000
15.98712500
16.56604100
18.12025000
17.52241700
16.91329200
17.01404100
16.64091700
18.13791700
17.82179100
17.98400000
17.91758400
17.86300000
17.51233300
18.42041700
19.14816600
18.16954200
18.27845800
18.54358400
17.75845800
20.22475000
17.34620800
17.12537500
17.08054200
17.07133300
17.98916700
17.92804200
18.73904100
17.56154200
18.13804200
19.20466600
17.91691700
18.99020800
17.91966700
17.73808300
17.74691700
18.55437500
17.57937500
17.57854200
17.30745800
17.34500000
17.37225000
17.46691700
17.35470800
17.36770800
17.25479200
17.17891700
17.68800000
18.61658300
18.06808300
18.89804200
17.93995800
18.70933400
19.43450000
18.18566600
19.24725000
19.68983400
19.48333300
19.52704200
18.25779100
18.16504200
18.47491700
18.56837500
18.14958300
18.18795800
18.34270900
18.44950000
18.95820800
19.46029200
19.06291600
19.20470900
19.76991600
17.76862500
17.65941700
17.88508300
19.50295900
19.13629100
19.10491700
18.66675000
18.66600000
19.54712500
18.11458300
17.82266700
18.80775000
18.55970800
17.83045900
17.83416600
18.43225000
19.47875000
18.61833400
18.67308300
17.70750000
16.90395800
17.23695900
17.08883300
17.81708300
17.65795900
18.92383300
18.89504200
18.33775000
18.41200000
17.52379100
18.02858400
18.55829100
17.83729200
18.18487500
18.51087500
17.66216700
19.71045800
18.39512500
17.96429200
17.90791600
17.88408400
18.34345800
18.68454200
18.39962500
18.21925000
17.94162500
18.47525000
20.66970800
19.65679200
18.73279100
17.52908400
19.27420800
18.65887500
19.19812500
18.38629200
17.58850000
17.91854100
17.34712500
17.04916700
17.15816700
17.20366600
17.89279200
17.86241700
17.21941600
17.07070900
17.79958300
17.15150000
18.82858300
17.27504200
17.39795800
17.71104200
17.90816700
17.43175000
17.99125000
18.08883300
17.50145800
18.84491700
18.63720800
17.86187500
18.48041700
18.36616700
18.47395800
18.13520800
17.94487500
17.27575000
17.23308400
17.99679100
17.34375000
17.64237500
17.82300000
18.78962500
19.66079200
18.04391700
17.27991600
17.72695900
17.48591600
17.34766700
17.18729200
18.70175000
17.77500000
17.67295800
17.14154200
17.45466600
18.01075000
17.53558400
17.84275000
17.38570800
17.59595800
16.83316700
17.04591700
16.60579100
16.27070900
16.63487500
16.53408300
17.73837500
17.19841700
16.43029100
17.36620900
17.57616600
18.61083400
17.70537500
17.60420800
17.20520800
17.61204200
17.65970800
17.35187500
16.36233400
15.50983300
15.40037500
15.52604200
15.77700000
15.89700000
16.01454100
16.08758400
15.82816600
15.62920900
16.34508300
16.65329200
16.59120800
16.92533300
16.79291700
16.80400000
16.25712500
15.44450000
15.74145800
15.41841700
15.27795800
16.58000000
16.16045900
16.11475000
15.88779100
15.23825000
15.11400000
14.97750000
15.13012500
16.20737500
16.21316700
16.45550000
17.66412500
18.06070800
18.72729200
18.50604200
18.73079100
17.41037500
17.24158400
16.90483300
16.59483300
18.07020900
16.89208300
17.50187500
16.62720800
16.78483400
16.90966600
17.46708400
17.05083300
16.71708300
17.78208400
16.78154100
16.71470900
17.95441600
17.15066700
16.25433300
16.57329200
16.49600000
16.60075000
17.84212500
17.47325000
20.08787500
18.98312500
19.05875000
19.41433300
19.73829200
18.22800000
18.12254200
18.88520800
18.89162500
20.57666700
18.69183300
19.22587500
18.66029200
18.16679100
17.15191700
16.67120800
17.16570900
16.93845800
16.50991700
17.79779100
17.07720900
17.10354100
16.13841700
16.47483300
16.83633400
16.82050000
16.59020800
16.13741700
15.81958300
15.95062500
15.80208300
15.85237500
16.43708400
16.14487500
15.88170800
16.99104200
16.22091600
15.88383400
16.35891600
16.13312500
16.81391700
16.17975000
16.01512500
15.61470800
15.74770900
16.06270800
15.60700000
15.72070800
15.95158400
16.31941600
16.45537500
16.94670900
18.04241600
16.84083400
17.10237500
16.90066600
16.12791700
17.11933300
17.39958400
17.32862500
18.17704100
17.14704200
17.27775000
16.16054200
16.44133300
16.50900000
16.42000000
16.23370800
16.98350000
16.20858400
17.08529100
16.82933400
16.64633300
17.34020800
16.80354200
16.74408300
16.61683400
16.13995800
15.89575000
15.91720800
15.95716700
16.57225000
16.73691700
16.82366600
16.14079200
15.82712500
15.79841700
17.03845800
16.08908300
17.40679200
16.33887500
17.02354200
16.90745800
16.19816700
16.00345800
16.20258300
16.47141700
16.53925000
17.57783300
18.60979200
16.97908300
15.98287500
16.04087500
15.81862500
15.89795900
15.83437500
16.20770800
16.46658300
15.91900000
16.97466700
16.51437500
16.90991700
17.12950000
15.88279100
15.86812500
15.94170900
16.58004100
16.58604200
16.13433300
17.02741700
19.05187500
17.10058300
16.35812500
17.80291700
16.33891700
16.19504100
16.63858400
16.35200000
17.23166600
17.46329200
17.19254200
17.80437500
17.28425000
17.61945800
16.69095800
18.58125000
17.03179200
16.49725000
17.44641700
16.74058300
16.56308300
16.58733400
18.09262500
18.24612500
17.33800000
17.53279100
16.81320900
17.17833300
17.74975000
16.58408300
16.20216700
16.27050000
16.11500000
18.20270800
17.03129200
16.86450000
17.23229200
17.10341600
17.30504200
18.48812500
17.74870800
17.41450000
16.29579200
16.33979200
16.85350000
17.40750000
16.88191600
17.48608400
17.35379100
17.29379200
18.45170800
18.21804200
18.54166700
18.24658300
17.93079200
17.20008300
17.22200000
16.86795800
17.14850000
17.02283400
17.57570800
17.13616700
18.36566600
17.50683400
17.94337500
19.73466600
18.09350000
18.18462500
17.82441700
18.14050000
17.85395800
17.24400000
16.94550000
16.76612500
17.33625000
16.36987500
16.96520900
17.74075000
16.51554100
16.42854200
16.47512500
16.37187500
17.01491700
16.78641600
16.92029200
16.89304200
16.39245800
15.38645800
15.35545900
15.45245800
16.94770800
16.90908400
15.46816600
15.23737500
15.45566700
15.16650000
16.79100000
15.69016700
16.87550000
16.23987500
16.55695800
16.47991700
16.37754100
16.55229200
17.77441700
17.63125000
17.10200000
16.45250000
16.30883300
19.31520800
17.81025000
16.42858400
17.07154100
17.37166700
16.49654200
16.35100000
16.28816600
16.15395900
17.58579100
16.22170900
17.37700000
16.15770800
16.37858300
16.11337500
18.40162500
17.20662500
16.68000000
16.44650000
16.70570900
17.07120800
18.34850000
17.28275000
16.39895800
16.56570900
16.64970800
16.57833300
16.46895900
16.65725000
16.46812500
16.77266600
16.43708400
16.78866600
16.00070900
16.38525000
16.89750000
16.76870800
17.56620800
16.09233400
16.02875000
15.90629100
17.35370900
16.54958300
17.64179200
16.49233300
16.98745800
18.37175000
17.93570900
16.56400000
16.70312500
15.62516600
18.05975000
15.59008400
16.85941600
15.54725000
15.02475000
15.33883400
14.83091600
15.02187500
15.36595900
14.71079100
14.87129200
14.81304200
15.09916600
15.21425000
16.26933400
15.69983300
15.84383300
16.06229200
16.23204200
16.58500000
15.12416600
15.46433400
15.45050000
15.58950000
15.80604100
17.21254200
17.49179200
17.79666600
18.36520900
16.85279100
17.56737500
17.28270900
16.98875000
17.08466600
18.02729200
17.79050000
17.63454200
17.41775000
17.49004100
17.42183400
17.55187500
4.75391600
9.75408400
11.48062500
11.08679100
11.14470900
11.13770800
11.09658300
10.73441700
10.90495800
10.97612500
10.94612500
11.03787500
10.98366700
16.29637500
16.68333300
16.68333400
16.68941600
16.67712500
16.68366700
16.68320800
16.68341700
16.68333300
16.68300000
16.68350000
16.68337500
16.68329200
16.68333300
16.68325000
16.68341700
16.68604200
16.68054100
16.68337500
16.68333400
16.68333300
16.68345800
16.68429200
16.68229200
16.69812500
16.66850000
16.69008300
16.67658300
16.68329200
16.68516700
16.68987500
16.67508300
16.68329200
16.68329100
16.68454200
16.68425000
16.68891700
16.67670800
16.69275000
16.67475000
16.68250000
16.68233300
16.68325000
16.68325000
16.68333400
16.68720800
16.67979200
16.68404100
16.68291700
16.68283300
16.68687500
16.67983400
16.68350000
16.68341600
16.69141700
16.68400000
16.68729200
16.67220800
16.68320800
16.68158400
16.68337500
16.68329100
16.68333400
16.68329100
16.69158400
16.67525000
16.68808300
16.67883300
16.69870900
16.66750000
16.69091600
16.68070900
16.67875000
16.68295800
16.68345800
16.68320900
16.68341600
16.68554200
16.68100000
16.68341700
16.68333300
16.68329200
16.68329100
16.68387500
16.68283400
16.68345800
16.68891700
16.67754100
16.68345900
16.68325000
16.68337500
16.68333300
16.68341700
16.68329100
16.68320900
16.68445800
16.68229200
16.68366600
16.68304200
16.68325000
16.68337500
16.68341700
16.68329100
16.68325000
16.68366700
16.68304200
16.68625000
16.68037500
16.70262500
16.66558300
16.68825000
16.67704200
16.68533300
16.73325000
16.67233300
16.64237500
16.68341700
16.68337500
16.71079200
16.65629100
16.68266700
16.68341700
16.68675000
16.68008300
16.68316700
16.68337500
16.68795800
16.67891700
16.69991600
16.66641700
16.68345800
16.68341700
16.68325000
16.68329200
16.69216600
16.69783400
16.66350000
16.67991600
16.69000000
16.67658400
16.68337500
16.68545800
16.68387500
16.68062500
16.72108300
16.66254200
16.68704200
16.70629100
16.68420900
16.68020800
16.74033300
16.64866700
16.67341700
16.73770800
16.66762500
16.64900000
16.77375000
16.64954200
16.56862500
16.79716600
16.69429200
16.66808300
16.57370900
16.77375000
16.62554100
16.66412500
16.82062500
16.66225000
16.70129200
16.66287500
16.69958300
16.57345900
16.77329100
16.71375000
16.63575000
16.69412500
16.71370900
16.66091600
16.68866700
16.71004200
16.65629100
16.55337500
16.82866700
16.62500000
16.59620800
16.84962500
16.51712500
16.81554200
16.56708300
16.80133400
16.66041600
16.57233400
16.80700000
16.69308300
16.55116700
16.80120800
16.68566700
16.72579100
16.64287500
16.68883400
16.71020800
16.66450000
16.67537500
16.55845800
16.81083400
16.71858300
16.67754200
16.62225000
16.73458300
16.67845800
16.53687500
16.83350000
16.69000000
16.65966700
16.73041700
16.50304100
16.68658400
16.68833300
16.82433300
16.67100000
16.69483400
16.68245800
16.66979200
16.70720800
16.65925000
16.67475000
16.56004200
16.68204100
16.78425000
16.58287500
16.68345900
16.80041600
16.56570900
16.68816600
16.77720900
16.74325000
16.64758300
16.70320800
16.68837500
16.65379200
16.56462500
16.82420800
16.62245900
16.60337500
16.68341600
16.68362500
16.81345900
16.70091600
16.53495900
16.68383300
16.83166700
16.69670800
16.52775000
16.82379200
16.68329100
16.53637500
16.82904200
16.53754200
16.82575000
16.69291600
16.65208400
16.71362500
16.67658300
16.67112500
16.55145800
16.82925000
16.66837500
16.55220900
16.68341600
16.68345900
16.82550000
16.67266600
16.71029200
16.52462500
16.82791700
16.64550000
16.69741600
16.56254200
16.80641700
16.70883300
16.64887500
16.57133300
16.81050000
16.55700000
16.79037500
16.69783400
16.68620800
16.56129200
16.81958300
16.64908300
16.70883400
16.55054100
16.68337500
16.73716700
16.72637500
16.66508300
16.60583400
16.68333300
16.79495800
16.67854200
16.70075000
16.68762500
16.67933300
16.73345900
16.50750000
16.80833300
16.55833300
16.80162500
16.70683400
16.65483300
16.66745800
16.65108400
16.70545800
16.67966700
16.69000000
16.69520800
16.65350000
16.71233300
16.67500000
16.67350000
16.68700000
16.68975000
16.65791700
16.70454200
16.68866600
16.65958400
16.71933300
16.66129200
16.65358300
16.72162500
16.67129200
16.67337500
16.67720800
16.65575000
16.72645800
16.68858400
16.66870800
16.65583300
16.72633400
16.63187500
16.71808300
16.69450000
16.67250000
16.61308300
16.76800000
16.59866700
16.73991700
16.78104100
16.62283400
16.60441600
16.81591700
16.53716700
16.80245800
16.70687500
16.53933300
16.80745900
16.69862500
16.66629100
16.67487500
16.68104200
16.69245800
16.66325000
16.72916700
16.65775000
16.71220800
16.67479200
16.66100000
16.56437500
16.81862500
16.68287500
16.68962500
16.69454200
16.53100000
16.81987500
16.68554100
16.66970900
16.70579100
16.66879200
16.67066700
16.70020800
16.68270800
16.65750000
16.70183400
16.68133300
16.67479200
16.70854100
16.64400000
16.71583400
16.67725000
16.70100000
16.65783300
16.70729200
16.64725000
16.69037500
16.56562500
16.68291600
16.68345900
16.81800000
16.54858300
16.68337500
16.84083300
16.52987500
16.79175000
16.57087500
16.82429200
16.66658300
16.70612500
16.66529200
16.63770800
16.60000000
16.79312500
16.57408400
16.69237500
16.67570800
16.68191700
16.68712500
16.76316600
16.60016700
16.81958300
16.54945900
16.74675000
16.67366600
16.62629200
16.80095800
16.70700000
16.66287500
16.70666700
16.67483300
16.67537500
16.55541700
16.69304200
16.79945800
16.69687500
16.68216700
16.68983300
16.53870800
16.82216700
16.66300000
16.56479200
16.81258300
16.55429200
16.83204100
16.67658400
16.66337500
16.70704100
16.65491700
16.69445800
16.70583400
16.68637500
16.65354100
16.71162500
16.53708400
16.80958300
16.70608300
16.65850000
16.55279200
16.83487500
16.65291700
16.68583300
16.70241700
16.67862500
16.67350000
16.59458300
16.77425000
16.55304200
16.83925000
16.52733300
16.82245800
16.66945900
16.68145800
16.70629200
16.68475000
16.66558300
16.55466700
16.86091600
16.64529200
16.68900000
16.53675000
16.81562500
16.70670800
16.68733400
16.65345800
16.55375000
16.84541700
16.64608300
16.55970800
16.81725000
16.67645900
16.71212500
16.65145800
16.70179200
16.69166600
16.65895900
16.69266600
16.68745900
16.67808300
16.70487500
16.69212500
16.63958300
16.69129200
16.70929200
16.66741600
16.54287500
16.84070900
16.52595800
16.80708300
16.56191700
16.83020800
16.67320900
16.69220800
16.53529200
16.81166600
16.71408400
16.65887500
16.67070800
16.71050000
16.53520800
16.69150000
16.82829200
16.65362500
16.69404200
16.54816600
16.81162500
16.72991700
16.66504200
16.52683300
16.68320800
16.82504200
16.65408300
16.57079200
16.83600000
16.65108300
16.71012500
16.68537500
16.67583400
16.70070800
16.66737500
16.66125000
16.72354200
16.66470800
16.65645800
16.56770900
16.81191600
16.71012500
16.59108400
16.65441600
16.77616700
16.69362500
16.69450000
16.67075000
16.69712500
16.67733300
16.69108400
16.68791600
16.65954200
16.69266700
16.70675000
16.64170800
16.70245800
16.54183400
16.80129100
16.56437500
16.68345900
16.68316600
16.68345900
16.68325000
16.68333300
16.68337500
16.69462500
16.67191700
16.68341600
16.71612500
16.69241700
16.65108300
16.74395900
16.61695800
16.74716700
16.63658300
16.70308300
16.66916700
16.72545800
16.65900000
16.70345900
16.68645800
16.66404200
16.70195800
16.68050000
16.66125000
16.66954200
16.72033300
16.61804200
16.75808300
16.66666700
16.66187500
16.70300000
16.67012500
16.64050000
16.85179100
16.64145900
16.69345800
16.70600000
16.52391700
16.81954100
16.70445900
16.52575000
16.82083300
16.69562500
16.65950000
16.56258300
16.85337500
16.63958400
16.71187500
16.66712500
16.68058300
16.67904200
16.71237500
16.62500000
16.67170800
16.70945800
16.64491700
16.72066700
16.71045800
16.66895800
16.54975000
16.78787500
16.58316700
16.68020800
16.68212500
16.68337500
16.68637500
16.68020900
16.69879100
16.67333400
16.68862500
16.67262500
16.68320800
16.68341700
16.68329100
16.68341700
16.68325000
16.69133300
16.67533400
16.68333300
16.68337500
16.68329200
16.68329100
16.68354200
16.68320800
16.68354200
16.68420800
16.68304200
16.68258300
16.68962500
16.67700000
16.68466700
16.69800000
16.66733300
16.68354200
16.68329200
16.70945800
16.67016700
16.67025000
16.68329100
16.68412500
16.68845900
16.68020800
16.68045800
16.68354200
16.68325000
16.68358300
16.68454200
16.68937500
16.67575000
16.69875000
16.66850000
16.71745800
16.64870900
16.68904100
16.68450000
16.67637500
16.68333400
16.68370800
16.68304200
16.68329100
16.68333400
16.68333300
16.68329200
16.68337500
23.86162500
27.51758300
22.20991700
20.36558300
20.15337500
20.01054200
20.18795800
20.52450000
20.48637500
21.64441700
20.61287500
21.15804100
22.17700000
22.07595900
21.03816600
21.21616700
20.00816700
20.43245800
21.42037500
20.07812500
20.84525000
20.91875000
20.68954200
20.98004100
20.30850000
21.17516700
20.19875000
21.67291700
20.70854100
22.45212500
20.81633400
21.62175000
20.96045800
22.52658300
20.88079200
21.18912500
20.63420800
22.25516700
20.55383300
21.83520900
22.61783300
19.94408300
19.86195900
19.73125000
19.82950000
20.58250000
20.02745800
21.67616700
19.73095800
19.80975000
20.42166700
20.00991600
20.26845900
19.85641600
20.53620900
21.13029100
20.64829200
20.70175000
20.52841700
21.00516600
20.16004200
20.10275000
20.69133300
21.25562500
20.88620900
20.03841600
22.08125000
21.82091700
21.24916700
20.40912500
24.77495800
22.59625000
29.40470800
25.98666700
22.41420800
25.19691700
23.52933300
22.01916700
21.45095800
22.61112500
21.10433400
22.93970800
20.94875000
21.66325000
21.33691700
22.47408300
22.50512500
22.48350000
22.49645800
20.94995900
21.22391600
22.14300000
20.12970900
19.54245800
19.44133300
19.43750000
19.80091700
20.34037500
20.29895800
19.77512500
19.02158400
22.79100000
20.33187500
19.84020800
21.13754200
19.72487500
20.75158300
20.10287500
21.06000000
20.19700000
19.55341700
19.86316600
20.35925000
21.33950000
21.65208400
21.69304100
21.49954200
21.89558300
23.19412500
22.68679200
21.79087500
21.04187500
21.13845800
22.64895900
21.97166600
22.13591700
24.11825000
23.35554200
26.41916600
22.33116700
22.52183300
23.05687500
21.96979200
21.19512500
22.14437500
21.59220800
20.98970900
20.52745800
20.53187500
23.22920800
22.17745900
21.45275000
21.45670800
22.02025000
21.50470800
22.04833400
22.25916600
21.79937500
22.42512500
22.29037500
23.09000000
22.16600000
22.13704200
21.02300000
22.57520800
22.46491700
22.46641700
22.31383300
21.19383300
21.04195900
21.13483300
20.30754200
20.38533300
20.01237500
20.43870800
21.93133400
23.16300000
24.25762500
24.43850000
