16.97037500
16.38879200
16.79241600
16.66054200
16.84837500
16.35595800
17.02916700
16.60958300
16.56516700
16.67837500
16.95787500
16.39675000
16.82912500
16.29020800
17.21512500
16.27683400
16.97912500
16.54458300
16.72225000
16.36970800
17.13220900
16.35750000
17.03866600
16.56970900
16.71379100
16.55466700
16.58808300
16.45625000
17.04270900
16.48529100
16.84820900
16.38579100
16.99920900
17.05912500
16.29275000
17.49012500
15.89241600
17.17229200
16.26966700
16.71733300
16.65729200
16.90350000
16.37966600
16.81941700
16.47929200
17.08737500
16.41737500
17.29508300
16.07650000
17.53875000
15.58541700
17.49291600
15.98066700
17.64875000
15.95354200
17.41729100
15.74212500
17.24883400
15.97316600
17.44787500
16.18208400
17.69320800
15.64387500
17.46987500
15.85112500
17.22116700
16.01162500
17.16312500
16.35741600
16.81991700
16.59350000
16.84491700
16.57775000
16.92933300
16.25925000
16.62495800
16.86016700
16.57566700
16.66225000
16.56366600
16.91225000
16.67462500
16.67354200
16.56479200
16.82245800
16.66300000
16.56825000
16.78170800
16.75929200
16.74625000
16.50733300
16.87341700
16.61012500
17.09575000
16.26983300
16.88662500
16.44712500
17.00370900
16.24866600
16.82912500
16.52079200
16.92045800
16.45975000
17.05745900
16.63937500
16.94291600
16.28191700
16.71745800
16.63816700
17.09983300
16.30675000
17.07650000
16.20254200
17.27533300
15.94958400
17.17987500
16.32737500
16.83433300
16.46908300
16.96970900
16.42287500
17.49050000
16.02533300
17.00275000
16.21887500
16.75008300
16.69833400
17.04666600
16.21158400
17.38000000
15.89416600
17.07420900
16.48412500
16.79429100
16.37070900
16.81225000
16.66912500
17.01075000
16.31541600
16.86516700
16.56133300
17.15391700
16.28795800
17.18079200
16.08804200
17.13695800
16.20941700
17.51891600
15.88966700
17.45900000
15.81116700
17.43529100
16.00475000
17.21216700
16.19162500
17.01504200
16.24900000
17.06870800
16.39229200
16.97604100
16.33908400
16.84716600
16.27962500
16.95429200
16.59237500
17.07850000
16.45945800
17.03041700
16.05145800
17.23537500
16.11258400
17.26162500
16.15816600
17.50570900
16.13966600
17.48154200
15.88666700
16.88925000
16.32995800
17.02104200
16.53466600
17.50600000
15.84866700
17.04379200
16.24158300
17.08637500
16.31620800
17.03950000
16.50687500
17.06912500
16.40854200
18.38079200
14.90508300
17.83779200
15.41416600
17.97679200
15.35925000
18.01875000
15.13637500
17.69104200
15.97883300
17.84062500
15.49329200
17.86475000
15.44987500
18.11066600
15.34904200
17.76266700
15.43741600
18.05312500
15.36808400
18.66800000
14.61345800
18.47395800
14.90170900
18.57441600
14.72041700
18.48825000
15.04770800
18.44516700
14.67533300
18.53820900
15.11704100
18.77354200
14.51837500
18.55120800
14.65187500
17.42295900
15.97629100
17.47333400
15.72704100
17.61720900
15.93929100
18.06037500
15.10212500
17.93904200
15.64712500
17.69862500
15.45000000
17.72033300
15.56958400
18.11008300
15.62520800
17.24658400
16.25225000
16.75275000
16.40762500
16.82404100
16.50937500
17.15550000
16.37929200
16.79125000
16.59116700
16.99950000
16.43595800
16.75350000
16.48504200
16.88012500
16.23787500
17.00858300
16.54050000
16.97200000
16.28537500
16.90250000
16.56041700
16.91608300
16.57416700
16.99429100
16.12283400
16.68845800
16.82408300
17.02466700
16.42504200
16.98520800
16.35737500
16.88904200
16.45541600
17.06308400
16.14954100
17.06979200
16.46941700
16.84995800
16.57758300
16.74537500
16.52391700
16.96154200
16.28050000
16.99329100
16.53208400
16.99654100
16.33391700
17.07537500
16.31595800
17.29616700
16.20245800
16.96279200
16.36050000
17.17041700
16.09416600
16.99608400
16.42829100
17.25466700
16.05479200
16.90037500
16.25704100
16.71979200
16.71508300
16.86729200
16.42962500
16.96466700
16.66291600
17.01841700
16.38883300
16.71000000
16.56858400
17.15812500
16.22633300
16.75454200
16.63254100
16.64916700
16.69887500
16.83200000
16.50650000
16.63720800
16.78062500
16.71245900
16.49966600
16.74279200
16.69491700
16.79162500
16.53383300
16.88758300
16.63766700
17.31858300
15.91500000
16.78470900
16.36775000
16.93137500
16.61104100
16.99783400
16.14500000
17.16537500
16.41758300
16.97741700
16.54004100
17.46204200
15.68887500
17.36125000
16.00275000
16.82679200
16.46854100
17.18787500
16.30283400
17.66583300
15.82345800
17.39312500
15.91379200
17.06950000
16.05412500
17.42300000
16.06458300
18.14554200
15.24108300
17.84950000
15.58108400
17.58141600
15.78945900
17.71762500
15.67620800
17.62854200
15.71041600
18.55720900
14.92362500
17.58487500
15.44162500
17.63508300
15.70362500
17.82237500
15.74475000
17.70483300
15.68308400
17.50620800
15.68687500
17.80062500
15.58670800
17.79079200
15.60758300
17.53150000
16.05620900
17.49954100
15.76545900
17.60829100
15.75400000
17.72137500
15.65175000
17.64108400
15.50495800
17.28425000
16.39150000
17.07245800
16.08079200
16.79766700
16.72191600
17.01900000
16.16608400
17.25400000
16.08475000
17.46725000
15.97920800
17.71183300
15.50254200
17.73304200
15.95445800
18.15154200
15.16558300
17.93729200
15.44754100
17.74529200
15.52054200
17.87308300
15.54862500
18.25670800
15.14241700
17.83370800
15.31691700
17.85220800
15.62104200
18.06925000
15.39725000
17.92633300
15.39170900
18.52037500
14.99679100
18.16187500
15.22150000
18.89487500
14.38933400
18.60887500
14.92145800
17.32475000
15.93829200
17.45725000
16.07633300
17.37420800
15.77908400
17.27662500
16.19158300
17.53870800
15.81204200
17.55420800
15.97345900
17.53279100
15.84075000
18.41133400
14.93100000
17.53825000
15.65775000
17.34345800
16.03875000
17.62716700
15.86575000
17.66358300
15.71275000
17.67687500
15.61187500
18.46479200
14.94416600
17.89695900
15.55475000
17.89066600
15.37591700
17.81625000
15.76887500
17.89383300
15.13841700
16.39025000
16.99600000
16.61766700
16.72900000
16.77241600
16.91487500
16.60308400
16.40862500
16.68620800
16.72579200
16.52508300
16.80504200
16.83291600
16.55033400
16.86495800
16.58845800
17.22495900
16.08191600
16.52633400
16.76816600
16.61254200
16.79883300
16.53125000
16.79125000
16.61458400
16.82275000
16.50091600
16.72929200
16.90466700
16.59883300
16.79945800
16.48395900
16.55775000
16.78308300
16.56416700
16.85808300
16.65287500
16.54941700
16.49320800
16.84266700
16.69800000
16.98708300
16.54712500
16.73941700
16.57400000
16.72912500
16.67220800
16.78145800
16.62320900
16.68750000
16.55479100
16.71058400
16.72833300
16.69091700
17.23400000
16.13683300
17.13533300
16.04600000
17.57270900
16.05916600
17.20458400
16.04862500
17.10179100
16.08054200
17.21954200
16.37958300
17.58420800
15.74150000
17.31166700
16.11612500
17.30845800
16.03995900
17.62045800
15.67700000
17.39179200
16.08925000
18.27662500
15.01304100
17.56916700
15.83241700
17.77187500
15.58733300
17.56108300
15.74004200
17.80920800
15.66766700
17.54670800
15.61087500
17.30966700
16.20062500
17.68958300
15.80045900
17.61575000
15.74254100
17.48566700
15.74791700
17.44187500
15.94541600
17.68575000
15.59912500
17.54825000
15.72720900
17.66291600
15.71425000
17.25383400
16.29687500
16.84570800
16.50941700
16.89412500
16.52433300
16.57420800
16.79662500
16.62341700
16.83983300
16.68241700
16.63508300
16.63562500
16.51670900
16.95741600
16.55512500
16.52408400
16.89187500
16.43412500
16.84466600
16.41670900
16.99962500
16.52204100
16.90108400
16.20850000
17.04816600
16.59583400
16.88591600
16.25645900
16.99362500
16.73016600
16.85216700
17.30070800
16.00416700
16.85608300
16.35862500
16.55229200
16.89979200
16.56429100
16.76529200
16.44900000
16.93508300
16.97041700
16.23391700
17.04000000
16.41083300
16.92716700
16.27016600
17.04695900
16.46829100
16.76812500
16.36375000
16.79837500
16.65158400
16.95266600
16.43487500
16.71741700
16.65908300
16.93970900
16.38441600
17.42987500
16.04170900
17.16062500
16.22687500
16.98237500
16.29641600
17.07829200
16.29229200
16.85654100
16.53491700
16.84837500
16.52725000
16.89041700
16.54237500
17.58795800
15.79600000
17.22370800
16.15100000
17.19887500
16.11795900
17.21420800
16.57779200
17.18254100
15.91133400
17.20766600
15.93929200
17.24870800
16.29762500
17.03204200
16.13995800
16.77787500
16.63533400
17.22679100
16.16558400
16.57937500
16.95083300
16.86075000
16.35066700
16.89333300
16.63850000
16.89745800
16.66070900
17.07325000
16.10175000
17.84954100
15.66958400
17.88508300
15.43279200
17.59745800
15.71070800
18.00887500
16.69183400
18.42787500
14.01170800
18.20529200
17.95650000
17.65845800
12.74900000
18.32366700
14.91612500
17.35104100
15.91870900
17.43395800
16.06433300
17.57400000
15.68475000
17.46304200
15.94679200
17.56991600
15.83566700
18.14008300
15.25179200
17.64416700
15.70550000
17.91370800
15.44729200
18.54916600
14.70429200
18.26725000
15.07208300
17.85825000
15.48658400
16.97891600
16.25220900
16.99179100
16.40420900
16.93879100
16.39720900
16.94387500
16.44500000
17.36500000
15.83858300
18.14333300
15.34583400
17.43062500
15.93116600
17.24079200
16.18429200
17.26862500
16.06495800
17.32958300
16.07662500
17.39883400
15.80279100
18.46775000
17.20737500
14.50891700
17.03333300
16.34433400
17.25887500
16.14970800
17.03483300
16.36329200
16.86120800
16.46420900
17.02787500
16.35600000
16.91075000
16.36191600
17.64875000
15.99212500
17.31025000
16.21762500
17.59491700
15.53075000
18.35470800
14.93841700
16.70762500
16.67366700
16.67516600
16.64758400
17.12179100
16.31995900
17.50000000
15.83725000
17.30708300
16.12254200
16.59179100
16.71245900
16.47200000
16.95750000
16.62475000
16.47020800
16.58325000
17.17491700
16.43037500
16.71970800
16.26037500
17.10150000
16.22725000
17.14916700
16.35016600
17.28537500
16.55950000
16.66454200
16.22370800
17.07300000
16.31712500
16.92841700
16.47929200
17.02720800
16.56766700
16.77800000
16.16112500
17.19970800
16.19787500
17.26687500
15.96666700
17.23166600
15.98245900
17.68287500
15.91058300
17.30295800
15.94337500
17.38483400
15.84275000
17.57620800
15.78916700
17.42379100
15.95345900
17.48383300
15.90033300
17.42150000
15.91908400
17.34525000
16.01850000
17.33616600
16.04275000
17.37441700
16.03641700
17.24858300
16.06125000
17.37333300
16.01400000
17.49504200
15.89983300
17.36679200
15.95787500
17.57633300
15.82879200
17.54925000
15.90016700
17.28400000
15.98925000
17.49329100
15.88908400
17.52079100
15.80787500
17.45700000
15.93429200
17.39700000
15.93791700
17.67683300
15.71104200
17.42079100
15.94662500
17.50725000
15.85550000
17.38616700
16.15116700
17.21258300
16.84637500
16.32941700
16.95070800
16.69470800
16.57537500
16.56420900
16.59091600
17.00941700
15.89595800
17.43175000
15.92945900
17.60633300
16.25745800
16.66933400
16.34320800
17.25712500
15.94020800
17.34895900
16.01966600
17.27575000
16.09408400
17.32695800
16.04750000
17.28895800
16.06745900
17.24791600
16.17054200
17.31916700
16.01250000
17.43966600
15.92391700
17.44412500
15.92062500
17.62733300
15.75583400
17.64066600
15.69737500
17.45879200
15.92558300
17.48454200
15.87950000
17.38429200
15.97950000
17.29833300
16.55654200
16.90837500
16.75704100
16.59445900
16.93033300
16.36008300
17.08104200
16.47300000
17.32558300
16.02716700
17.15329200
16.11604100
17.04600000
16.41458400
17.14166600
16.13816700
17.21079200
16.11887500
17.03354100
16.36975000
17.08070900
16.29566600
17.00966700
16.19054200
16.87962500
16.60075000
17.44295800
16.02400000
17.75462500
15.69604200
17.68895800
15.55029200
17.84137500
15.79750000
17.87866600
15.32266700
17.65220800
15.71920900
18.04708300
15.41525000
18.01133300
15.26770900
18.03037500
15.34575000
18.08312500
15.22483300
18.02350000
15.36254200
18.03116600
15.50416700
17.61650000
15.65475000
17.67029200
15.54670800
17.77329200
15.63245800
18.47091700
14.73979100
17.82137500
15.87408400
18.34100000
15.17258300
18.17041700
15.05116600
16.77870900
16.23354100
16.73920900
16.77537500
16.92458300
16.48820800
16.85441700
16.50091700
16.77066600
16.56758400
16.78054100
16.48187500
16.95829200
16.47770800
15.97208400
17.37445800
15.98679200
17.35891600
16.00141700
17.36395800
16.01429200
17.44116700
15.93916600
17.37116700
16.20212500
17.08329200
16.25041600
17.02645900
16.15000000
17.34975000
16.38420800
17.14283300
16.68220900
16.54933300
16.59829200
16.86125000
16.45570800
16.88550000
16.05933300
17.15912500
16.47637500
16.77295900
16.81037500
16.79829100
16.84254200
16.50033300
16.49145900
16.90962500
16.30504100
17.08341700
15.92504200
17.47445800
17.01529200
16.19029100
16.09583400
17.42937500
16.33970800
16.92345800
17.05316700
16.17375000
17.51766700
16.01454100
17.07408400
16.41566600
17.55562500
15.71200000
17.00541700
16.31850000
17.52483300
15.85579200
17.09275000
16.14370800
16.93191700
16.54716700
17.40175000
16.02287500
16.91475000
16.45854100
17.82754200
15.54966700
16.52962500
16.66891600
16.91529200
16.44208300
17.25479200
16.24875000
17.69441700
15.45112500
17.68608300
15.74212500
17.63275000
15.63875000
17.23554200
16.45233300
16.95375000
16.34429200
17.49616600
15.85725000
17.52133400
15.89004100
17.30579200
16.01450000
17.52958300
16.11604200
17.11783300
16.16187500
17.19420900
16.04758300
17.14687500
16.21770800
17.07229200
16.41795800
17.58004200
15.70683300
17.37787500
15.99804200
17.18675000
16.19295800
17.42425000
15.98704200
17.35016700
16.00562500
17.22704100
16.28345900
17.52120800
15.76520800
17.34441700
16.05354200
17.33166600
15.94950000
17.44208400
16.03270800
17.41395800
15.68604200
17.17325000
16.26475000
17.61637500
15.89529200
17.47266600
15.88045900
17.31345800
15.77362500
17.46970800
16.21641700
17.22504200
16.19512500
18.27858300
15.19166700
18.03191600
15.37483400
17.40054100
15.53754200
17.57800000
15.88650000
17.61445800
15.67458400
16.89629100
16.43895900
16.57941600
16.84816700
16.54145800
16.82316700
16.48279200
16.92508300
16.45229200
17.08616600
16.41708400
16.72650000
16.84158300
16.38041700
16.46450000
17.03033300
16.94587500
16.50833300
16.71245900
16.63641600
16.42916700
16.85966700
16.75516600
16.67750000
16.86783400
16.20920800
16.80012500
16.93495800
16.91525000
16.27262500
17.12025000
16.33512500
16.74137500
16.64125000
16.97729200
16.29850000
17.28345800
16.07133400
17.08537500
16.34850000
16.72062500
16.59287500
16.70612500
16.68904100
17.00804200
16.27329200
16.93779100
16.16937500
17.77233400
15.82754100
17.70441700
15.56800000
17.61733300
15.67158400
17.70075000
15.98541600
18.30545900
15.28075000
18.46166600
14.61241700
18.37554200
15.01225000
18.52845800
14.74104200
18.37833300
14.98566700
18.22208300
15.18308300
18.53075000
14.86225000
18.12029200
15.22308300
18.26795900
14.80458300
18.51616700
15.01029100
18.81587500
14.65462500
18.53712500
14.84162500
18.79195900
14.52979100
18.62479200
14.79320800
18.61120900
14.68479100
18.71691700
14.66870800
18.34720900
15.05600000
18.81729100
14.64662500
18.95058400
14.51333300
16.27412500
16.99708300
16.10991700
17.26625000
16.29416700
17.18620800
16.21116700
17.04466600
15.97262500
17.35741700
16.13566700
17.30025000
16.34200000
16.82245800
16.19829200
17.17220800
16.25550000
17.32533300
16.18658400
17.09470800
16.16558300
17.28991700
16.06733300
17.20250000
16.51412500
16.70983400
16.23420800
17.30225000
16.13454200
17.15395800
16.30408300
17.11766700
16.17220800
17.23120900
16.43295800
16.95458300
16.53491700
16.65204200
16.30154100
17.21087500
16.16620900
17.20850000
16.71470800
16.61816700
17.89987500
15.46020800
17.61379200
15.69887500
17.82083300
15.62650000
17.72475000
15.42045800
17.56537500
15.86733400
17.81454100
15.70258400
17.62458300
15.62070800
17.62329200
15.68525000
17.83791700
15.64558300
17.75595800
15.62683400
17.53508300
15.66300000
17.50245800
16.08908400
17.62125000
15.55066600
17.56958400
16.00270800
17.56954200
15.69925000
17.35358300
16.08291700
17.43495800
15.77304200
17.39954100
16.05775000
17.54920900
15.80325000
17.73595800
15.52120800
17.60933400
15.84650000
17.64050000
15.56970800
17.46379200
15.93175000
17.45158300
16.06129200
17.73129100
15.55579200
17.83437500
15.76641700
17.70954100
15.57075000
17.60645900
15.76587500
17.72175000
15.61550000
17.88687500
15.73000000
20.73262500
12.67412500
19.07570800
13.94541700
18.95366600
14.43037500
18.24841700
15.28162500
18.29950000
15.18679200
18.04154100
15.36791700
20.01795800
13.23245900
18.36795800
14.91812500
18.56983300
14.90908400
18.19291600
15.08404200
18.47345800
15.26916700
15.51479200
17.64062500
15.70266600
17.53312500
15.86175000
17.48766700
15.85345800
17.68645900
15.68104100
17.43358400
15.95220800
17.63483300
15.71466700
17.75775000
15.60345800
17.46433400
15.92754100
17.72591700
15.61958300
17.65012500
15.73725000
17.58229200
15.79354200
17.60583300
15.71833300
17.75787500
15.60879200
17.51566700
15.87845800
17.65375000
15.68858300
17.63679200
15.74133300
17.40679200
15.97037500
17.61995800
15.72691700
17.56962500
15.79233300
17.66270900
15.72445800
17.60487500
15.74562500
17.64083300
15.73062500
17.66287500
15.71729200
17.84750000
15.53304200
17.54587500
15.80470800
17.64062500
15.73491700
17.58104100
15.75420900
17.38066600
16.30095900
17.04000000
16.69212500
16.71195800
17.32441700
16.10750000
17.25820800
16.16483300
17.39950000
15.68566700
17.46954200
16.06991600
17.45808400
15.95358300
17.61220800
15.71004200
17.73195800
15.47658400
17.82125000
15.56204100
17.71179200
15.73887500
17.48933300
15.88995900
16.76075000
16.60091600
17.34600000
15.78100000
17.57454200
16.10350000
17.54075000
15.81395800
18.14504200
15.17304200
17.77716600
15.48970900
17.86637500
15.64137500
17.41233300
16.34637500
17.64000000
15.48337500
17.75854200
15.58783300
17.32983300
16.03779200
16.92466700
16.42141600
16.96604200
16.42358300
17.33116700
16.09179200
16.84729100
16.31229200
16.95741700
16.78141600
17.39479200
15.74404200
17.16891600
16.27141700
17.03104200
16.36775000
16.66050000
16.52258300
16.78045800
16.68320900
16.89433300
16.58445800
16.83558400
16.53462500
16.84283300
16.51583300
16.67950000
16.80887500
16.65725000
16.64700000
16.47879200
16.70925000
16.47250000
17.08575000
16.36395800
16.95329200
16.19508300
17.11508400
16.33187500
17.21137500
16.73500000
16.76654100
16.56779200
16.62770800
16.29545900
16.94670800
15.74270800
17.53733400
15.82854100
17.48595900
15.88304100
17.43541700
15.91954200
17.39004100
17.62529200
15.92854200
16.37170800
17.09895800
17.16995900
16.18683300
16.56950000
16.79508300
59.57054200
9.91120800
15.68016700
5.98845800
15.55950000
5.87016700
15.66662500
5.68383300
15.87600000
16.85900000
17.13075000
16.19945900
16.15491600
17.26858400
16.42545800
16.94358300
15.94970900
17.28483300
15.96712500
17.41779200
15.98554100
17.50912500
16.16512500
17.19120900
15.95695800
17.15112500
16.12579200
17.60612500
16.32637500
17.00820800
15.80145800
17.44933400
15.87541600
17.57150000
15.81733400
17.62845800
16.17187500
17.25512500
15.94387500
17.18491700
16.05579100
17.43016700
15.78720800
17.49887500
15.86583400
17.45100000
15.94091600
17.46987500
15.93650000
17.41429200
15.96500000
17.32920800
15.95808400
17.45987500
15.99925000
17.37950000
15.91308300
17.40208300
15.95337500
17.64687500
16.99583400
16.54479100
17.36554200
15.85200000
17.02508300
16.32170900
15.87258300
17.34720800
15.85479200
17.26204200
16.09808300
17.43220800
15.93204200
17.67991700
15.69258300
17.40941700
15.98100000
17.35895800
15.98608300
17.37729200
16.01137500
17.31845800
16.04820900
17.33075000
16.01487500
17.42254100
15.94587500
17.24350000
16.11895900
17.44404100
15.92529200
17.39795800
15.97170900
17.50079100
15.91204200
17.36387500
15.94454200
17.39958300
15.99529200
17.43125000
15.92108300
17.29320800
16.10712500
17.35545900
16.44729100
16.98320900
15.90700000
17.54029100
15.84275000
17.38462500
16.15950000
17.26858400
15.91583300
17.45570800
16.02216700
17.52637500
18.55683300
14.79391700
16.59183300
16.54008400
16.67929100
16.64787500
17.26095900
16.22608300
16.29783300
16.96391700
16.49475000
17.10270800
16.36770900
16.10945800
20.54679200
13.46937500
17.85929100
15.50545900
17.25958300
16.06320800
17.09929200
16.14904200
17.07108300
16.24925000
17.16945800
16.30491700
17.07100000
16.33275000
17.33754200
16.01116600
16.93241700
16.69395800
18.12691700
14.90479200
17.60716600
15.84970900
17.61491600
15.57029200
17.17325000
16.26312500
16.99925000
16.78587500
17.57083300
15.34733400
17.29754100
16.07904200
17.28420800
15.98766700
17.99641700
15.50950000
17.67050000
15.61004100
17.20016700
16.14458300
17.49933400
15.92533300
17.66829200
15.69291600
17.75950000
15.52975000
17.71995900
15.65495800
17.66570800
15.66900000
17.62712500
15.62625000
18.57995900
15.03175000
17.51404100
15.64833400
17.66525000
15.62820800
17.86341700
15.60100000
18.26079100
15.20208400
18.00495800
15.24783300
18.73133400
14.61083300
19.01383300
14.32958400
18.53170800
14.74033300
18.39704200
15.08400000
18.83045800
14.43933400
18.46033300
14.86450000
18.63029200
14.65704100
18.64233400
14.84441600
18.59962500
14.67516700
18.71270800
14.59083400
18.72800000
14.72725000
18.79820800
14.51237500
18.72045800
14.60050000
18.96920900
14.39850000
18.81033300
14.55566700
19.76308300
13.78795800
18.99037500
18.64125000
12.22116700
16.67608300
17.90608400
15.68229100
18.23595900
14.97608300
18.17995800
18.14070900
13.66804100
17.81362500
15.54816700
17.79641700
15.58941600
17.74554200
15.76425000
18.36470800
14.84858400
18.00083300
15.35483300
18.03600000
15.34145900
17.88287500
15.51208300
18.05350000
15.27366700
17.75287500
15.61150000
18.01320800
15.38862500
17.88445800
15.44812500
17.97904200
15.40275000
17.74516700
15.60641600
17.84583400
15.54295800
17.79308300
15.55583400
17.70475000
15.65408300
17.72783300
15.64262500
17.78875000
15.60050000
17.91870900
15.49920800
17.59658300
15.69258400
17.72462500
15.67283300
17.93862500
15.41941700
18.89016600
14.47200000
18.99045900
14.37979100
18.14854200
15.21925000
17.87233300
15.50608400
17.73287500
15.60425000
18.08912500
15.29816600
18.01787500
15.33783400
17.78141600
15.61408400
17.87516600
15.45850000
18.20745900
15.15616600
17.81070900
15.57062500
18.13262500
15.22154100
17.60800000
15.76666700
17.69654200
15.65895800
17.65183300
15.72045900
18.04162500
15.32166600
17.63720900
15.72858300
17.71908300
15.64375000
17.79179200
15.60287500
17.69941700
15.65916600
17.72641700
15.62566700
17.75345800
15.61737500
17.65875000
15.69920800
17.57945900
15.78791600
17.70641700
15.67108300
17.75495900
15.60783300
17.74012500
15.63462500
17.58329200
15.76916600
18.10425000
15.31316700
18.08500000
15.29466700
17.64029100
15.67470900
17.81895800
15.54429200
17.74404100
15.67762500
17.58654200
15.72412500
17.85370800
15.52762500
17.95891700
15.38758300
17.44112500
15.94004200
17.86412500
15.50016700
17.92612500
15.42529100
17.74820900
15.65437500
17.75504100
15.59733400
17.87429100
15.48270900
17.77608300
15.59012500
17.84170800
15.54937500
17.76095900
15.59250000
17.79283300
15.55412500
17.92029200
15.44945800
17.69016700
15.69800000
17.58533300
15.78054200
17.79529100
15.58712500
17.71004200
15.63487500
17.58437500
15.77679200
17.66700000
15.71429100
17.62304200
15.72500000
17.66329200
15.71320800
17.61829200
15.73079100
17.76062500
15.60145900
17.73654100
15.63112500
18.04129200
15.33516700
18.83529100
15.18175000
17.06358400
16.25816600
18.07383400
15.57287500
17.71929100
15.31479200
17.93416700
15.50983300
18.07062500
15.45775000
18.27554200
15.06270800
18.16270800
15.18066700
17.97358300
15.46466700
18.04566700
15.31700000
18.17645800
15.03041700
17.92775000
15.66379100
17.88570900
15.35195800
17.80975000
15.46833300
17.92795900
15.50216600
17.94775000
15.28308400
18.52216600
15.20212500
18.30745900
14.96870800
18.01041700
14.97983300
16.83854200
16.66179100
16.84166700
16.48550000
17.18500000
16.31395800
17.11775000
16.23595900
17.09375000
16.24608300
17.13300000
16.25775000
17.61508300
15.80875000
17.38883400
15.92220800
17.53275000
15.85504200
17.11720800
16.20587500
17.12816700
16.19404100
17.26587500
16.16316700
17.09720800
16.22300000
17.05125000
16.43016700
17.08604200
16.33308300
17.05937500
16.25775000
17.13866700
16.20475000
17.37795800
15.88050000
17.30354200
16.10745800
17.14454200
16.24737500
17.19200000
16.13070800
17.09191700
16.28529100
16.98754200
16.33275000
17.17783300
16.24470900
17.14516600
16.05591700
17.16954200
16.39537500
16.90212500
16.47070800
17.24241700
16.09033300
17.10083300
16.30150000
17.02729200
16.31837500
17.02808300
16.34595900
17.08400000
16.26762500
17.02200000
16.29845800
17.10075000
16.10625000
17.02470800
16.34679200
16.96787500
16.40008300
17.13745900
16.21475000
16.84579100
16.56533400
16.74637500
16.71033300
16.83054200
16.62641600
16.79491700
16.52620800
16.76566700
16.44316700
16.81825000
16.58954100
17.05337500
16.40920900
17.17679100
16.22591700
16.96870800
16.35158400
17.11754100
16.16304200
17.66245800
15.85158400
17.20820800
16.17991700
16.97470800
16.38145800
17.13933400
16.28775000
16.96675000
16.29633300
16.88770800
16.60329200
17.10737500
16.20787500
16.92458300
16.33270900
17.00279100
16.31487500
17.02695900
16.45625000
17.00670800
16.32725000
17.01229200
16.30825000
17.12925000
16.32550000
16.86262500
16.28083300
17.03425000
16.53483300
17.07866700
16.07358300
17.03375000
16.51270900
17.03704100
16.40541700
17.13341700
16.24075000
16.79983300
16.57550000
16.85783300
16.51554200
17.02212500
16.29779200
16.81033300
16.52754200
16.83825000
16.36545800
17.03687500
16.60604200
16.82820800
16.41808300
16.80537500
16.53779200
16.98912500
16.50666700
16.98766600
16.36358400
16.72800000
16.39066600
17.44320900
16.13383300
16.99245800
16.32775000
16.58533400
16.55225000
16.96145800
16.77187500
16.92954200
16.35858300
16.76662500
16.69350000
16.99420800
16.34404200
17.02316700
16.12512500
16.84191600
16.65991700
16.91320800
16.38900000
16.98870900
16.32120800
16.79254200
16.68908300
16.85716700
16.61525000
16.85070800
16.43895800
16.76704200
16.58525000
16.87308300
16.54716700
16.76750000
16.54625000
16.73400000
16.62383300
16.68045900
16.89533300
16.77962500
16.38275000
16.81591700
16.61287500
16.68329100
16.57345900
16.75487500
16.65795800
16.81079200
16.55354100
16.73458400
16.62000000
16.77008300
16.51858300
16.90254200
16.65745800
16.79008400
16.31220800
16.77108300
16.75495900
16.83875000
16.58187500
17.23725000
16.08437500
17.07833300
16.31854200
16.81329100
16.53162500
16.82679200
16.48783300
16.91916700
16.51991700
16.96137500
16.38554100
16.79837500
16.49383400
16.96666600
16.38762500
16.78962500
16.62979200
16.80679200
16.59354100
17.09995900
16.28991600
16.72645900
16.64262500
16.97454100
19.69466700
12.65991700
16.68004100
16.68387500
16.68312500
16.66300000
16.68870900
16.68412500
16.69941600
16.69541700
16.65266700
16.69054100
16.68108400
16.68762500
16.68158300
16.90566700
16.45254100
16.70816700
16.65454200
16.68466600
16.69095900
16.67516600
16.68820900
16.67416600
16.69433400
16.68216600
16.69091700
16.68408300
16.67791700
16.68629200
16.67287500
16.68241600
16.67945900
16.68329100
16.69308400
16.67841600
16.68579200
16.67691700
16.68266600
16.68183400
16.68491600
16.68341700
16.68387500
16.67983300
16.68741700
16.68870800
16.68891700
16.82370800
16.54520900
16.67570800
16.69395800
16.68695900
16.66950000
16.68045800
16.68687500
16.68620800
16.68100000
16.71762500
16.65529200
16.67975000
16.68725000
16.73366700
16.65662500
16.67004100
16.66579200
16.70420800
16.66341700
16.69004200
16.68158300
16.68966700
16.67287500
16.69895800
16.68945800
16.65325000
16.68837500
16.70166700
16.69087500
16.66675000
16.68375000
16.67500000
16.68658300
16.67700000
16.71470900
16.65629100
17.58383400
15.77683300
16.72516700
16.66633300
16.69304200
16.65575000
16.68712500
18.91366600
14.45608400
16.66933300
18.24754200
15.13570800
16.67775000
16.68041700
16.67541600
16.73770900
16.64712500
16.67916600
17.30458400
16.04662500
16.78625000
17.17320800
16.10591700
18.25245800
15.13733300
16.66104200
16.67837500
16.67712500
16.70808300
18.41362500
14.93912500
16.68779200
16.69333300
16.69229200
18.19987500
15.13633300
16.74400000
16.61900000
16.68041700
16.70020800
16.70212500
16.65008400
16.68500000
16.68683300
18.92691700
14.44287500
16.70358300
16.67245800
17.69212500
15.65666700
16.68816700
16.67770800
16.68237500
16.72387500
17.89233300
15.44279200
16.69425000
16.66887500
18.05800000
15.29995800
16.68620900
16.68366600
16.69012500
16.77145900
16.60112500
16.67004100
16.73162500
17.70416700
15.61462500
16.71466700
16.65962500
16.69050000
16.67387500
16.67916600
18.90320900
14.47891600
16.66879200
16.68075000
16.74283300
16.66479200
16.64854200
17.83100000
15.55037500
16.66445800
18.19237500
15.17125000
18.27825000
15.08950000
16.67920800
16.69204200
18.35983300
15.00437500
16.69775000
16.66591700
16.69295800
16.68833400
16.66779100
16.70533400
18.99954100
14.34816700
16.71212500
18.57212500
14.76604200
16.69608300
18.23483300
15.16600000
16.63341700
16.68579200
18.41704100
14.95975000
16.85825000
16.54308400
16.65262500
16.67641600
16.67258400
16.69812500
18.74637500
14.60500000
16.68683300
16.72733300
16.63729200
16.69479200
17.93191600
15.43987500
16.67941700
16.67991700
16.68600000
16.70191600
16.69275000
16.64829200
16.71454200
16.65700000
16.68504100
17.89525000
15.46175000
16.71779200
16.65075000
16.71120800
16.65987500
16.71937500
16.66075000
16.69666700
16.66450000
16.67866700
16.67429100
18.58975000
14.80354200
16.67750000
16.86475000
16.49045800
17.84329200
16.35954200
16.17733300
16.60112500
16.87458300
16.24525000
16.67033400
16.81758300
16.55658300
16.67275000
16.69366700
16.68333300
16.67504200
16.69258300
16.68254200
16.67300000
16.68579200
16.68083300
16.68420800
16.69237500
16.69000000
16.67583400
16.68291600
16.67716700
16.69270800
16.67162500
16.69212500
16.68295900
16.68487500
16.68179100
16.68429200
16.68662500
16.68591700
16.68866600
16.68366700
16.67183300
16.71720900
16.66079100
16.67850000
16.69887500
16.67991700
16.66933300
16.67858400
16.68195800
16.69387500
16.68466700
16.67900000
16.68379100
16.68220900
16.69625000
16.66295800
17.03345800
16.33687500
16.68958400
16.70245800
16.66045800
16.70091700
16.65891700
16.70933300
16.70154200
16.69508300
16.65587500
16.65979200
16.68320800
16.67733300
18.28120900
15.12525000
16.67783300
16.66183300
16.67475000
16.72591700
18.35045800
14.97416700
16.67950000
16.69325000
17.76412500
15.59120800
16.68650000
16.68220900
16.68195800
16.69070800
17.79379200
15.58575000
18.10537500
15.23800000
16.69154200
17.73329100
15.65850000
16.65950000
16.69262500
16.67466700
16.68141700
16.68304100
16.72533400
18.03833300
15.28145800
16.68500000
16.68008400
16.69345800
16.68004200
16.70220800
16.67400000
16.67800000
16.67579200
16.68683300
16.70637500
18.55750000
14.78895800
16.68820900
16.69445800
16.68416700
17.47179100
15.90595900
16.65687500
18.18616600
15.17820900
16.69725000
16.67000000
18.45866600
14.90508400
16.75458300
16.61533300
16.67920900
16.69541600
16.66950000
16.68545900
17.41333300
15.95408300
16.70300000
16.66700000
17.68283400
15.72850000
16.64045800
16.72041700
16.64558300
16.68183300
18.14725000
15.20995900
16.74633300
17.68945800
15.62816700
16.73875000
16.75145800
16.58204200
18.27112500
15.10200000
16.65333300
18.11241700
15.26579200
16.67195800
16.69150000
16.68625000
17.77270800
15.59470900
16.70408300
16.64479200
16.70541600
18.88545900
14.48450000
16.65858300
18.19287500
15.18979200
16.66625000
16.74195800
16.63925000
18.07237500
15.27500000
18.29812500
15.08879200
16.70604100
16.63570900
16.72679100
16.64570900
16.70491600
16.68270900
16.66320800
16.69345800
16.67666700
16.68116700
16.68741600
16.68262500
16.67745900
18.30695800
15.06616700
16.67608300
16.70629200
16.71650000
16.62620800
16.70650000
16.66845800
16.67870900
16.70175000
18.86883300
14.47791700
16.68120800
16.68333300
16.73075000
16.67445900
16.65037500
16.68737500
16.69270800
19.07633300
14.29537500
16.65787500
16.78850000
16.58125000
16.68091700
16.70745800
16.66516700
17.34229200
16.04116600
16.65833400
16.68716600
16.70420900
16.67083300
16.67825000
16.68608300
16.69566700
16.71454200
16.64058300
19.86758300
3132.18758400
16.45929100
16.79012500
17.69958400
17.18458300
16.65233300
15.97329200
16.14362500
16.06491700
16.60375000
16.49837500
16.83970800
17.04912500
16.38008300
15.94695900
16.51441600
16.25045900
15.74766600
15.11420900
16.17258300
15.06145800
15.11316700
15.01583300
14.82037500
15.10341700
15.48645800
15.49691700
16.70575000
16.66566700
16.68354100
16.68979200
16.67787500
16.68483300
16.67587500
16.69020900
16.67566600
16.68175000
16.72875000
16.63812500
16.69737500
16.67675000
16.67612500
16.68458400
16.69529100
16.68112500
16.67912500
16.68641700
16.72629200
16.63566600
16.67933400
16.70870800
16.65375000
16.68562500
16.70695800
16.68458400
16.68125000
16.65879100
16.71437500
16.65108400
16.70908300
16.65595800
16.68641700
16.70887500
16.65895800
16.68187500
16.71095900
16.66083300
16.70220800
16.68070900
16.68475000
16.68679100
16.68675000
16.67966700
16.68079200
16.68258300
16.68729200
16.65900000
16.70716600
16.66916700
16.67312500
16.70216700
16.67866600
16.68862500
16.67750000
16.70337500
16.69154200
16.65616700
16.69875000
16.66341600
16.71695900
16.64908300
16.68366700
16.68266600
16.68587500
16.72929200
16.64620800
16.67262500
16.68325000
16.69937500
16.69883400
16.67370800
16.68433300
16.66804200
16.68566700
16.68604100
16.68170900
16.71183300
16.66191700
16.67312500
16.69454100
16.69329200
16.68908300
16.66816700
16.86937500
16.48483300
16.91291700
16.61154200
16.70966600
16.49420900
16.86766600
16.70350000
16.69079200
16.51895800
16.81083400
16.85362500
16.59550000
16.70970800
16.64375000
16.72516700
16.65950000
16.60166600
16.63616700
16.53945800
16.82812500
16.71325000
16.52279200
16.87720800
16.73441700
16.43337500
17.12125000
16.59441700
16.33675000
16.79958300
16.66758300
16.76987500
16.71083400
16.72275000
16.67100000
16.56250000
16.78750000
16.54920800
16.70095800
16.75391700
16.49550000
16.71970800
16.72791700
16.65629200
16.63779100
16.88991700
16.51941700
16.83245800
16.53708300
16.74691700
16.65483300
16.79504200
16.49745800
17.07458400
16.46641600
16.90612500
16.61408400
16.68708300
16.51354200
16.73695800
16.80962500
16.57054200
16.73758300
16.73837500
16.61325000
16.74783300
16.42395900
16.98700000
16.66420800
16.66770800
16.56641700
17.64479200
15.91141600
16.75445900
16.60550000
16.32700000
17.00275000
16.81725000
16.64666600
16.68275000
16.32933400
16.66204100
16.64941700
16.74608300
17.11295900
16.62520800
16.67133300
16.22187500
16.71529200
17.21504200
16.64737500
16.84112500
16.61633300
16.59279200
16.52550000
16.60341600
16.92929200
16.69441700
16.62483300
16.55741700
16.84858300
16.11783300
17.37195900
16.50679100
16.73604200
16.61462500
16.70679200
16.23545800
17.08404200
16.94991600
16.53220900
16.67629100
16.53354200
16.86212500
16.67570800
16.48220900
16.83516600
16.15345900
17.33583300
16.50445800
16.77633400
16.72037500
16.79441600
16.57225000
16.76716700
16.63900000
16.32383300
16.98158400
16.66804100
16.63279200
16.81225000
16.42845800
16.86475000
16.53000000
16.82795900
16.66266600
16.68329200
16.66925000
16.67541700
16.66695800
16.63879200
16.86708300
16.52470800
16.72991700
16.59608300
16.60733400
16.80662500
16.75466600
16.68720900
16.51395800
16.78866700
16.70416600
16.58258400
16.73400000
16.71954100
16.63729200
16.75279200
16.61887500
16.68100000
16.65558300
16.68404200
16.61491600
16.84125000
16.61929200
16.73825000
16.62133300
16.72375000
16.81679200
16.63154200
16.56512500
16.67483300
16.65145800
16.71258400
16.75425000
16.60529100
16.72233400
16.73512500
16.68783300
16.74858300
16.44466700
16.73170800
16.69008400
16.72754100
16.82316700
16.61391700
16.67129100
16.60650000
16.65725000
16.63479200
16.71320800
16.61566700
16.74662500
16.72891700
16.62379100
16.80925000
16.54420900
16.72766600
16.71145900
16.57929100
16.73000000
16.84929200
16.52445800
16.77929200
16.66937500
16.80737500
16.67112500
16.66029200
16.56820800
16.71795800
16.54558400
16.78762500
16.80458300
16.48975000
16.74083300
16.67404200
16.63529200
16.75550000
16.60970800
16.62816700
16.72045800
16.69887500
16.78895800
16.59008400
17.14858300
16.26579200
16.69308300
16.56720800
16.64395900
16.64483300
16.63729200
16.78150000
16.74275000
16.68412500
16.63541600
16.78608400
16.48650000
16.79175000
16.57329100
16.70591700
16.69704200
16.68083300
16.61887500
16.81016700
16.65758300
16.70700000
16.62491700
16.70137500
16.65983300
16.75058300
16.62162500
16.65216700
16.77779200
16.64204100
16.65933400
16.63570800
16.73362500
16.61479200
16.91445800
16.69479200
16.67629100
16.69725000
16.67612500
16.65720900
16.68558300
16.68891700
16.71037500
16.70762500
16.63262500
16.66975000
16.75654100
16.70045900
16.67766600
16.74179200
16.51420800
16.70208400
16.69420800
16.68920800
16.81337500
16.64829200
16.66287500
16.63525000
16.77566700
16.66062500
16.71475000
16.72962500
16.55920800
16.69375000
16.59025000
16.75291700
16.70804100
16.72479200
16.69441700
16.89829100
16.34050000
16.78154200
16.67400000
16.67691700
16.68570800
16.55650000
16.82079200
16.71800000
16.63833300
16.70216700
16.69170800
16.54908300
16.75883400
16.72137500
16.69954100
16.57187500
16.73758400
16.73512500
16.64841600
16.76887500
16.64570900
16.55729100
16.78400000
16.54333400
16.90441600
16.56433400
16.85662500
16.49458300
16.76079200
16.79975000
16.45366600
16.76216700
16.69070800
16.61825000
16.61804200
16.76333300
16.66812500
16.78862500
16.69058400
16.50129100
16.82562500
16.73091700
16.61587500
16.55362500
16.82416700
16.82308300
16.54808300
16.62770900
16.80458300
16.64295800
16.77616700
16.73450000
16.50820800
16.71079200
16.62187500
16.79475000
16.67495800
16.66912500
16.74683400
16.80720800
16.49304200
16.69558300
16.64212500
16.75070800
16.58575000
16.79941700
16.67316700
16.69008300
16.70191700
16.61175000
16.70650000
16.65029100
16.70233400
16.65429100
16.70554200
16.63495800
16.71866700
16.72137500
16.60783300
16.67779200
16.71812500
16.63366700
16.76008300
16.62337500
16.71916700
16.69591600
16.67108400
16.87545800
16.45570800
16.72920900
16.68012500
16.72158300
16.63016700
16.80900000
16.61991600
16.77375000
16.58854200
16.63183300
16.63100000
16.78037500
16.71937500
16.60804200
16.61158300
16.81970900
16.58516600
16.74512500
16.56729200
16.73341700
16.69166600
16.64754200
16.75937500
16.67375000
16.66354200
16.62454100
16.96262500
16.51354200
16.57970800
16.86104200
16.58050000
16.98420800
16.61625000
16.42004200
16.82716700
16.76191600
16.50325000
16.65800000
17.32133400
16.29537500
16.85533300
16.50350000
16.70837500
16.44112500
16.96570800
16.58833400
16.69275000
16.45362500
16.65912500
17.33929100
16.02837500
17.34183400
16.92645800
16.41633300
16.04141700
16.96929200
16.71941600
16.63091700
16.89862500
16.41195800
16.95879200
16.66712500
16.79354200
16.95545800
16.54508300
22.67237500
10.77404200
16.11604200
16.87495800
17.00795800
16.47995900
16.81116600
16.60820900
16.65495800
16.54233300
16.37095900
16.75458300
17.10408300
16.25766700
16.53858300
17.76429200
16.85129200
16.39304100
16.57233400
16.73741600
17.08087500
16.46350000
16.44387500
16.65737500
17.07995900
16.27112500
17.41575000
15.91795800
16.43575000
16.88350000
16.76066700
16.77345800
16.64425000
17.52458300
16.18558400
16.79491600
16.29529200
16.68879200
16.64816600
16.53037500
16.80608400
16.67216600
16.66675000
16.68575000
17.73570900
15.95904100
16.38808400
16.57433300
16.82429200
16.82645800
16.61812500
16.57608300
16.35200000
17.12008400
16.57329100
16.82658400
16.76575000
17.01412500
16.70025000
16.81245800
16.70087500
16.33625000
17.11320800
18.34675000
15.26570900
15.09054100
16.61233400
16.62479100
16.49741700
17.03166700
16.50258300
16.58008300
16.88379200
16.37454200
19.49491600
15.92529200
16.03325000
16.78637500
16.25066700
17.15045800
16.88950000
16.46941700
21.53358300
15.44950000
14.35604200
14.08279100
17.24675000
16.22275000
17.55808400
15.75791600
17.28245900
16.26545800
16.67733300
16.63116700
16.58966700
16.56375000
16.52300000
17.10462500
17.07287500
16.66725000
16.57529100
16.96975000
16.49720900
16.25616600
17.76404200
15.48708300
16.50825000
16.81258400
16.79566600
17.03437500
16.53650000
16.33083400
16.69804100
17.36108400
16.43337500
16.20458300
16.95987500
16.42979200
17.27670800
15.94808300
16.71900000
16.65479200
16.90066700
16.67050000
16.73700000
16.58879100
16.87591700
16.14570800
16.87395900
16.50225000
16.65483300
16.80637500
16.67908300
16.41575000
16.92404200
16.56600000
16.70333300
16.98216700
16.23875000
16.53183300
17.57516700
16.84020800
15.96204200
16.61783300
16.95266700
16.60733300
18.19229200
15.64508300
16.96979200
15.99766700
16.27987500
16.54354100
17.24775000
17.13454200
16.80141700
16.85950000
15.44795800
17.18608300
16.14962500
17.62800000
15.82829200
16.56016700
16.72566600
16.64316700
17.47370800
15.89025000
16.68887500
16.67745900
16.67312500
16.71987500
16.68895800
16.64962500
16.71508300
16.69520900
16.67287500
16.72070800
16.64312500
16.71337500
16.73820800
16.58233400
16.67733300
16.71233300
16.63975000
16.68887500
16.69675000
16.76420900
16.60516600
16.70595900
16.67687500
16.65820800
16.69604200
16.66470800
17.10233300
16.27258400
16.67800000
16.68566600
16.71987500
16.68741700
16.64329200
16.69916600
16.66500000
16.73633400
16.62754100
16.67479200
16.73875000
16.63420800
17.68566700
15.67933300
16.68341700
16.68408300
16.70300000
16.68820900
16.65312500
16.71191600
16.69458400
16.68616600
16.68425000
16.65595900
16.67470800
16.68733300
16.67979200
16.72650000
16.64116700
16.68470800
16.68658300
16.72254200
16.67045800
16.68441700
16.64104200
16.70079100
16.70866700
16.67666700
16.68525000
16.65187500
16.71000000
16.67229100
16.66875000
16.70825000
16.69850000
16.69345900
16.68004100
16.63066700
17.18404200
16.20712500
16.65812500
16.68991600
16.69933400
16.69120800
16.65520800
17.57687500
15.85608400
16.86895800
16.43091700
16.68437500
16.73566600
16.64191700
17.59291700
16.76533300
15.68716700
16.73262500
16.62895800
16.71033300
16.77408400
16.57145800
16.70791700
16.66166600
16.69850000
16.70745900
17.38795800
15.93666700
16.71220800
16.65966700
16.67475000
16.88654100
16.52666700
16.65370800
16.70712500
16.67525000
16.65737500
16.66891700
16.69625000
17.39479200
15.97820800
16.68929200
16.76100000
16.71920800
16.67991700
16.55250000
16.72429100
16.66058400
16.69054100
16.66495900
16.73925000
16.62879100
16.71212500
16.68008400
16.67204100
16.68416700
16.69645800
16.86112500
16.46295900
16.69175000
16.69362500
16.67050000
16.69866600
16.67366700
16.67487500
16.82416700
17.23916600
16.03404200
16.65995800
16.65887500
16.72629200
16.65170800
16.69112500
16.68883400
16.68879100
16.71579200
16.62237500
16.72016700
16.65358300
16.67833300
16.68808400
16.69175000
16.66991600
16.72437500
16.65116700
16.67150000
16.80316700
16.62308300
16.64208300
16.66925000
16.72312500
16.64862500
16.70029200
16.73583300
16.62495900
16.99375000
16.35683300
16.70783300
16.65579200
16.69520800
16.69008400
16.68304100
16.68500000
16.71008400
16.66691600
16.64683400
16.68550000
16.68050000
16.70729100
16.66870900
16.69791600
16.66450000
16.70912500
16.65566700
16.71491700
16.67225000
16.67054100
16.67387500
16.71266700
16.69200000
16.65291700
16.71041600
16.66095900
16.67991600
16.68166700
16.69933300
16.66858400
16.69745800
16.67962500
16.71525000
16.64533300
16.67895900
16.68658300
16.70250000
16.66500000
16.68145800
16.67862500
16.70391700
16.66408300
16.68241700
16.68891700
16.67783300
16.71566700
16.68025000
16.68733300
16.65483300
16.70904200
16.66079200
16.68295800
16.67608300
16.68795900
16.72533300
16.66312500
16.66975000
16.68004200
16.67962500
16.68200000
16.68650000
16.71429100
16.65137500
16.68591700
16.67979200
16.71087500
16.65870800
16.67958300
16.68945900
16.67645800
16.68091700
16.74958300
16.61966700
16.68812500
16.67945800
16.68966700
16.67787500
16.68825000
16.72550000
16.65670800
16.66583300
16.71425000
16.67050000
16.67608400
16.66437500
16.69158300
16.67862500
16.69829200
16.70650000
16.63825000
16.71270800
16.66991700
16.67504100
16.68458400
16.73866600
16.65341700
16.65629200
16.67679100
16.68579200
16.70941700
16.65425000
16.71508300
16.65700000
16.68645800
16.71608400
16.64091600
16.68366700
16.69654200
16.68016600
16.69712500
16.68512500
16.67150000
16.69745900
16.67666600
16.72362500
16.65400000
16.65016700
16.69566700
16.69425000
16.68600000
16.69875000
16.65008300
16.68845800
16.69504200
16.68516700
16.78170800
16.57254200
16.73516600
16.62695900
16.68662500
16.67775000
16.68358300
16.71333300
16.66433400
16.72383300
16.63591700
16.67191600
16.70112500
16.67775000
16.67520900
16.68045800
16.68795800
16.68041700
16.70412500
16.68804200
16.66725000
16.68650000
16.68883300
16.71137500
16.68045800
16.65525000
16.67970900
16.68137500
16.68366600
16.68283400
16.67970800
16.69179200
16.67300000
16.68312500
16.68462500
16.69387500
16.68108300
16.70950000
16.66504200
16.68141600
16.66925000
16.68958400
16.68695800
16.70062500
16.66683300
16.67516700
16.68204200
16.68250000
16.68850000
16.71625000
16.65829100
16.71420900
16.63783300
16.70008300
16.68825000
16.71379200
16.64766700
16.69891600
16.66016700
16.67195800
16.71245900
16.65550000
16.69487500
16.66987500
16.68666600
16.67945900
16.74050000
16.63433300
16.67637500
16.71579200
16.68416600
16.66658400
16.68595800
16.67450000
16.69141700
16.68395800
16.66004200
16.70566600
16.66583400
16.70570800
16.71312500
16.63137500
16.69279200
16.67420800
16.69600000
16.70162500
16.65941700
16.68262500
16.68108300
16.68650000
16.85070800
16.51100000
16.72108400
16.64725000
16.67845800
16.72329200
16.70354100
16.63095900
16.67883300
16.68662500
16.68612500
16.68879200
16.68208300
16.69791700
16.66070800
16.68708300
16.67770900
16.68150000
16.68241600
16.70108400
16.66554100
16.68116700
16.68212500
16.69404200
16.67816600
16.68441700
16.68770800
16.67204200
16.68354200
16.70450000
16.67450000
16.68079100
16.67720900
16.69850000
16.67070800
16.68116700
16.68479100
16.69625000
16.69279200
16.74341700
16.82566600
16.45925000
16.68483400
16.69291600
16.68854200
16.67183300
16.68075000
16.67320900
16.70345800
16.66366700
16.74079100
16.65066700
16.67075000
16.70370800
16.66054200
16.68329200
16.68283300
16.68466700
16.70229100
16.66145900
16.69179100
16.67033400
16.68308300
16.71062500
16.64970800
16.68483400
16.68025000
16.68420800
16.68558300
16.68204200
16.69570800
16.67091700
16.68587500
16.67887500
16.69241700
16.67966600
16.67458400
16.70504100
16.66595900
16.68283300
16.69345800
16.68383400
16.70687500
16.65237500
16.68362500
16.68470800
16.68587500
16.67562500
250.26266700
16.68033300
16.69350000
16.68566700
16.68604100
16.70091700
16.63466700
16.68704100
16.68987500
16.68641700
16.71583300
16.63937500
16.71775000
16.65175000
16.69183400
16.67804100
16.67920900
16.69541600
16.69670900
16.66570800
16.68558300
16.67916700
16.67837500
16.69341700
16.69983300
16.66545800
16.79520900
16.56283300
16.68758300
16.67841700
16.69045800
16.68825000
16.67754200
16.68045800
16.68354200
16.68750000
16.67966700
16.68704100
16.68108400
16.73395800
16.62491700
16.70520800
16.66570800
16.70312500
16.66350000
16.69170900
16.68041600
16.69154200
16.69604200
16.67816600
16.67200000
16.67087500
16.68637500
16.67866700
16.68875000
16.68287500
16.68416700
16.69258300
16.67916700
16.67516600
16.68420900
16.70770800
16.66883300
16.71070900
16.65029100
16.67908400
16.70741600
16.66258400
16.69870800
16.66370800
16.69237500
16.67758400
16.68666600
16.69275000
16.66262500
16.68850000
16.68245900
16.68604100
16.71020900
16.66758300
16.67020800
16.70875000
16.69212500
16.65437500
16.69841700
16.69666700
16.66500000
16.68016600
16.66954200
16.81645800
16.57904200
16.65745800
16.69541700
16.68941700
16.68991600
16.66004200
16.68233300
16.68387500
16.69579200
16.67550000
16.68116700
16.67537500
16.69037500
16.71033300
16.66775000
16.66600000
16.71391700
16.67245800
16.67091700
16.67825000
16.68045800
16.70791700
16.67383300
16.68541700
16.66620800
16.69429200
16.67616600
16.71816700
16.69487500
16.63491700
16.68179100
16.68845900
16.68379100
16.67754200
16.68933300
16.69866700
16.66158300
16.68370900
16.68162500
16.68904100
16.68645900
16.69808300
16.68108300
16.65991700
16.68645800
16.68320900
16.70095800
16.66862500
16.73195800
16.62904200
16.69545800
16.67520900
16.69758300
16.71600000
16.65841700
16.66658300
16.70350000
16.66300000
16.73558300
16.70058400
16.65245800
16.65150000
16.67516700
16.68829100
16.67658400
16.68212500
16.73579100
16.63154200
16.68491700
16.68016600
16.68295900
16.69345800
16.70566700
16.66075000
16.67433300
16.70508300
16.66775000
16.67962500
16.69650000
16.68633400
16.71208300
16.63887500
16.68704200
16.68883300
16.67491700
16.67691600
16.69125000
16.68220900
16.71391600
16.66804200
16.66237500
16.68825000
16.68650000
16.71408300
16.64520900
16.75137500
23.97425000
13.19966600
13.83454200
15.66591700
16.68775000
16.69079100
16.67029200
16.68058300
16.69870900
16.67866600
16.66466700
16.68891700
16.70091600
16.67720900
16.68137500
16.65983300
16.68525000
16.69050000
16.70066700
16.68158300
16.68733300
16.67866700
16.66250000
16.71041700
16.68708300
16.67854200
16.65904100
16.68050000
16.68312500
16.71079200
16.67870800
16.67129200
16.69075000
16.68795800
16.67425000
16.68791700
16.67941700
16.70350000
16.67000000
16.68554100
16.67958400
16.67379100
16.68637500
16.68545900
16.68941600
16.68412500
16.69195900
16.67112500
16.68345800
16.69658300
16.69833400
16.66195800
16.69895800
16.67608400
16.71525000
16.68500000
16.63087500
16.69612500
16.72008300
16.63558300
16.68491700
16.92979200
16.45541600
16.71025000
16.79837500
26.43845900
14.04887500
14.40770800
14.90758300
14.67725000
15.46662500
16.69104200
16.67258300
16.68658400
16.73629100
16.61950000
16.68812500
16.67445900
16.73904100
16.69112500
16.64454200
16.67091700
16.67595800
16.69850000
16.67279200
16.70045800
16.69533300
16.64850000
16.70695900
16.66370800
16.70500000
16.68033300
16.66091700
16.68495800
16.76995900
16.77770800
16.51504200
16.67016600
16.69387500
16.67316700
16.67933300
16.73558400
16.66816600
16.66404200
16.67537500
16.70320800
16.66383400
16.68129100
16.69812500
16.66187500
16.68137500
16.71333400
16.66145800
16.68033300
16.70016700
16.66525000
16.69166700
16.67983300
16.68745800
16.68250000
16.69195900
16.66879100
16.69995900
16.66445800
16.73666700
16.67545800
16.63658300
16.73095900
16.69587500
16.66825000
16.71900000
16.67045800
16.67595800
16.63208400
16.68575000
16.68016600
16.67783400
16.68425000
16.68479100
16.71762500
16.64533400
16.69800000
16.68587500
16.69633300
16.66154200
16.67691600
16.68162500
16.69650000
16.68720900
16.69583300
16.66279200
16.71904100
16.68508400
16.68041600
16.63800000
16.68154200
16.68404200
16.68608300
16.68641700
16.67887500
16.70433300
16.83266700
16.52075000
16.69058300
16.68412500
16.69391700
16.67441600
16.67362500
16.67529200
16.69233300
16.71879200
16.64766700
16.69679100
16.66962500
16.70400000
16.66204200
16.67366700
16.70483300
16.66312500
16.68825000
16.67566700
16.68525000
16.71195800
16.65495800
16.69633400
16.68125000
16.67083300
16.72641700
16.64433300
16.68204200
16.71550000
16.65070800
16.68108300
16.70087500
16.66916700
16.72433300
16.64275000
16.67800000
16.68562500
16.71787500
16.67800000
16.65166700
16.69008300
16.69100000
16.69420900
16.67766600
16.74166700
16.62304200
16.69070800
16.66137500
16.75991700
16.64445800
16.65754200
16.67362500
16.68154100
16.71833400
16.70441600
16.64387500
16.71412500
16.64804200
16.71866700
16.82004100
16.52837500
16.68400000
16.68150000
16.66312500
16.67637500
16.68858400
16.67891600
16.68562500
16.71766700
16.65333300
16.68050000
16.70791700
16.66875000
16.67541700
16.67262500
16.71808300
16.65420800
16.68425000
16.68458400
16.70845800
16.65604200
16.68141600
16.71133400
16.67641600
16.69666700
16.64833300
16.74600000
16.64941700
16.68900000
16.68687500
16.64337500
16.70291700
16.68204100
16.69054200
16.72000000
16.65029200
16.70066600
16.65891700
16.70708300
16.69850000
16.64254200
16.71170800
16.64525000
16.70254200
16.68220800
16.68170900
16.68183300
16.67787500
16.72566700
16.66858300
16.69470800
16.64283400
16.66825000
16.69487500
16.70287500
16.72158300
16.62887500
16.67050000
16.68720800
16.67883400
16.67316600
16.67983400
16.69783300
16.66804200
16.68116600
16.70016700
16.67125000
16.69612500
16.70658300
16.66191700
16.66308300
16.68304200
16.69975000
16.68575000
16.68295800
16.68216700
16.66683300
16.69833400
16.68529100
16.68166700
16.66833300
16.70045900
16.66595800
16.68250000
16.69025000
16.67900000
16.69691700
16.68520800
16.66608300
16.74045900
16.66991600
16.66204200
16.68379200
16.68091600
16.67791700
16.68591700
16.68620800
16.68129200
16.68612500
16.68283300
16.68166700
16.68795800
16.67300000
16.72587500
16.64783300
16.68529200
16.69337500
16.66225000
16.74825000
16.62683300
16.68275000
16.73387500
16.63545900
16.68000000
16.68412500
16.70800000
16.65216600
16.71612500
16.66325000
16.67420900
16.69604100
16.70604200
16.65154200
16.70116600
16.68979200
16.65066700
16.71562500
16.65312500
16.68383300
16.69087500
16.67575000
16.68266700
16.69041600
16.73704200
16.62750000
16.67562500
16.69237500
16.68150000
16.67770800
16.68287500
16.70020900
16.69529100
16.66616700
16.67095800
16.69629200
16.69120800
16.68758400
16.66729100
16.68295900
16.68208300
16.68545800
16.68912500
16.70220900
16.65200000
16.68029100
16.68566700
16.67945800
16.68591700
16.72045800
16.65770900
16.73750000
16.62675000
16.70420800
16.66366700
16.70204100
16.65591700
16.69337500
16.70783300
16.66229200
16.70845800
16.66116700
16.66745800
16.71766700
16.66100000
16.66975000
16.68791700
16.72308300
16.64275000
16.69712500
16.70929200
16.68658300
16.64779200
16.67683300
16.68345800
16.68266700
16.69195800
16.66987500
16.73895900
16.63800000
16.67545800
16.69616700
16.66887500
16.70195800
16.66195800
16.68637500
16.70725000
16.66908400
16.70529100
16.67758400
16.68879100
16.70316700
16.63587500
16.68650000
16.68241700
16.70554100
16.65320900
16.69266600
16.87033400
16.50108300
16.69470800
16.66333400
16.68916600
16.66633400
1019.71266600
17.01108400
16.33316600
16.74525000
16.61783400
16.26345800
16.16258300
17.00795900
18.49616600
17.81120900
17.76937500
17.72741600
17.03129200
17.15566700
16.79120800
16.35970800
15.59129200
16.41225000
15.90270800
15.20495900
16.02341600
15.80566700
15.21537500
16.30587500
16.68720800
16.74804200
17.34925000
16.01166700
16.59350000
16.66345800
16.72237500
17.34812500
16.00108300
16.78879200
16.68220800
16.63687500
16.60308400
16.70245800
16.66950000
16.73541700
16.75695800
16.55616700
16.69870800
16.68233300
16.68391700
16.66520800
16.70287500
16.66312500
16.72129200
16.66379200
16.68087500
16.70429100
16.67929200
16.66700000
16.68150000
16.67995800
16.72075000
16.70870900
16.62720800
16.78212500
16.69891700
16.59420800
17.16154200
16.21579100
17.31295900
17.19129100
16.41912500
16.42179200
16.72691700
16.14129100
16.77325000
16.62162500
16.53733400
16.76529100
16.89791700
17.10662500
16.31775000
16.61241700
16.47837500
16.73958300
16.53741700
16.68066600
16.65933400
16.77087500
16.67633300
16.75529200
16.57237500
16.63800000
16.69145800
16.80120800
16.58491700
16.65937500
16.67841700
16.83766600
16.53291700
16.72362500
16.68475000
16.64008300
16.71345900
16.83545800
16.56100000
16.67129200
16.65737500
16.67441600
16.70741700
16.66066700
16.67250000
16.68445800
16.74825000
16.66733300
16.63541700
16.69016700
16.67358300
16.68145800
16.70595900
16.65783300
16.67837500
16.69245800
16.76625000
16.62670900
16.79337500
16.58804100
16.63433400
16.68154100
16.85345900
16.60745800
16.72462500
16.76529200
16.51937500
16.65654100
16.79404200
16.64720800
16.58258400
16.68283300
16.69625000
16.67754200
16.68562500
16.81137500
16.58041600
16.84708400
16.52262500
16.81041600
16.55316700
16.65866700
16.67879100
16.82866700
16.83887500
16.37958300
17.01900000
16.82104200
16.22929200
17.18754100
16.59929200
16.49508300
16.48900000
16.73450000
16.58383400
16.92237500
16.81125000
16.64750000
16.72600000
16.62341600
16.67795900
17.88650000
16.69004100
16.40716700
15.80216700
16.72183300
16.55341700
16.81320800
16.62500000
16.62970800
16.66025000
16.77962500
16.33487500
17.06537500
16.55383400
16.68866600
16.43725000
16.98858400
16.89387500
16.39808300
16.84266700
16.28441600
16.99687500
16.56741700
16.73537500
16.49650000
16.68704200
16.82650000
16.93037500
16.22404100
16.66666700
16.95804200
16.67550000
16.78541600
16.70262500
16.72516700
16.88504200
16.21054100
16.78404200
16.78220800
16.75195900
16.60533300
16.65775000
16.68016700
16.69370800
16.60479200
16.70233300
16.74320800
16.71525000
16.56666700
16.66233300
16.49695900
16.90925000
16.66379100
17.28908400
16.09100000
16.70270800
16.63129200
16.77475000
16.66787500
16.79087500
16.61804100
16.60137500
16.63941700
16.76825000
16.66054200
16.69687500
16.75283300
16.80133300
16.43941700
16.72166700
16.84379100
16.54570900
16.67575000
16.72595800
16.53954200
16.76029100
16.66320900
16.79087500
16.68262500
16.66145800
16.68387500
16.67737500
16.66400000
16.68016700
16.88100000
17.40329100
16.49879200
16.13545800
16.56366700
16.65741700
16.57116600
16.66095900
16.74716600
16.67500000
16.62079200
17.09612500
16.34008300
16.63725000
16.65891700
16.77475000
16.94820800
16.41125000
16.88762500
16.44775000
16.71366700
16.81354200
16.60283300
16.61441700
17.17175000
16.18945800
16.71429200
16.64358300
16.69408300
16.76500000
16.56904200
16.88279200
16.60258300
16.70758300
16.50966700
16.73470800
16.78941700
16.70066700
17.49487500
16.62970800
17.24745800
16.40354200
16.90445800
16.88341700
15.90654200
15.96625000
16.63837500
16.80616600
17.66883400
16.44945800
15.91708300
16.62962500
16.56025000
16.98208400
16.52137500
16.73387500
17.21020800
16.27304200
16.66395800
16.62716700
16.35612500
16.91112500
16.80137500
16.48162500
16.49916600
16.82758400
16.59533300
16.58825000
16.94633300
16.58495900
16.57191600
16.86883400
16.56308300
16.81812500
16.70258300
16.40254200
17.05091700
16.61895800
16.74850000
16.69112500
16.59633300
16.47495900
16.90845800
16.52700000
16.79779200
16.83587500
16.56187500
16.49733300
16.95666700
16.60204100
16.80491700
16.84758300
16.31283400
16.67883300
16.74345800
17.10595900
16.83358300
16.65133300
16.41658400
16.52870800
16.80666700
16.53916600
16.82033400
16.80975000
16.57975000
16.72929100
16.89970900
16.58575000
16.52337500
16.79358300
16.43108300
17.08041700
16.79170800
16.97154200
16.26729200
17.09308300
16.52595800
16.15062500
16.74012500
16.63658400
16.75775000
16.61808300
16.68187500
16.62825000
16.53541700
16.84112500
16.90008300
16.72762500
18.27762500
17.26258300
17.80408400
23.63012500
18.48141600
18.05133400
18.38175000
16.90266600
19.36870900
20.82583300
18.23679200
19.22812500
21.09358300
20.49345800
18.39862500
16.88120900
17.49229100
18.66237500
18.43220900
18.96037500
18.66691600
18.35912500
17.59512500
17.07537500
19.88633400
18.58866600
16.88041700
15.99575000
16.07687500
16.09245800
16.86725000
17.77625000
16.34712500
17.06354200
16.37866700
30.24554100
17.07270900
18.16991600
17.85341700
17.76825000
15.81883300
20.47708400
16.90437500
17.03058300
21.02725000
23.09800000
20.86395800
19.74154200
18.73412500
20.81970800
20.09275000
16.85975000
15.09308400
15.30325000
16.02862500
16.49133300
16.24541700
15.17733300
15.64700000
15.51345800
14.55716700
14.59220800
15.26800000
14.48029200
14.49058300
14.48625000
14.92241700
17.04158300
15.61083400
15.05362500
14.73300000
15.66350000
14.74112500
14.97804100
14.70045900
14.66875000
15.68591600
15.83270900
15.04395800
15.86095800
16.12529200
16.00358300
14.89816700
15.22533300
14.70458400
14.42454100
14.54912500
14.15758400
15.78825000
15.68779100
16.26883400
15.07195800
15.23100000
14.98145800
15.93700000
14.61229200
14.57208300
14.57637500
14.26991700
14.13525000
13.91404200
13.96770800
13.88329200
14.86208300
15.31658300
13.86050000
14.26754200
14.41900000
13.81079200
14.33620800
14.39141700
14.81825000
16.76679100
16.62220900
16.66104100
16.70316700
16.67675000
16.69362500
16.66941700
16.66833300
16.74062500
16.67450000
16.64479200
16.69212500
16.67925000
16.70429100
16.67066700
16.67075000
16.67658300
16.67979200
16.69016700
16.68829100
16.67908400
16.71562500
16.64616600
16.71579200
16.65487500
16.68529200
16.70558300
16.68825000
16.64833300
16.71512500
16.69333400
16.67958300
16.64891700
16.69837500
16.67637500
16.67708300
16.67950000
16.70129200
16.70575000
16.78983300
17.25162500
16.39441700
17.04541600
16.54462500
16.38120900
16.78895800
16.93237500
16.71625000
16.14745800
17.16620900
16.97420800
16.22795800
17.42908400
15.69350000
16.63745800
16.97658300
16.57083400
16.41337500
16.54575000
17.07212500
16.80320800
16.41283300
16.55929200
16.57904200
16.67475000
16.74312500
16.66716600
16.69125000
16.63487500
16.70245900
16.66766600
16.67866700
16.68387500
16.70766700
16.66208300
16.67795800
16.77458400
16.58995800
16.75737500
16.83275000
17.23241700
15.93370800
16.65904200
16.71266600
16.65254200
16.70262500
16.66329200
16.68287500
16.68316600
16.71300000
16.65358400
16.70329100
16.66262500
16.70425000
16.66208400
16.70566600
16.66100000
16.70308400
16.68500000
16.66125000
16.68629100
16.68041700
16.68520800
16.68145900
16.68283300
16.68583300
16.68208400
16.68245800
16.72833300
16.64062500
16.68316700
16.70108300
16.68987500
16.66512500
16.73700000
16.66000000
16.70766700
16.64562500
16.68262500
16.68650000
17.28533300
16.06262500
16.73762500
16.78662500
16.55387500
16.71308400
16.66133300
16.68929200
16.71254100
16.68308400
16.66404100
16.65841700
16.66862500
16.67300000
16.70345800
16.66283400
16.70554100
16.66270900
17.07529100
16.34275000
16.65912500
16.69908400
16.64250000
16.70612500
16.68770800
16.65441700
16.68266600
16.76625000
16.61633400
16.71991600
16.62687500
16.71187500
16.68145900
16.65687500
16.69566600
16.68854200
16.69850000
16.67379200
16.66295800
16.70408300
16.67775000
16.72000000
16.65666700
16.66262500
16.72004200
16.63833300
16.68841700
16.67916600
16.71591700
16.65250000
16.68041700
16.73687500
16.63950000
16.82175000
16.53879100
16.67833400
20.80633300
15.07466700
14.30458300
16.57837500
16.65537500
17.41166700
16.07087500
16.56704100
16.73070900
16.66145800
17.00579200
