18.50479200
14.70766600
18.14633400
15.38458300
18.06745800
15.29679200
17.49450000
15.84854200
17.55950000
15.79716600
17.39325000
15.85175000
17.71608400
15.80783300
17.55333300
15.78179200
18.12729200
15.26212500
18.39866600
14.96175000
18.34791700
15.02404200
17.64325000
15.74829100
17.55766700
15.77754200
17.64562500
15.72866600
17.87016700
15.51529200
17.81908300
15.53895800
18.26729200
15.09733300
18.31362500
15.05241700
18.14545800
15.05845900
18.42750000
15.09379100
18.54550000
14.80845900
18.59162500
14.63341600
18.40295900
15.13058300
18.40516700
14.95254100
18.24841700
15.12029200
18.15150000
15.21350000
18.27391600
14.94195900
18.76870800
14.75325000
18.69679200
14.67491600
18.72083400
14.62900000
18.84129100
14.37420900
18.73575000
14.80516600
18.61912500
14.57783400
18.71237500
14.80870800
18.66670800
14.71212500
18.62645900
14.68666600
18.81595900
14.61191600
18.73650000
14.45237500
18.84658400
14.51916600
18.76979200
14.75200000
18.85695800
14.52966700
18.55295800
14.81187500
18.57216700
14.78925000
18.45945800
14.91504200
18.59304200
14.76620800
18.46608300
14.90458400
18.52125000
14.67779100
18.31812500
15.24800000
18.32166700
15.00233300
18.40208400
14.96195800
18.23783300
15.15041700
18.22029200
15.13966600
18.08766700
15.27025000
18.12966700
15.25583300
18.31900000
15.02550000
18.11608300
15.25562500
18.09779200
15.25312500
18.38050000
14.99004200
18.25191600
15.13037500
18.47045900
14.91679100
19.68841700
13.61591700
19.22020800
14.17029200
19.05079100
14.30650000
19.38225000
14.01391700
19.07079200
14.25283300
19.21112500
14.13525000
19.38187500
14.03050000
19.42195800
13.93454200
19.29091700
14.09375000
19.51166600
13.82650000
19.20516700
14.18720800
19.11725000
14.21070900
19.19054100
14.18829200
19.23516700
14.12604100
19.33166700
14.02870800
19.44883400
13.93950000
20.03070800
13.34691700
19.74304100
13.62858400
18.15150000
15.23787500
18.23800000
15.11662500
18.26062500
15.10304100
18.21391700
15.16020800
18.31266700
15.05258300
18.09412500
15.29541700
18.08587500
15.28020800
18.03075000
15.14200000
18.01012500
15.53366700
18.26533300
15.12783400
17.96283300
15.38325000
17.87333300
15.48004200
17.90225000
15.47812500
17.96941700
15.38212500
17.80758300
15.53862500
18.09179200
15.12520800
18.17875000
15.36250000
17.92333300
15.38637500
17.77970900
15.63295800
17.88308300
15.49208400
18.02566600
15.16891700
17.92808300
15.61737500
17.84812500
15.50562500
18.10108400
15.29075000
17.94516600
15.24566700
17.87570800
15.65050000
17.85683400
15.49245800
17.70620800
15.65433400
18.42441600
15.01233400
18.75908300
14.57508300
18.44475000
14.90450000
18.14083400
15.26337500
18.31945800
15.01283300
18.14804200
15.04970800
18.54258400
14.99950000
18.68112500
14.67491600
18.92833400
14.26783300
18.86108300
14.68512500
18.81475000
14.53687500
18.90095900
14.46887500
18.59745800
14.60158300
18.79641700
14.77395800
18.94129200
14.38875000
18.88345800
14.50837500
18.57475000
14.65250000
18.49762500
14.97145900
18.25441600
15.12558400
18.29412500
15.05983300
18.40650000
14.80433300
18.07945900
15.45587500
18.04008300
15.16079200
18.07704100
15.44745900
18.02337500
15.34054100
17.93937500
15.46329200
18.08816700
15.08462500
18.18537500
15.35537500
18.21100000
15.15916600
18.25462500
15.10291700
18.50008300
14.86416700
18.33000000
15.05437500
18.44041700
14.74358300
18.32562500
15.04575000
18.40704200
15.11887500
18.39125000
14.99266600
18.53945900
14.81058300
18.27266700
15.10029100
18.60312500
14.77366700
18.55762500
14.79137500
18.67316700
14.53179100
18.66275000
14.87745900
18.23116600
15.13125000
18.41795900
14.94991600
18.88383400
14.49237500
18.56804100
14.78437500
18.18233400
15.18579100
18.52791700
14.84508300
18.76600000
14.42429200
18.47941700
14.88754100
18.46150000
14.91387500
18.30966700
15.21612500
18.35887500
14.83966700
18.38550000
15.15991600
18.53925000
14.81483400
18.61575000
14.75629100
18.53975000
14.83366700
18.90666700
14.43629100
18.83870900
14.53770800
18.71966700
14.66612500
18.60745800
14.75312500
18.37112500
14.98479200
18.37583300
15.00045800
18.41433400
14.96512500
18.18162500
14.99595800
18.25966700
15.29341600
18.38829200
14.97700000
18.46850000
14.71312500
18.61737500
14.74933300
18.62937500
14.74100000
18.79433400
14.75458300
18.99637500
14.35733300
18.41337500
14.78025000
18.56466700
14.96816700
18.97954100
14.38045900
18.60158300
14.78279200
18.52383300
14.82079200
18.49075000
14.89008300
18.71770800
14.65283400
20.14358300
13.17779200
19.55458300
13.84354200
19.64916600
13.70141700
19.65266700
13.57062500
19.22800000
14.26987500
19.54404100
13.86400000
19.54629200
13.78845800
19.72004200
13.63225000
19.55591700
13.85004100
19.63258400
13.71366600
20.26062500
13.13245900
20.02254100
13.35333400
20.13695800
13.22941700
19.90691600
13.44887500
20.10620900
13.27075000
19.94679100
13.41795900
20.30470800
13.04620800
20.10091700
13.26941700
18.77162500
14.61975000
18.88162500
14.29791600
19.02195900
14.51087500
19.38162500
13.81562500
19.26783300
14.27129200
19.04783300
14.14616700
19.11287500
14.25375000
19.38658300
14.14566700
18.67379100
14.70529200
18.39183300
14.98200000
18.27337500
14.90829200
18.66516700
14.87266600
18.35229200
15.02266700
18.55379100
14.82266700
18.36995800
14.97725000
18.41283400
14.78383300
18.48754200
15.00741600
18.37150000
14.86695900
18.42387500
15.13004100
18.36883400
14.99804100
18.51070900
14.66854100
18.18491700
15.37950000
18.46483300
14.88787500
18.44704200
14.91650000
18.44408300
14.91775000
18.55912500
14.63158400
18.55054100
15.00287500
18.37316700
14.98112500
18.38141700
15.00050000
18.45633300
14.72079200
18.48579100
15.03220900
18.57600000
14.81450000
18.56312500
14.79604100
18.65895900
14.73433300
18.60041700
14.76841600
18.76279200
14.57129200
18.41716600
14.97558400
18.77066600
14.58800000
18.37666700
14.80808300
18.12329200
15.25020800
18.39583400
15.00404100
18.40508400
15.09620800
18.36795800
14.96762500
18.31954200
15.07858300
18.64666700
14.72720800
18.19991700
15.16300000
18.17570800
15.19516700
18.31183300
15.04637500
18.08166700
15.28345800
18.23820900
15.13762500
18.14675000
15.22241600
18.20854200
15.13675000
18.29870800
15.07558400
18.87258300
14.49787500
18.23066700
14.96808300
18.34025000
15.19883300
18.38470900
14.80304100
18.53662500
15.00058400
18.31504100
15.03612500
19.02962500
14.36545900
18.66462500
14.69570800
18.10716700
15.08233300
18.60320800
14.95404200
18.97658300
14.36087500
18.82141700
14.53545800
18.51791700
14.69725000
18.80008300
14.73954200
19.38820800
13.80554200
19.37083300
14.18058400
18.99275000
14.37691600
19.03929200
14.31329200
19.09162500
14.29066600
19.59700000
13.76700000
19.05783400
14.12212500
19.03133300
14.33529200
19.17258300
14.37720800
19.03641700
14.32175000
18.89329200
14.30841600
19.20083400
14.15900000
19.14170800
14.39262500
18.81337500
14.55266700
19.01525000
14.35600000
19.04845800
14.34425000
19.02245800
14.31162500
19.05504200
14.14362500
18.65950000
14.87404200
18.52220800
14.67770800
18.25975000
15.27741700
18.47558300
14.72141700
18.60950000
14.75633300
18.87445900
14.68179100
18.99816700
14.19154200
19.02087500
14.51308300
19.50250000
13.87887500
19.31645800
14.02687500
19.13245900
14.24300000
19.17208300
14.20483300
19.60791700
13.75875000
19.11254200
14.06479100
19.17216700
14.38683300
19.34150000
14.02233400
19.23495800
14.11904200
19.74137500
13.62225000
19.62854100
13.74195900
20.41308300
12.93916700
20.10870800
13.25816700
19.00908300
14.19308300
19.14858400
14.34337500
19.14920800
14.09208300
18.99016700
14.52041700
19.20850000
14.16937500
19.13641600
14.20604200
19.36770800
14.04012500
20.10733400
13.22458300
19.23537500
14.16012500
18.91425000
14.42987500
19.27420800
14.08020900
19.38570800
13.99170800
19.45262500
13.91829200
20.07954200
13.29354100
19.47512500
13.85891700
19.66220800
13.75354200
19.44175000
13.88995800
19.63970900
13.75337500
17.88304100
15.50750000
18.11225000
15.25183400
18.15883300
15.22395800
18.34250000
15.01795900
18.12525000
15.24520800
17.95079200
15.41479100
18.28016700
15.06329200
18.33704100
15.06304200
18.68691700
14.63229100
18.01195900
15.37308300
18.00629200
15.38133300
18.01066700
15.33708300
17.96566700
15.40358300
17.98391700
15.37112500
18.26350000
15.11425000
18.23054100
15.12812500
17.99745900
15.37587500
18.00845800
15.32091700
18.04791600
15.17762500
17.96833400
15.39829100
18.15341700
15.39333300
18.06441700
15.29758300
18.04216700
15.36000000
18.07783300
15.27237500
18.05841700
15.29054200
18.03204100
15.33837500
18.09262500
15.28412500
18.57658400
14.78675000
18.52458300
14.65483300
18.93362500
14.60429200
18.65137500
14.70687500
18.49000000
14.71400000
18.59333300
14.97591700
18.90570800
14.42333400
18.69970800
14.69754200
18.73325000
14.61462500
19.01125000
14.33445800
18.75179200
14.63862500
19.69762500
13.66229100
18.94362500
14.44962500
18.93595900
14.39879100
18.91645900
14.45758300
19.08987500
14.27233300
18.90791700
14.28829200
18.74879100
14.80366700
19.03716700
14.30741600
19.06770900
14.29916600
19.01033400
14.36783300
18.83800000
14.51245800
19.02150000
14.18620900
19.04004100
14.32645900
19.05754100
14.30904200
18.64133300
14.89112500
18.31062500
15.06808400
18.31375000
15.05816600
18.01579200
15.33104200
18.06120800
15.33004200
18.23966600
15.11154200
18.15804200
15.03616600
18.35854200
15.00820800
18.13812500
15.39595900
17.96941600
15.38250000
17.89170900
15.36383300
18.13291700
15.35187500
17.77020800
15.53670800
18.05675000
15.39254200
17.79566700
15.57129100
18.18204200
15.16466700
18.72566600
14.62537500
18.42241700
14.95000000
18.02358300
15.34854200
18.04095800
15.32829200
17.94100000
15.42704200
18.46004100
14.90233400
18.27175000
15.08791600
18.28279200
15.10541700
18.28683300
15.06229200
18.11850000
15.09300000
18.14425000
15.39145800
18.19300000
15.01562500
18.09308300
15.43341700
18.23700000
15.13441700
18.59729100
14.76883400
18.45004100
14.90795900
18.38866600
14.99575000
18.35258400
14.99062500
18.12220800
15.24454200
18.18116600
15.17558400
18.23495800
15.15512500
18.82300000
14.52150000
18.43958300
14.93450000
18.42712500
14.93800000
18.47616700
14.88783300
18.82362500
14.55241700
18.63483300
14.72904200
18.45566700
14.92729100
18.31500000
14.87341700
18.15841700
15.38379100
18.28541700
14.90595800
18.00616700
15.51766700
18.29908300
15.08858300
18.17791700
15.17858300
18.27720900
15.10500000
18.66550000
14.70300000
19.37587500
13.94929100
19.45833400
13.92270800
19.27012500
14.09137500
19.60820800
13.64991700
21.24525000
12.24941700
19.99395800
13.36141700
22.31608300
10.97779200
20.04983300
13.39095800
19.07725000
14.30241700
19.07358300
14.25937500
19.36000000
14.03100000
19.12850000
14.20241700
19.32687500
14.04937500
19.83525000
13.52987500
19.37650000
13.97850000
19.59241700
13.81600000
20.13695800
13.18720800
19.76629200
13.56766700
19.45054100
13.82279200
18.56587500
14.87183300
18.34945900
15.11620800
18.32725000
15.04041700
18.29795800
15.06675000
18.65520800
14.54233400
19.26258300
14.28625000
18.75354200
14.59550000
18.50487500
14.87795800
18.59787500
14.77020800
18.63604200
14.72020800
18.70929200
14.48562500
18.54362500
18.51025000
13.15641700
18.47162500
14.73962500
18.81120800
14.72470800
18.41200000
14.96112500
18.33350000
15.01883400
18.46104100
14.91279200
18.35804200
14.83583300
19.04895800
14.45350000
18.92425000
14.46137500
19.32862500
14.03425000
19.78425000
13.58475000
18.22454200
15.16629200
18.17554100
15.17358400
18.53066600
14.86300000
18.98854200
14.34079200
18.76666600
14.61483400
18.08641600
15.12379200
18.14408300
15.38995900
18.14079100
15.04983400
17.97637500
15.54420800
18.09662500
15.31795800
17.68095900
15.65075000
17.62937500
15.71483300
17.86333300
15.51712500
18.30262500
15.09704200
17.75441700
15.56883300
17.87191700
15.35712500
18.04141600
15.48341700
18.02529200
15.33650000
17.68416600
15.71737500
17.68529200
15.65466700
17.52850000
15.66650000
17.40366600
16.06212500
17.73270900
15.70179100
17.53933400
15.78375000
17.28775000
16.09654100
17.22829200
16.11495800
17.18095900
16.17866600
16.98875000
16.37016700
17.00633300
16.36983400
17.05716600
16.28804200
17.09470800
16.27908400
17.08704100
16.31041700
17.20841700
16.13125000
17.07512500
16.26729100
17.05233400
16.37579100
16.93720900
16.39166600
17.01533400
16.33966600
17.59150000
15.82587500
16.78762500
16.54300000
16.88062500
16.53679200
16.70058300
16.68329200
17.09362500
16.10133300
16.89920900
16.54662500
17.09791600
16.31333400
17.24441600
16.17087500
17.05941700
16.24725000
17.66795800
15.74383400
18.22970800
14.97933300
18.36629200
15.15187500
18.12783300
15.08700000
18.06195900
15.48933300
17.25354200
16.04816600
17.26770900
16.13629100
17.94483400
15.26595800
17.69629200
15.81145800
17.33158300
16.02320900
17.35795800
16.02487500
17.19595800
16.14716700
17.11908300
16.24154200
17.08550000
16.17129200
16.78216600
16.67175000
16.58916700
16.78195800
16.58466700
16.86025000
16.51591700
16.74962500
16.60912500
16.84487500
16.52041600
16.79916700
16.56729200
16.68341600
16.75350000
16.61320900
17.39420800
16.10983300
17.91770900
15.49016600
18.14637500
15.20991700
18.37483300
15.00104200
18.42212500
14.87929200
18.78816600
14.63208400
18.66220800
14.70183300
18.47554200
14.90258300
18.62825000
14.73320900
18.55658300
14.78970800
18.44100000
14.93791700
18.50537500
14.86345800
18.40729200
14.79708300
18.31162500
15.05454200
18.96608300
14.56362500
19.22841700
14.10200000
19.38820800
14.02604200
19.34562500
14.01275000
19.58070800
13.77808400
19.29170800
14.06291700
19.69533300
13.64808300
19.72512500
13.66295900
19.70695800
13.65350000
19.73379200
13.66195800
19.57016700
13.75408300
19.63916700
13.76537500
19.35908300
13.98616700
19.33787500
14.00895800
19.36354200
14.03404100
19.93383400
13.28175000
19.32625000
14.18225000
19.99412500
13.36275000
19.97912500
13.42629100
18.47037500
14.73354200
18.21758300
15.16825000
18.48520900
15.01612500
18.34187500
15.02250000
18.19808300
15.00708300
18.41766700
14.94887500
18.43000000
15.12575000
17.13312500
16.17166700
17.14545800
16.24600000
17.03175000
16.28070800
17.08045900
16.38125000
17.31075000
16.00933300
17.63137500
15.58916700
17.70945800
15.65733300
17.54695900
15.97062500
17.78550000
15.59316600
18.14766700
15.22145800
18.01391700
15.39237500
17.91616700
15.42558300
17.47079200
15.71558300
17.94791700
15.41895800
18.20316700
15.34875000
18.19908300
14.98216700
18.07891600
15.46850000
17.77516700
15.58275000
17.36054200
15.94929100
18.57608400
14.70608300
17.47462500
16.00158300
17.86908400
15.51800000
18.42958300
14.77650000
18.89791700
14.64991600
18.47766700
14.84366700
19.05291600
14.34341700
18.45420800
14.92420900
18.93925000
14.41487500
18.49179100
14.71016700
18.35137500
15.21658300
18.77045900
14.56512500
18.33100000
15.03395800
19.26145800
14.10270900
18.04695800
15.15366700
18.35012500
15.01662500
18.71345800
14.83670800
19.14733400
14.03575000
18.99891600
14.36783400
19.04950000
14.32220800
18.57287500
14.96408300
18.40475000
14.95000000
18.92062500
14.48745900
18.91629100
14.42558400
18.70058300
14.65150000
18.95570800
14.44366700
18.80766700
14.37870800
18.92633300
14.42241700
18.80337500
14.56341700
18.74970800
14.80166700
19.15887500
14.02725000
18.99179100
14.37062500
18.90537500
14.63345900
18.96325000
14.39854100
18.84795900
14.52191600
18.79475000
14.56470900
19.28816600
14.08166700
18.94841700
14.41604100
19.03641700
14.34612500
19.01325000
14.34258300
19.05358400
14.14383300
18.76966700
14.78029100
19.10933400
14.24004100
19.05937500
14.30762500
18.98654200
14.21933300
19.03475000
14.51150000
18.86941700
14.47925000
19.89350000
13.43541700
19.84916600
13.38983400
19.34045800
14.06120800
19.13175000
14.37745900
19.12304100
14.17245900
18.40733300
14.85116700
18.23166600
15.30375000
18.04983400
15.31945800
18.01162500
15.34433300
17.95220900
15.39312500
18.16279100
15.21495900
18.35154100
14.86466700
17.93291700
15.59925000
18.44295800
14.94525000
18.28200000
15.05154200
17.92179100
15.45908400
18.24629100
15.13237500
18.43841700
14.76220800
18.13483400
15.35791600
18.56737500
14.83862500
18.57366700
14.76070800
18.28329200
15.09766700
18.52887500
14.85987500
18.68437500
14.67516600
18.45270900
14.90212500
18.23875000
15.14391600
18.18729200
15.18712500
18.40433300
14.77400000
18.47145900
14.89854100
19.08037500
14.46266700
19.01620800
14.32762500
18.85729200
14.35258300
19.07929200
14.47100000
19.72550000
13.62675000
20.25770800
13.09675000
19.90133400
13.48112500
20.06754100
13.26354200
19.81033300
13.58020900
19.67904100
13.66983400
19.90208300
13.48020800
19.57579200
13.79287500
19.76766700
13.43783300
19.84016700
13.53233300
20.23008300
13.29241700
19.98858300
13.39241700
20.22345800
13.12837500
19.96566700
13.40241700
20.09833300
13.28395800
20.01654200
13.17220800
19.84245900
13.52454100
20.31283400
13.22779100
20.42300000
12.77541700
17.95995800
15.55679200
17.57350000
15.82675000
17.73950000
15.64937500
17.70720800
15.60733400
17.47445800
15.89625000
17.63258300
15.75929200
17.79100000
15.39012500
17.68091700
15.68204100
17.73637500
15.81191700
17.71533300
15.63104200
17.58150000
15.81020800
17.60991700
15.73841700
17.93866600
15.26095900
17.66904100
15.84670900
17.61875000
15.76754100
17.70891700
15.65145800
17.59391700
15.77179200
17.71800000
15.65745800
17.96991700
15.22545800
17.74383300
15.81183400
17.63295800
15.72883300
18.14333400
15.21291600
19.22079200
14.14566700
19.00433300
14.37716700
19.15150000
14.20787500
19.08508300
14.10054200
18.98729100
14.37941700
19.27120800
14.29383400
18.99229100
14.34570900
18.93262500
14.36533300
19.18483300
14.26529200
19.03037500
14.31079200
18.93479100
14.27295900
18.89970800
14.67408300
19.02675000
14.18100000
18.97095900
14.52545800
19.01391700
14.36254100
18.75450000
14.59429200
18.83295800
14.38408400
18.80429100
14.72245900
18.90108300
14.34416700
19.14183300
14.17004200
18.99750000
14.56266600
18.97262500
14.19645900
18.76858300
14.59800000
18.84029200
14.71854100
19.08041700
14.09412500
19.10758300
14.44054200
19.17375000
14.22154200
18.99325000
14.34133300
19.10595800
14.25329200
19.25762500
13.94000000
22.50900000
11.03600000
20.56366700
12.62408300
20.34433300
13.02245900
19.71129100
13.82812500
19.65754200
13.68175000
19.65212500
13.71354200
21.62420800
11.76533300
19.86520900
13.48091600
20.00220900
13.37387500
19.73920800
13.62737500
19.93812500
13.42512500
16.53487500
16.80945800
16.55187500
16.80683400
16.55983300
16.68337500
16.68333300
16.79554200
16.57116700
16.68341600
16.69112500
16.79487500
16.57212500
16.77400000
16.58445900
16.68425000
16.68225000
16.78887500
16.57787500
16.76229100
16.61137500
16.79254200
16.57100000
16.78516700
16.57758300
16.86491700
16.50179100
16.68354200
16.68375000
16.80816700
16.55787500
16.77050000
16.60229100
16.67725000
16.68458400
16.79808300
16.57054200
16.68195800
16.68154200
16.79975000
16.56695800
16.80325000
16.56329200
16.79400000
16.57258300
16.81933300
16.54741700
16.83441700
16.53237500
16.68445800
16.68216700
16.76987500
16.59670800
16.78829200
16.57837500
16.68337500
17.79500000
15.57166600
18.24704200
15.29708300
18.72995900
14.63662500
18.69062500
14.69054100
18.93770900
14.24145800
18.89116700
14.63891600
18.80250000
14.56950000
19.08287500
14.30012500
19.14633400
14.03100000
19.18975000
14.18579100
19.17283400
14.37100000
18.86504100
14.49625000
18.08787500
15.28133400
18.63850000
14.54479100
18.89362500
14.66512500
18.85429200
14.50008300
19.51058400
13.84875000
19.13795800
14.05716700
19.24645800
14.28529200
18.84325000
14.58712500
19.35704100
13.96320900
19.21620800
14.13720800
18.90370900
14.49108300
18.46616700
14.89150000
18.48225000
14.86125000
18.60125000
14.76200000
18.42433300
14.77995800
18.52345900
14.96695800
19.23854200
14.11895800
18.86275000
14.52441700
18.71750000
14.64116600
18.39604200
14.84337500
18.51158300
14.99441700
18.57870800
14.79375000
18.58670900
14.75854100
18.62358400
14.75900000
18.45795800
14.89591700
18.52433300
14.84450000
18.34845800
15.03004200
18.14208300
15.22608400
18.17575000
15.18216600
18.02691700
15.34795800
18.09129200
15.28450000
18.49020800
14.85066700
18.55137500
14.83070800
18.09191700
15.34441700
16.89433300
16.39420800
16.61445900
16.62012500
16.68362500
16.80062500
16.62483300
16.72391700
18.95045800
14.48970800
17.86612500
15.53025000
18.01945900
15.29787500
17.78587500
15.58520800
59.76520800
9.75712500
17.34791700
4.37037500
17.06108300
4.55733400
17.07704100
4.39695900
17.21108300
15.31029200
18.54383300
14.81891700
17.61429100
15.76658400
17.86570800
15.47391700
17.45862500
15.74583300
17.46150000
16.04804200
17.20179100
16.14954200
17.59004200
15.80545800
17.50058300
15.70975000
17.47250000
16.04895900
17.90370800
15.47558300
17.20991700
16.18041700
17.24900000
16.07600000
17.22012500
16.12154100
17.53787500
15.86975000
17.62591700
15.57575000
17.64095800
15.88512500
17.08633400
16.24025000
17.39737500
16.00537500
17.12325000
16.21737500
17.07983300
16.15708300
16.89745900
16.49800000
16.99037500
16.45054100
16.79354200
16.48062500
16.96900000
16.41295800
17.07458400
16.41275000
18.06791600
15.30145900
18.91370800
14.45745800
18.50758400
14.70533300
17.64841700
15.86308300
17.26983300
15.95191700
17.21262500
16.15400000
17.25041700
16.26112500
17.20054100
16.16116700
16.93425000
16.29250000
16.95737500
16.50016700
16.99875000
16.27725000
17.09716600
16.27454200
16.93175000
16.52400000
16.99770800
16.27458400
17.26833300
16.27583300
17.11929200
16.18733300
17.17579200
16.20004200
17.21333300
16.15445800
17.10733400
16.23870800
17.23229200
16.14541600
17.26316700
16.11200000
17.50075000
15.87550000
17.80029200
15.58454100
17.21375000
16.02625000
16.88287500
16.55883400
17.50550000
15.76433300
17.30641700
16.22950000
17.51575000
15.82687500
20.10400000
13.27429100
18.20320900
15.18245800
18.01312500
15.33195800
18.47683400
14.89208300
17.77966700
15.60229100
17.89970900
15.45200000
17.96120800
15.37833300
20.77470900
12.45683300
18.99320800
14.53495900
18.22650000
15.12633300
18.14941700
15.23412500
17.92712500
15.32045800
18.09400000
15.36004200
18.00550000
15.41245800
18.13291700
15.21862500
17.82395800
15.57304200
19.12966600
14.03733400
18.50533300
14.99308300
18.61054200
14.78175000
17.90354200
15.45491600
17.84254200
15.52379200
18.79604100
14.42162500
18.11491700
15.40004200
18.07250000
15.30862500
18.70433300
14.65179200
18.42095800
14.93908300
18.01512500
15.20616700
18.40320800
15.13670900
18.41208300
14.78129200
18.68920800
14.67741700
18.65170800
14.71500000
18.50991700
15.03250000
18.25104100
15.10266700
19.05125000
14.32083300
18.28558400
15.05662500
18.32500000
15.06679100
18.47170900
14.91195800
18.81020800
14.37141700
18.99475000
14.50866700
19.49995800
13.90454200
19.60591600
13.71504200
19.29891700
14.10441600
19.05583400
14.28229100
19.57045900
13.82012500
19.11504100
14.21854200
19.27191700
14.13970800
19.14816700
14.16995800
19.23141700
14.17254100
19.27362500
14.08379200
19.21483300
14.12129200
19.35820800
14.03095900
19.26929100
14.08925000
19.46937500
13.92020900
19.26008300
14.07179200
19.99254100
13.39020900
19.76695800
18.44241700
11.69937500
16.83458300
18.30900000
15.11133300
18.75550000
14.56383400
18.53883300
18.23295800
13.29354200
18.23495800
15.10683400
18.24075000
15.14141600
18.19437500
15.16875000
18.95916700
14.24816700
18.61487500
14.91275000
18.49320800
14.87537500
18.32854200
14.89420800
18.66216700
14.84983300
18.20641700
15.18858300
18.46641700
14.85737500
18.40033300
14.81595800
18.65279200
14.87770800
18.27341700
15.08162500
18.40470800
14.95558400
18.38116600
15.00612500
18.25883400
15.08308300
18.33233300
14.89258400
18.51012500
14.85700000
18.69616600
14.80825000
18.32712500
15.04545900
18.36812500
15.01929100
18.34133400
14.86179100
19.53525000
13.96400000
19.44304200
13.88054200
18.75987500
14.64616600
18.52262500
14.85579200
18.42520800
14.95929200
18.62187500
14.74537500
18.65858300
14.69387500
18.48862500
14.73225000
18.70054200
14.66575000
18.95516700
14.55550000
18.52383300
14.72050000
18.93837500
14.58333300
18.22316700
15.11825000
18.40716700
14.95916600
18.36400000
15.02275000
18.67475000
14.66825000
18.29400000
15.08841700
18.40362500
14.80787500
18.61979200
14.90091600
18.37350000
14.98570900
18.45316600
14.93008400
18.39754100
14.93145900
18.34487500
15.04175000
18.27266600
15.11654200
18.40800000
14.93833300
18.39358400
14.98470800
18.38329200
14.99212500
18.27116600
15.07258400
18.56850000
14.78679100
18.73387500
14.66125000
18.36816700
14.85079200
18.60295800
14.81025000
18.51445800
14.97525000
18.31995900
15.01670800
18.46929200
14.89637500
18.60350000
14.77187500
18.13637500
15.06666600
18.62591700
14.89287500
18.62237500
14.58591700
18.58108300
14.96320800
18.47545900
14.82825000
18.60325000
14.80429100
18.42633400
14.96529100
18.50541700
14.84966700
18.42683300
14.77079200
18.61775000
14.74891600
18.75250000
14.76908400
18.33575000
15.03779100
18.33641700
14.86850000
18.64083300
14.89225000
18.36666700
14.99316700
18.30033300
14.90683300
18.51450000
15.01941700
18.24950000
15.12370800
18.36433400
15.00787500
18.35920800
14.99700000
18.40291700
14.96075000
18.42170800
14.95700000
18.67837500
14.66387500
19.13358300
14.23395900
18.20904100
15.14454200
19.16029200
14.24012500
18.98358300
14.20791700
19.11012500
14.39404100
19.16725000
14.22241700
19.49404200
13.83287500
19.36166600
14.03154200
19.19937500
14.13129200
19.37629100
14.02787500
19.33937500
14.00787500
19.10304200
14.28266700
19.16787500
14.18050000
19.01820800
14.37937500
19.03745800
14.31879200
19.17833300
14.15820900
19.40054100
13.99737500
19.62529200
13.77479200
19.25550000
13.92604100
17.84295900
15.67516600
17.85495900
15.54529100
18.07983400
15.30400000
18.10891600
15.24762500
18.13112500
15.21679200
18.15929200
15.21229100
18.41954200
14.92733300
18.43395900
14.96395800
18.54720800
14.80908400
18.11870800
15.23133300
18.14000000
15.24587500
18.25783400
15.10966600
18.05116700
15.30008300
18.04150000
15.31079200
18.09875000
15.29433300
18.21387500
15.15875000
18.20387500
15.16108400
18.38854100
14.98037500
18.24916700
15.09016700
18.14670800
15.22154200
18.24366600
15.15941700
18.05270800
15.28079200
17.97754200
15.22720800
18.26583300
15.29925000
18.15325000
15.01350000
18.12191700
15.40275000
18.01766700
15.38895800
18.27750000
15.04920800
18.01795900
15.34200000
18.10791600
15.31179200
18.06162500
15.27766700
18.08304100
15.28375000
18.05437500
15.32154200
18.08958300
15.09087500
17.96445900
15.40216600
17.97583400
15.39100000
18.17591600
15.19058400
17.77975000
15.59562500
17.79725000
15.74000000
17.79200000
15.56429100
17.84508400
15.51616600
17.76062500
15.46404200
17.82441700
15.52179100
18.09625000
15.26958400
18.21595800
15.31204200
18.00858300
15.37895800
18.08133400
15.10295800
18.58129200
14.94758300
18.17387500
15.20987500
18.03370800
15.32200000
18.09491700
15.27045800
18.08612500
15.31162500
17.85941700
15.43750000
18.15700000
15.23095800
18.01887500
15.37491700
17.95158300
15.23837500
18.03675000
15.49716700
18.02308300
15.35675000
17.93587500
15.25020900
18.16141600
15.36941700
17.91237500
15.29300000
18.01645800
15.44850000
18.05970900
15.20612500
17.97337500
15.57779100
18.00612500
15.35450000
18.04825000
15.32816700
17.90170800
15.46437500
17.93641700
15.44395800
18.05845900
15.27075000
17.83708300
15.51450000
17.88158300
15.33616700
18.03658300
15.51854200
17.91150000
15.43441700
17.81975000
15.37916600
18.12525000
15.40504200
18.03320800
15.33770900
17.81137500
15.38733300
18.38120800
15.14879200
17.95962500
15.40566700
17.64091600
15.58175000
17.88650000
15.62925000
18.01500000
15.34720900
17.86137500
15.50487500
18.14820800
15.23154200
18.05629100
15.13516700
17.85433300
15.69233400
17.96295800
15.22362500
18.07387500
15.29329200
17.85279100
15.69533400
17.87529100
15.48366700
17.94341700
15.41504100
17.87725000
15.50595900
17.89687500
15.46412500
17.90358300
15.44520800
17.81141700
15.53529200
17.78645800
15.62104200
18.03187500
15.30108300
17.85250000
15.53895800
17.81908400
15.55862500
17.78716600
15.58137500
17.78983400
15.54429100
17.80350000
15.59487500
17.83479200
15.34912500
17.88458300
15.64145900
17.92137500
15.28575000
17.87412500
15.64483300
17.85120800
15.52608400
18.30729100
15.07170900
18.11658300
15.24479200
17.86920800
15.48520800
17.92362500
15.47583400
17.95783300
15.39583300
17.98229200
15.23920800
17.95745900
15.56045800
17.93479200
15.41650000
17.69404100
15.66566700
17.86491700
15.51762500
18.14316600
15.22912500
17.74329200
15.60608300
18.02237500
15.32908400
16.67791600
16.68783400
16.68083300
16.67679200
16.73775000
16.60795800
16.67620800
16.68762500
16.69520900
16.67141600
16.74758400
16.60995800
16.57754200
16.83675000
16.52825000
16.68333300
16.68333300
16.68329200
16.68345800
16.68325000
16.68345900
16.68320800
16.68333300
16.68329200
16.68345800
16.68312500
16.68337500
16.68366700
16.68491700
16.68145800
16.68612500
16.68250000
16.68141700
16.68325000
16.68337500
16.68329100
16.68333400
16.68825000
16.67850000
16.68333300
16.68858300
16.67800000
16.69775000
16.66970900
16.68266600
16.68345900
16.68341600
16.68300000
16.68345900
16.73612500
16.75025000
16.56345800
16.78954200
16.68354100
16.69608400
16.67583300
16.66129200
16.69358300
16.70754200
16.55954100
16.86237500
16.63675000
16.55158400
16.82883300
16.65691700
16.66687500
16.75733300
16.57795800
16.73375000
16.69900000
16.67270900
16.67875000
16.74650000
16.49725000
16.84254100
16.66325000
16.54412500
16.68729200
16.68120800
16.84841700
16.63987500
16.74341700
16.50000000
16.68450000
16.85266600
16.51550000
16.68583400
16.68058300
16.76641700
16.60037500
16.84241600
16.68375000
16.65866700
16.70304200
16.54400000
16.80691600
16.72537500
16.63895900
16.72787500
16.65308300
16.53254200
16.68141600
16.86087500
16.68254200
16.64991700
16.69125000
16.66762500
16.71829100
16.64666700
16.73816700
16.63695800
16.71583300
16.64275000
16.73425000
16.63495900
16.54816600
16.86450000
16.63641700
16.72354200
16.70595800
16.64220800
16.52754200
16.78766700
16.68983300
16.67558300
16.69533400
16.57000000
16.76116600
16.76370900
16.63466600
16.57233400
16.82525000
16.70525000
16.65004100
16.69341700
16.53991700
16.79091600
16.75870900
16.65741600
16.52608400
16.85629100
16.65066700
16.72700000
16.50004200
16.79258300
16.57354200
16.81016600
16.69470900
16.54500000
16.68350000
16.81133300
16.73020800
16.69379200
16.62437500
16.55695800
16.82608400
16.54308300
16.75991700
16.77529100
16.51225000
16.80604200
16.71070800
16.65345900
16.56304100
16.87208400
16.49637500
16.83704100
16.70133400
16.68037500
16.70195800
16.49495800
16.79675000
16.69437500
16.68279200
16.55862500
16.85270800
16.63770900
16.56054100
16.68304200
16.77912500
16.58687500
16.88620800
16.64933400
16.64045800
16.55962500
16.84308300
16.63808400
16.70154100
16.71045900
16.52312500
16.79920800
16.68558300
16.73908400
16.66208300
16.52887500
16.86620800
16.63962500
16.66908400
16.56125000
16.81912500
16.70883300
16.65825000
16.54425000
16.79758300
16.56912500
16.81404200
16.74766700
16.48937500
16.80616600
16.66979200
16.70266700
16.56183300
16.78112500
16.58012500
16.81983300
16.65258400
16.71991600
16.69479200
16.65058300
16.72066700
16.64204200
16.68887500
16.55787500
16.77204100
16.59945900
16.83070800
16.66445800
16.55004200
16.80645800
16.73212500
16.62654200
16.63075000
16.75391700
16.55079100
16.68320900
16.68308300
16.68337500
16.68333300
16.68325000
16.68325000
16.68341700
16.68320800
16.68333400
16.68337500
16.68333300
16.68325000
16.68345800
16.68316700
16.68350000
16.68325000
16.68345800
16.68333400
16.68633300
16.68025000
16.68333300
16.68329200
16.68329200
16.68350000
16.68320800
16.68325000
16.68345800
16.68475000
16.68195900
16.68316600
16.68337500
16.68345900
16.68537500
16.68158300
16.68304200
16.79912500
16.68487500
16.70025000
16.67945800
16.68254200
16.71633300
16.66383300
16.54012500
16.68345900
16.81075000
16.69666600
16.54254200
16.81566700
16.66566600
16.68508400
16.56770800
16.83537500
16.68837500
16.68525000
16.68616700
16.68004100
16.66275000
16.67062500
16.73716700
16.65337500
16.71483300
16.67250000
16.65425000
16.54170900
16.82712500
16.53975000
16.80529100
16.69275000
16.68066700
16.55445800
16.88204200
16.67704200
16.62133300
16.56345800
16.82850000
16.69320900
16.65750000
16.54350000
16.68350000
16.86958300
16.53066700
16.81920800
16.65616700
16.69525000
16.70729100
16.64416700
16.72620800
16.50137500
16.68345900
16.68329100
16.79329200
16.58195800
16.79500000
16.70458400
16.54170800
16.80500000
16.56454200
16.68029100
16.68350000
16.78745900
16.66658300
16.59654200
16.79079100
16.70500000
16.55370900
16.80141600
16.56520900
16.78829100
16.67870900
16.58287500
16.80541600
16.56375000
16.80937500
16.67575000
16.75308400
16.49345800
16.68258300
16.85312500
16.61941700
16.73604200
16.60900000
16.71412500
16.67216600
16.70129200
16.56154200
16.68441600
16.84250000
16.66162500
16.54475000
16.80433400
16.72766600
16.64025000
16.70366700
16.54083300
16.80154200
16.75479200
16.66691600
16.61991700
16.71545800
16.57570900
16.75316600
16.74312500
16.59512500
16.61850000
16.78070900
16.69883300
16.71470800
16.52816700
16.79112500
16.67095800
16.58787500
16.78916700
16.72600000
16.66683300
16.66566700
16.67608300
16.70800000
16.55158400
16.78337500
16.72925000
16.54191600
16.77900000
16.70033400
16.67050000
16.69304100
16.75412500
16.66279200
16.51987500
16.86770800
16.53791700
16.73545800
16.59145900
16.78479100
16.70366700
16.67629200
16.69033300
16.73679200
16.60600000
16.68929100
16.58162500
16.84687500
16.63600000
16.71725000
16.64075000
16.64979200
16.60708300
16.78520900
16.70458300
16.56054200
16.80137500
16.56495800
16.85220800
16.66862500
16.62562500
16.70662500
16.68416700
16.67995800
16.56616700
16.82345800
16.54345900
16.80079100
16.71391700
16.64170800
16.70358400
16.70616600
16.64191700
16.57525000
16.81600000
16.69941700
16.53441600
16.68320900
16.77150000
16.59841600
16.77495900
16.68033300
16.59154200
16.77312500
16.67966600
16.71945900
16.56195800
26.55762500
18.22300000
14.84275000
12.79441700
11.52470800
16.15654200
16.68320800
16.68370800
16.68295900
16.68341600
16.68708400
16.67962500
16.68341600
16.68316700
16.68345800
16.68325000
16.68341700
16.68333300
16.68333400
16.68333300
16.68325000
16.68337500
16.68337500
16.68325000
17.43270800
15.93400000
16.68329200
16.68333300
16.68333400
16.68333300
16.68637500
16.68037500
16.68333300
16.68341700
16.69262500
16.67391700
16.68333300
16.68337500
16.68329200
16.68658300
16.68012500
16.68320800
16.68337500
16.68341700
16.68604200
16.68062500
16.68325000
16.68329100
16.68616700
16.68058300
16.70745900
16.65929100
16.68387500
16.69554200
16.67054200
16.68325000
16.68637500
16.68033300
24.24516700
9.12175000
16.68329100
16.68337500
16.68666700
16.68604200
16.67725000
16.68312500
16.68325000
16.69641600
16.67025000
16.68425000
16.68354200
16.68245800
16.68350000
16.68750000
16.68033400
16.68462500
16.69137500
16.67250000
16.68833300
16.71250000
16.64912500
16.68341700
16.68350000
16.68320800
16.68325000
16.68341700
16.68612500
16.68050000
16.68341600
16.70229200
16.66425000
16.68329200
16.69991600
16.66675000
16.68350000
16.68320900
16.68333300
16.68333300
16.68333400
16.68700000
16.67991600
16.68308400
16.68400000
16.71575000
16.65020800
16.68341700
16.68329100
16.70862500
16.65812500
16.72066700
16.66495800
16.66437500
16.70704200
16.65954200
16.69441600
16.67495900
16.68066600
16.68329200
16.69195800
16.67491700
16.68320800
16.68341700
16.68320800
16.68325000
16.68704200
16.67970800
16.68612500
16.68054200
16.68350000
16.68316700
16.68687500
16.68000000
16.68325000
16.68579100
16.72745900
16.63670800
16.68329200
16.70091600
16.66558400
16.68733300
16.67950000
16.69358300
16.67312500
16.68316700
16.68329200
16.68345800
16.68391700
16.68270800
16.70016700
16.66912500
16.68070800
16.68329200
16.68337500
16.68333300
16.68379200
16.68287500
16.68954100
16.67708400
16.68329100
16.68929200
16.67741700
16.68366600
16.68300000
16.68333400
16.68441600
16.68229200
16.68345800
16.68320900
16.68325000
16.68387500
16.72945800
16.63675000
16.68400000
16.68270800
16.68329200
16.69695800
16.66970900
16.68608300
16.68050000
16.68345800
16.68325000
16.68329200
16.68345800
16.68341700
16.68608300
16.68062500
32.61650000
16.88220900
16.64483300
17.56920800
17.27229200
16.92762500
15.87791700
16.24454100
16.02529200
16.59437500
16.52629200
16.61304100
17.17400000
16.51345900
15.99004100
16.40612500
16.32650000
15.80437500
15.00216700
16.22837500
15.08950000
15.01670800
15.14987500
14.77754200
15.03650000
15.56770800
14.94875000
16.30862500
16.68233400
16.68316600
16.68920900
16.69195800
16.66891700
16.68433300
16.68308300
16.69383400
16.68104100
16.69787500
16.66000000
16.68325000
16.68320900
16.68862500
16.67829100
16.68312500
16.68329200
16.68345800
16.68320900
16.68412500
16.68270800
16.68325000
16.68333300
16.68325000
16.68320900
16.68341600
16.68341700
16.68341700
16.68333300
16.68312500
16.68333300
16.68341700
16.68325000
16.68337500
16.68354200
16.68308300
16.68650000
16.68033300
16.68316700
16.68379200
16.68287500
16.68333300
16.68416700
16.68258300
16.68320800
16.68362500
16.68304200
16.68337500
16.68333300
16.68333400
16.68337500
16.68337500
16.68325000
16.68383300
16.68295800
16.68350000
16.68595900
16.68070800
16.68350000
16.68295800
16.68350000
16.68566700
16.68770800
16.67645900
16.69208300
16.67770800
16.71112500
16.66408400
16.73608300
16.61925000
16.68325000
16.68325000
16.68320800
16.68833400
16.71425000
16.64737500
16.68433300
16.68879200
16.67679100
16.68362500
16.68325000
16.68337500
16.68925000
16.67733400
16.69320800
16.67395800
16.68400000
16.68208400
16.68379100
16.68312500
16.68337500
16.68329200
16.68329200
16.68312500
16.68329100
16.68645900
16.68100000
16.68270800
16.68962500
16.67700000
16.68320800
16.68354200
16.69108300
16.67529200
16.68362500
16.68612500
16.68325000
16.68129200
16.68275000
16.68320800
16.68720800
16.69183400
16.67362500
16.68058300
16.68329200
16.68333300
16.68337500
16.68475000
16.68445800
16.68333400
16.68141600
16.68362500
16.68791700
16.68516700
16.67883300
16.68591700
16.67787500
16.68333300
16.68950000
16.67733300
16.68500000
16.68158400
16.69158300
16.67516700
16.68341600
16.68312500
16.69408400
16.67258300
16.70537500
16.66145800
16.69600000
16.67062500
16.70295900
16.66662500
16.68304100
16.68079200
16.68325000
16.68325000
16.68429200
16.68641600
16.71841700
16.64716700
16.68033300
16.68333300
16.68766700
16.67908300
17.41883400
15.94787500
16.71583300
16.65079200
16.68979100
16.68075000
16.68470900
16.67791600
16.68350000
16.68345900
16.68333300
16.68308300
16.68616700
16.68325000
16.68070800
16.68320900
16.68341600
16.68612500
16.68320900
16.68087500
16.68325000
16.68341600
16.68312500
16.68333400
16.68425000
16.68516600
16.68066700
16.68595800
16.68058400
16.68320800
16.68350000
16.69170800
16.67479200
16.68345800
16.68612500
16.68058400
16.72116600
16.64570900
16.68312500
16.68320800
16.68641700
16.68041600
16.68325000
16.68329200
16.68375000
16.69270800
16.67366700
16.68404200
16.68266600
16.68337500
16.68300000
16.68366700
16.69479200
16.67195800
16.68412500
16.68225000
16.68329200
16.68345800
16.68325000
16.68620800
16.68141700
16.68245800
16.68329200
16.68341700
16.68404100
16.68258400
16.68333300
16.69162500
16.67804200
16.68587500
16.68429100
16.67695900
16.68466600
16.68300000
16.68208400
16.68437500
16.68229100
16.68341700
16.68316700
16.68495800
16.68191700
16.68337500
16.68362500
16.68312500
16.68795800
16.68387500
16.67895800
16.69033400
16.67650000
16.68495800
16.68070800
16.69129200
16.67520800
16.68341700
16.68325000
16.68337500
16.68620800
16.68041700
16.68345800
16.68333400
16.68375000
16.68287500
16.68341600
16.68337500
16.68316700
16.68395800
16.68379200
16.68220800
16.68341700
16.68341700
16.68466600
16.68204200
16.68395800
16.68275000
16.68645900
16.68000000
16.68920800
16.68675000
16.67425000
16.68312500
16.68337500
16.68333300
16.68333400
16.68325000
16.68333300
16.68412500
16.68558300
16.68029200
16.68337500
16.68433300
16.68250000
16.68500000
16.68325000
16.68170900
16.68333300
16.68620800
16.68125000
16.68241700
16.68350000
16.68325000
16.68320800
16.68345900
16.70375000
16.66283300
16.69266700
16.67483300
16.68266700
16.68320800
16.68425000
16.68350000
16.69137500
16.67420800
16.90966700
16.45695800
16.68333400
16.68341600
16.68304200
16.68370800
16.68308400
16.68383300
16.68329200
16.68279100
16.68345900
16.68350000
16.68325000
16.68320800
16.68333300
16.68345900
16.68341600
16.68320900
16.68329100
16.68358400
16.68308300
16.68345800
16.68325000
16.68379200
16.68304200
16.68316600
16.68341700
16.68325000
16.68333300
16.68337500
16.68329200
16.68345800
16.68320900
16.68358300
16.68420800
16.68229200
16.68337500
16.68341700
16.68320800
16.68345800
16.68329200
16.68329200
16.68495800
16.68270800
16.68245900
16.68337500
16.68308300
16.68412500
16.68254200
16.68350000
16.68437500
16.68229100
16.68325000
16.68391700
16.68291700
16.69575000
16.67079100
16.68325000
16.68337500
16.68337500
16.68308400
16.68366600
16.68345900
16.68641600
16.68000000
16.68345900
16.68629100
16.68429200
16.68516700
16.68041600
16.69125000
16.67250000
16.68337500
16.68333400
16.68425000
16.68237500
16.68320800
16.68366700
16.69683300
16.66975000
16.69070800
16.70016700
16.65900000
16.68716700
16.68158300
16.68108300
16.69633400
16.67466600
16.67912500
16.68333400
16.68412500
16.68270800
16.68325000
16.68333300
16.68312500
16.68333400
16.68350000
16.68333300
16.68312500
16.68420800
16.68250000
16.68350000
16.68337500
16.68333400
16.68316600
16.68329200
16.68366700
16.68858300
16.67783300
16.68337500
16.68329200
16.68333300
16.68337500
16.68333400
16.68333300
16.68337500
16.68329200
16.68325000
16.68341600
16.68358400
16.69579100
16.67070900
16.68337500
16.68329100
16.68312500
16.68370900
16.68320800
16.68320800
16.70033400
16.67625000
16.67345800
16.68316700
16.68354100
16.69179200
16.67470800
16.68516700
16.68220800
16.68279200
16.69137500
16.67516700
16.69012500
16.67645800
16.68404200
16.68266600
16.68350000
16.69108400
16.67620800
16.68341700
16.68266600
16.68341700
16.68758300
16.67879200
16.68345800
16.68325000
16.68329200
16.68333300
16.68333400
16.68633300
16.68041700
16.68316600
16.68366700
16.68316700
16.68612500
16.68054100
16.68341700
16.68404200
16.68245800
16.69379200
16.67295800
16.68325000
16.79475000
16.57200000
16.68362500
16.68566700
16.68066600
16.70679200
16.66633300
16.67675000
16.69820900
16.66866600
16.68333400
16.68329100
16.68350000
16.68316700
16.95566700
16.53025000
16.56779100
16.91675000
16.44595900
16.77187500
16.94362500
16.33479100
16.84000000
16.82083400
16.38912500
16.68333300
16.97675000
16.78529200
16.65050000
16.67183300
16.76133300
16.25433400
17.11125000
16.57108300
16.73533300
16.31566700
16.68320800
16.68408400
16.68529100
17.46958400
16.85904100
16.43125000
15.97066700
17.04958300
16.76458400
16.56637500
16.93125000
16.30425000
17.03450000
16.78491600
16.83820900
16.78354100
16.62229200
16.89445800
16.38116700
16.21925000
16.93620800
16.79637500
16.58362500
17.02900000
16.44529200
16.84279200
16.56012500
16.11266600
16.57983400
17.48712500
15.99316600
16.54295900
18.09166600
16.71162500
16.57483400
16.64545800
16.37870800
17.04545900
16.65183300
16.50891700
16.72904100
16.79991700
16.53720800
17.32591700
16.03250000
16.45391700
16.62545800
17.08979200
16.74533300
16.69858300
17.38087500
16.07675000
16.80512500
16.43379200
16.81529200
16.54583300
16.59120800
16.77670900
16.52120800
16.98200000
16.66775000
17.05145800
16.62170900
16.38212500
16.64816600
16.66545900
16.77737500
16.73958300
16.66716700
15.82837500
17.51683300
16.16004200
17.14091600
16.74750000
17.04762500
16.68700000
16.67741700
16.71662500
16.51866700
16.75662500
18.68620800
15.35362500
15.36841700
16.56395800
16.75037500
16.06591700
17.39654100
16.56812500
16.57020900
16.88962500
16.24420800
18.91858300
16.56441700
15.87787500
16.64995800
16.41875000
17.11579200
16.89837500
16.57125000
21.31554200
15.71470800
14.25450000
13.86541700
17.27700000
16.51041600
17.53133400
15.69208300
17.27104200
16.13233300
16.79741700
16.74770800
16.39645800
16.74091700
16.50887500
17.13912500
16.27804200
17.35341600
16.61395900
16.74525000
15.98104100
17.05683400
17.63970800
15.63616700
16.45912500
16.81758300
16.76608300
16.95741700
16.55175000
16.44591700
16.69975000
16.75625000
16.92791600
16.32225000
16.91520900
16.40600000
17.25816600
15.96545900
16.76379100
16.61125000
16.95129200
16.62266700
16.76991600
16.59708400
16.77858300
16.25775000
16.78225000
16.61941700
16.60629100
16.65087500
16.85862500
16.42625000
16.92241700
16.59358300
16.64875000
16.94091700
16.30845800
16.52533400
17.47462500
16.93750000
15.90354100
16.52062500
17.01320900
16.58158300
18.17000000
15.78325000
16.92487500
15.93625000
16.38862500
16.44516700
17.36495800
16.99087500
16.72933300
16.91070900
15.52437500
17.09687500
16.06041600
17.79141700
15.89537500
16.60983300
16.70912500
16.30454200
17.74958300
15.77895900
16.55462500
16.66800000
16.79466600
16.55425000
16.68337500
16.68341700
16.68350000
16.68337500
16.68762500
16.94370800
16.42716700
16.83091700
16.88087500
16.63162500
16.63954100
16.42495900
16.68350000
16.68312500
16.68770800
16.68008300
16.68550000
16.68012500
16.68329200
16.68366700
16.68320800
16.68304200
17.37820800
15.98870800
16.68462500
16.68208400
16.68316600
16.68320900
16.69466600
16.67200000
16.68358400
16.87770800
16.48879200
16.68333300
16.68345800
16.68341700
17.94808300
15.41854200
16.69708300
16.66991700
16.68308300
16.68379200
16.68270800
16.71487500
16.65191700
16.68354200
16.68445800
16.68783300
16.67750000
16.68333400
16.68300000
16.68375000
16.69933300
16.66720800
16.68583400
16.68158300
16.68258300
16.69079200
16.68425000
16.67483300
16.68341700
16.68441700
16.68225000
16.68337500
16.70362500
16.66312500
16.68316600
16.82875000
16.54604200
16.77316700
16.58554100
16.69650000
17.44533400
15.91858300
16.68437500
16.69054200
16.67145800
16.67633300
16.68341700
17.90075000
15.76754200
16.82041600
16.26116700
16.66700000
16.69812500
16.76341700
17.83500000
16.73016600
15.40045900
16.67258300
16.68337500
16.68462500
17.11704200
16.24804100
16.68350000
16.72908400
16.69475000
16.86883300
17.45979200
15.66437500
16.68362500
16.68312500
16.70512500
16.66141600
16.68312500
16.68395900
16.95245800
16.41362500
16.68333300
16.68345900
16.68337500
17.62654100
15.74129200
16.68208300
16.90287500
16.46970900
16.71625000
16.64533300
16.68975000
16.67629200
16.68375000
16.68283300
16.83437500
16.53266700
16.68283300
16.68350000
16.68337500
16.68658300
16.68116700
17.07791700
16.28745800
16.68345800
16.68379200
16.68470800
16.68125000
16.68358400
16.68329100
16.68370900
16.69595800
16.67045800
16.68316700
16.68379200
16.68387500
16.68225000
16.68362500
16.68333300
16.69583300
16.67095900
16.68333300
16.68404200
16.69375000
16.67645800
16.69025000
16.67191700
16.68316600
16.68387500
16.90679200
16.45933300
17.02258400
16.34433300
16.68308300
16.69208400
16.67879100
16.67941700
16.68308300
16.68375000
16.68312500
16.95841700
16.40816700
16.68304100
16.68341700
16.68370800
16.68300000
16.68333400
16.68366600
16.68304200
16.68358300
16.68291700
16.68341700
16.68329100
16.68329200
16.68325000
16.68358300
16.68333400
16.68312500
16.68337500
16.68345800
16.68329200
16.68325000
16.68333300
16.68362500
16.68316700
16.68325000
16.68329100
16.68350000
16.68316700
16.68345800
16.68316700
16.68341700
16.68354100
16.68304200
16.68362500
16.68337500
16.68600000
16.68087500
16.68987500
16.67683300
16.68300000
16.68316700
16.68383300
16.68300000
16.68350000
16.68329200
16.68337500
16.68325000
16.68687500
16.67987500
16.68325000
16.69125000
16.67554200
16.68341600
16.68320900
16.68329100
16.69508400
16.67175000
16.68350000
16.68325000
16.68325000
16.68908300
16.67829200
16.68254100
16.68312500
16.68370900
16.70616600
16.66033400
16.68416600
16.68245900
16.68616600
16.68366700
16.68058300
16.68279200
16.68525000
16.68125000
16.68354200
16.68345800
16.68350000
16.68283300
16.68358400
16.68362500
16.69400000
16.67250000
16.68312500
16.68375000
16.68300000
16.69279100
16.67379200
16.68383300
16.68375000
16.68241700
16.68320800
16.68337500
16.68370900
16.68308300
16.68341700
16.68337500
16.69425000
16.67258300
16.68512500
16.68129200
16.68387500
16.68283300
16.68354200
16.69125000
16.67491600
16.68337500
16.68333400
16.68650000
16.68008300
16.68370800
16.68529200
16.69304200
16.67150000
16.69562500
16.67129100
16.68304200
16.68370800
16.68275000
16.68808400
16.67895800
16.68320800
16.69133400
16.67512500
16.68362500
16.68300000
16.91858300
16.45208300
16.67950000
16.68566700
16.68129200
16.68316600
16.69166700
16.68537500
16.67283300
16.68362500
16.68420900
16.68216600
16.68575000
16.68100000
16.68325000
16.68329200
16.68387500
16.69200000
16.67420800
16.68741700
16.67933300
16.68320900
16.68329100
16.68358400
16.68325000
16.68895800
16.67754200
16.68337500
16.68354100
16.68295900
16.69254100
16.67450000
16.68300000
16.68329200
16.68333300
16.68341700
16.68341700
16.68337500
16.68325000
16.68325000
16.68916600
16.96216700
16.42358300
16.65845900
16.68345800
16.68345800
16.70212500
16.66595900
16.68166600
16.68333400
16.68420800
16.68275000
16.68316700
16.68358300
16.68304200
16.68345800
16.68345800
16.68333400
16.68445800
16.68250000
16.68341700
16.69104100
16.70370900
16.65462500
16.68408300
16.68966700
16.67929100
16.68025000
16.68345900
16.68333300
16.68391700
16.68283300
16.68312500
16.68341700
16.68437500
16.68220800
16.68350000
16.68333300
16.68325000
16.68316700
16.68645800
16.68041700
16.68320800
16.68333400
16.68341600
16.68325000
16.69029200
16.67654200
16.68962500
16.68866600
16.67150000
16.68333400
16.68358300
16.68316700
16.68333300
16.68337500
16.68325000
16.68333300
16.68562500
16.68112500
16.69029200
16.68025000
16.68137500
16.68125000
16.69004200
16.67670800
16.68337500
16.68325000
16.68820800
16.67866700
16.68350000
16.68304200
16.68337500
16.68362500
16.68287500
16.68354100
16.68350000
16.68641700
16.68008300
16.68341700
16.68370800
16.68362500
16.68275000
16.68295900
16.68350000
16.70800000
16.65862500
16.68825000
16.68033300
16.68158300
16.68991700
16.67937500
16.68041700
16.68725000
16.67958300
16.68329200
16.68366600
16.68316700
16.68316700
16.68325000
16.68337500
16.68783300
16.67916700
16.73345800
16.63291700
16.68337500
16.68454100
16.69129200
16.67508300
16.68225000
16.68333400
16.68716600
16.68008400
16.68287500
16.68312500
16.68345800
16.68341700
16.68325000
16.68333300
16.68333300
16.68337500
16.68337500
16.68345900
16.68308300
16.68325000
16.68354200
16.68325000
16.68345800
16.68325000
16.68341700
16.68308300
16.68337500
16.68337500
16.68350000
16.68316700
16.68341600
16.68337500
16.72175000
16.64479200
16.68320800
16.68341700
16.68337500
16.68325000
16.68337500
16.68329200
16.68379100
16.68295900
16.68333300
16.68341700
16.68325000
16.68329100
16.68333400
16.68341600
16.70975000
16.65716700
16.68362500
16.68883300
16.67733400
16.68325000
16.68370800
16.68320800
16.68329200
16.69562500
16.67075000
16.68716700
16.67991600
16.68295900
16.68333300
16.68525000
16.68154200
16.69275000
16.67391600
16.68329200
16.68333300
16.68329200
16.68354200
16.68345800
16.68304200
16.68329100
16.68329200
16.68333300
16.68541700
16.68150000
16.68316700
16.68358300
16.68354200
16.68295800
16.68333300
16.68341700
16.68312500
16.68345800
16.68333400
16.68320800
16.68341700
16.68629100
16.68050000
16.68312500
16.68591700
16.68079200
16.68337500
16.68704100
16.68175000
16.68125000
16.68325000
16.68337500
16.68337500
16.68320900
16.68350000
16.68316600
16.68337500
16.68329200
16.68333300
16.68354200
16.68329200
16.68770800
16.68183300
16.68020900
16.68629100
16.68058400
16.68537500
16.68125000
16.68345800
16.68337500
16.69041700
16.67604100
16.68333400
16.68325000
16.68358300
16.68308300
16.69833400
16.66850000
16.69483300
16.67962500
16.70900000
16.64975000
16.68354200
16.68404100
16.68241700
16.68329200
16.68341600
16.68329200
16.68341700
16.68637500
16.68020800
16.68329200
16.68358300
16.68308300
16.68433400
16.68525000
16.68045800
16.68345800
16.68416700
16.68300000
16.68283300
16.69250000
16.67495900
16.68250000
16.68333300
16.68325000
16.68633300
16.68070900
16.68320800
16.68320800
16.68329200
16.68329200
16.68329100
16.68333400
16.68337500
16.68333300
16.68837500
16.67837500
16.68329200
16.68362500
16.68300000
16.68337500
16.68329100
16.68645900
16.68020800
16.68637500
16.68037500
16.68583300
16.68083400
16.68320800
16.68350000
16.68316700
16.68341600
16.68429200
16.68483300
16.69179200
16.67283300
16.68950000
16.67666700
16.68320800
16.68358400
16.68320800
16.68379200
16.68300000
16.69416600
16.67220900
16.68341600
16.68345900
16.68329100
16.68445900
16.68225000
16.68333300
16.68320800
16.68570900
16.68108300
16.68329200
16.68345800
16.68329200
16.68762500
16.67895800
16.68333300
16.68337500
16.68333400
16.68570800
16.68100000
16.68562500
16.68087500
16.69083300
16.67604200
16.68320800
16.68333400
16.68325000
16.68345800
16.68333300
16.68333400
16.68333300
16.69125000
16.67541700
16.68866600
16.67795900
16.68333300
16.68620800
16.69537500
16.66837500
16.68437500
24.30491700
12.37804200
14.61616600
15.43316700
16.68325000
16.68337500
16.68345800
16.68325000
16.68333400
16.68325000
16.68354100
16.68320900
16.68333300
16.68325000
16.68337500
16.68333300
16.68325000
16.68333400
16.68341600
16.68337500
16.68320900
16.68345800
16.68325000
16.68358300
16.68316700
16.68329200
16.68329100
16.68337500
16.68333400
16.68337500
16.68333300
16.68350000
16.68304200
16.68345800
16.69541700
16.67625000
16.67841600
16.68675000
16.68004200
16.69037500
16.67712500
16.68241700
16.68329100
16.68320900
16.68333300
16.70137500
16.66529200
16.68354100
16.68329200
16.68320800
16.68337500
16.68716700
16.67966700
16.68312500
16.68337500
16.68325000
16.68358300
16.68420800
16.68237500
16.68333400
16.68325000
16.68379100
16.68604200
16.68150000
16.68262500
26.69454200
13.85629100
14.59041700
15.00112500
14.55954200
15.39750000
16.68333300
16.68666700
16.68012500
16.68466600
16.68179200
16.68445800
16.68466700
16.68095800
16.68375000
16.68279200
16.68341700
16.68341600
16.68408400
16.68266600
16.68329200
16.69120800
16.67525000
16.68420900
16.68250000
16.68366600
16.68312500
16.68320900
16.68370800
16.68325000
16.68400000
16.68312500
16.68279200
16.68316600
16.68333400
16.68329100
16.68345900
16.68350000
16.68304100
16.69500000
16.67166700
16.68341700
16.68358300
16.68308300
16.68333400
16.68983300
16.67687500
16.69050000
16.67625000
16.68429200
16.71108300
16.65441700
16.68333300
16.68333300
16.68345900
16.68325000
16.68325000
16.68345800
16.68337500
16.70795800
16.65866700
16.68329200
16.68333300
16.69137500
16.67629200
16.68366600
16.68279200
16.68333300
16.68250000
16.68350000
16.68325000
16.68354200
16.68320800
16.68316700
16.68341700
16.68337500
16.68316600
16.68345900
16.68483300
16.68512500
16.68008300
16.68320900
16.68387500
16.68312500
16.68404100
16.68241700
16.68329200
16.68854100
16.67820900
16.68316600
16.68333400
16.68362500
16.68320800
16.68329200
16.68433300
16.68220800
16.68379200
16.68295800
16.68354200
16.68316700
16.68325000
16.68333300
16.68545800
16.68116700
16.68341700
16.68483300
16.68195800
16.68312500
16.68350000
16.68316700
16.68337500
16.68325000
16.68987500
16.67691700
16.68333300
16.68325000
16.69125000
16.67550000
16.68325000
16.68341700
16.68320800
16.68341700
16.68404100
16.72833400
16.63770800
16.68320800
16.68354200
16.68316700
16.70266600
16.66404200
16.68325000
16.68354200
16.68800000
16.67854100
16.68325000
16.68329200
16.68354200
16.68316600
16.68416700
16.68254200
16.68445800
16.68233300
16.69250000
16.67395900
16.68341600
16.68770900
16.67900000
16.68333300
16.68870800
16.67787500
16.68600000
16.68079200
16.69175000
16.67579200
16.68729100
16.67845900
16.68425000
16.68583300
16.67995800
16.69425000
16.67245900
16.72683300
16.63987500
16.68320800
16.68333400
16.68387500
16.68287500
16.68325000
16.68329100
16.68483400
16.68704100
16.67816700
16.68333300
16.68433400
16.68233300
16.68333300
16.68341700
16.69254200
16.67395800
16.68337500
16.68337500
16.68341700
16.68883300
16.67770800
16.68341700
16.68962500
16.68816700
16.67216600
16.68329200
16.68333300
16.68329200
16.68341700
16.68333300
16.68329200
16.68933300
16.67737500
16.68337500
16.68329200
16.68425000
16.68250000
16.68320800
16.68345800
16.68716700
16.68058300
16.68212500
16.69083400
16.67583300
16.68354200
16.68329100
16.68358400
16.68300000
16.68337500
16.76591600
16.60075000
16.68333400
16.68320800
16.68766700
16.67891600
16.68341700
16.68320800
16.68337500
16.68337500
16.68320900
16.68341600
16.68337500
16.68333400
16.68329100
16.68325000
16.68333400
16.68333300
16.68333300
16.68487500
16.68183400
16.68337500
16.68341600
16.68333400
16.68320800
16.68337500
16.68329200
16.68329100
16.68345900
16.68329100
16.68333400
16.68333300
16.68333300
16.68325000
16.68379200
16.68304200
16.68341600
16.68320900
16.68766600
16.70087500
16.67216700
16.67270800
16.68329200
16.68362500
16.68295800
16.68545900
16.68295800
16.68166700
16.68408300
16.68266700
16.70008300
16.67108300
16.67887500
16.68616700
16.68037500
16.68366700
16.68320800
16.68345800
16.68308400
16.68329100
16.68329200
16.68345800
16.68433400
16.68241600
16.68445900
16.68204100
16.69050000
16.68233400
16.67725000
16.68350000
16.68312500
16.68983300
16.67687500
16.68466700
16.68316600
16.69695900
16.66862500
16.68316600
16.68325000
16.68558400
16.68116600
16.68341700
16.68512500
16.68133300
16.68345900
16.68350000
16.68325000
16.68325000
16.68329100
16.68937500
16.67745900
16.68329100
16.68316700
16.70704200
16.65987500
16.68308300
16.68337500
16.68362500
16.69179200
16.67491600
16.68312500
16.68908400
16.67737500
16.69329100
16.67350000
16.68333400
16.68366600
16.69129200
16.67616700
16.68583300
16.68195800
16.68100000
16.68350000
16.68337500
16.68433400
16.68266600
16.68983400
16.67758300
16.68241700
16.68354100
16.68483400
16.68150000
16.68320800
16.68333300
16.68470900
16.69516600
16.67062500
16.68320900
16.68333300
16.68308300
16.70425000
16.66220900
16.69208300
16.67487500
16.69529200
16.67145800
16.68379200
16.68262500
16.69429100
16.67854200
16.67712500
16.68341700
16.68441600
16.68220900
16.68445800
16.68212500
16.68895800
16.67770900
16.68345800
16.68320800
16.68345900
16.69525000
16.67154100
16.68375000
16.68279200
16.68541700
16.68129100
16.84545900
16.52108300
16.68320800
16.68762500
16.67904200
16.68645800
16.68016700
16.69170800
16.68045900
16.67829100
16.68320900
16.68308300
16.68333300
16.68341700
16.68700000
16.67958300
16.74612500
16.62416700
16.67970800
16.68333400
16.68337500
16.68329100
16.68329200
16.68741700
16.67925000
16.69683300
16.67229200
16.68166600
16.68250000
16.68333400
16.68350000
16.68537500
16.68466600
16.69741700
16.67637500
16.67841700
16.67758300
16.68325000
16.68345800
16.68837500
16.67829200
16.68341700
16.68329100
16.68337500
16.68325000
16.68333400
16.68337500
16.68337500
16.68316600
16.68975000
16.67962500
16.68279200
16.68120800
16.68341700
16.68429200
16.68233300
16.68337500
16.68320800
16.71454200
16.65220800
16.68325000
18.72270900
16.98075000
16.47741600
16.67908400
16.55437500
16.32833300
16.26754200
16.78841600
18.48170900
17.76820800
17.56350000
17.70762500
17.25312500
17.02445800
16.88300000
16.27108400
15.86133300
16.38395800
15.85300000
15.34441700
15.96525000
15.94241700
15.22783300
16.07062500
16.68350000
16.68329200
17.38633300
15.98025000
16.68300000
16.68354200
16.68362500
16.68316600
16.68320900
16.68337500
16.68316600
16.68337500
16.68329200
16.68350000
16.68325000
16.68337500
16.68329200
16.68337500
16.68333300
16.68350000
16.68312500
16.68345800
16.68325000
16.68337500
16.68341700
16.68320800
16.68329200
16.68345800
16.68320900
16.68358300
16.68312500
16.68333300
16.68337500
16.68333400
16.68320800
16.68362500
16.68320800
16.68545900
17.04158300
16.32304200
17.26241600
17.47883400
16.12575000
16.50870800
16.80175000
15.92245800
16.68337500
16.68341700
16.68333300
16.68337500
16.68325000
17.21850000
16.39650000
16.59666700
16.52158300
16.68412500
16.68262500
16.68512500
16.68183400
16.68300000
16.68433300
16.68225000
16.68375000
16.68358300
16.68266700
16.70112500
16.66562500
16.68358300
16.68291700
16.68433300
16.68254200
16.68329200
16.68333300
16.68333300
16.68358400
16.68308300
16.69866700
16.66791600
16.68329200
16.68345800
16.68350000
16.68316700
16.68320800
16.68358400
16.68350000
16.68295800
16.68345800
16.68420900
16.68245800
16.68629200
16.68029100
16.68341700
16.68612500
16.68041700
16.68337500
16.68366600
16.68304200
16.71512500
16.65166700
16.68325000
16.70366600
16.66295900
16.68341600
16.68329200
16.68325000
16.68312500
16.77341700
16.59345800
16.68350000
16.70058300
16.66587500
16.68345900
16.68337500
16.68337500
16.71050000
16.65604100
16.68362500
16.68325000
16.68316700
16.68325000
16.68425000
16.68895800
16.67716700
16.71270800
16.65554200
16.68158300
16.68312500
16.68354200
16.68308300
16.82225000
16.54454200
16.71670800
16.64987500
16.68629200
16.68645800
16.67720900
16.69745800
16.66925000
17.11887500
17.50687500
16.70045800
16.43100000
15.75291700
16.59000000
16.68320800
16.68337500
16.68325000
16.69333400
16.67341600
16.68329200
16.68345800
16.69191700
16.69275000
16.66529200
16.68420800
16.68241700
16.68629100
16.68041700
16.68333300
16.68320900
16.68329100
16.68358400
16.68329100
16.68325000
16.68437500
16.68870900
17.01537500
16.35200000
16.67725000
16.69033300
16.67541700
16.69850000
16.66812500
16.68345800
16.68645800
16.68008400
16.68320800
16.69866700
16.66908300
16.68520800
16.68037500
16.68341700
16.68362500
16.68325000
16.68325000
16.68350000
16.86162500
16.50687500
16.68570800
16.67866700
16.68358300
16.68850000
17.06495900
16.29625000
16.68350000
16.68866600
16.67895900
16.69091600
16.67491700
16.68320800
16.68433400
16.68245800
16.68404200
16.68400000
16.68187500
16.68625000
16.69866600
16.66500000
16.68645900
16.68041600
16.68337500
16.68391700
16.68262500
16.68320800
16.68333400
16.68350000
16.68395800
16.68266700
16.68329100
16.71108400
16.65558300
16.68337500
16.68600000
16.80945800
17.36575000
16.60825000
15.95295900
16.67758300
16.68325000
16.68408300
16.68262500
16.68366700
16.68287500
16.69504200
16.72487500
16.63012500
16.68529100
16.68787500
16.67683400
16.96704100
16.40666700
16.67933300
16.68529200
16.68391700
16.67775000
16.68337500
16.68333300
17.23341700
16.13320800
16.68358300
16.68720900
16.67937500
16.69233300
16.67575000
16.68208300
16.68325000
16.68470900
16.68266600
16.68250000
16.68329200
16.68329200
17.46583300
16.54454200
17.23562500
16.56133300
16.77287500
16.88533300
16.15016700
15.85120800
16.68629200
16.76816700
17.41950000
16.56575000
15.97691600
16.68316700
16.68770800
16.67895900
16.68333300
16.68945800
17.24070900
16.19204100
16.61104200
16.68329200
16.68350000
16.68329100
16.68320900
16.68350000
16.68320800
16.68341700
16.68325000
16.68341600
16.68350000
16.68300000
16.68341700
16.68320800
16.68358400
16.68345800
16.68295800
16.68345900
16.68329100
16.68350000
16.68312500
16.68358400
16.68329100
16.68316700
16.68345800
16.68329200
16.68325000
16.68350000
16.68308300
16.68350000
16.68333400
16.68350000
16.68320800
16.69483300
16.67179200
16.68358300
16.68312500
16.68337500
16.94850000
16.41845900
16.71029100
16.65875000
16.68058400
16.69412500
16.67254100
16.68354200
16.68583300
16.68362500
16.79562500
16.57079200
16.68175000
16.68208300
16.68316700
16.68341700
16.95829100
16.92108400
16.17062500
17.06670800
16.63312500
16.35037500
16.68333300
16.68354200
16.69566700
16.67087500
16.68316600
16.68358400
16.68337500
16.68316600
16.69762500
16.66920900
17.42404100
18.00104200
18.27050000
19.15245800
22.53629200
17.88229200
18.52658300
16.84550000
19.43637500
19.33970800
19.59741700
19.12100000
20.91125000
20.71437500
18.55675000
17.04658300
17.45045900
18.49833300
18.18520800
19.11645900
18.54691600
18.24212500
18.30316700
16.84370800
19.72441700
18.66804200
17.01991600
16.32937500
16.06850000
15.51462500
17.17158400
18.13375000
16.23741600
17.07008400
15.64766600
28.37691700
18.44545800
18.48312500
18.10583400
18.44862500
15.63650000
17.65425000
19.50975000
16.78941600
20.81858400
22.52887500
21.66250000
20.38879100
17.33620900
21.62237500
19.96033300
17.77483300
14.77141700
15.74466700
15.90129100
16.54250000
16.29287500
15.32200000
15.36483400
15.71808300
14.62320800
14.57883400
15.34758300
14.53583300
14.44370900
14.54825000
14.93075000
16.68712500
15.56912500
15.37800000
14.66183300
15.61875000
14.82000000
15.05300000
14.64945800
14.71329200
15.41229200
15.89025000
15.32366600
15.40804200
16.39312500
16.03070800
14.92991700
15.18008300
14.78779200
14.12225000
14.91645800
14.21016700
15.61687500
15.76975000
16.31579200
15.08395800
14.58850000
15.62383300
15.60404200
14.90520800
14.58529200
14.55983300
14.19945900
14.39479100
13.79287500
14.07445900
13.84441600
14.76725000
15.44295900
13.81608300
14.18429200
14.51141600
13.87679200
14.31891700
14.36200000
14.50912500
16.86300000
16.49987500
16.68370800
16.68275000
16.68866700
16.67800000
16.69887500
16.66787500
16.92504100
