22.25216700
21.59266700
21.07675000
26.89462500
31.25962500
100.70025000
57.77037500
30.03125000
27.01291600
25.04500000
23.85725000
23.46408400
22.64208300
24.69350000
23.62120800
22.18629200
22.61333300
21.87791700
23.03600000
26.31712500
29.25833300
31.23512500
24.16312500
22.13900000
21.22291700
21.90887500
21.70450000
24.81525000
21.36579200
21.21804100
22.28925000
20.43008400
20.11575000
20.07337500
20.74700000
18.32241600
18.78691700
17.76862500
18.85112500
19.01779200
18.67866600
17.98175000
17.65050000
17.93220900
17.10350000
17.53333300
17.33779200
16.81108300
18.44683300
18.36566700
17.85058300
18.74891700
19.39166700
18.67987500
18.90245800
18.52066700
18.81637500
18.53995800
18.51145800
18.54054200
18.63616700
18.33920800
18.58966700
17.93904100
19.89254200
19.71558300
19.35600000
19.58433400
19.15133300
19.28283300
18.96808400
19.07966600
19.79608400
19.13733300
19.05787500
18.75275000
19.21695800
19.00795900
19.25187500
21.22987500
19.22075000
19.03725000
18.90945800
18.94008300
18.88654200
19.35954200
19.39258300
19.35345800
19.29416700
19.24937500
19.19029200
19.62258300
19.10475000
19.52291700
19.46816600
19.35408400
19.16708300
16.85725000
19.01687500
16.74491700
20.00862500
18.78958300
20.72820800
18.66920900
21.29087500
17.62820800
20.05758300
19.28954200
18.53475000
18.65795800
18.69541700
18.47166700
18.63404100
19.45095900
18.59275000
18.25429100
18.33195900
17.97062500
18.16841600
18.44208400
18.07775000
18.29683300
19.01891700
18.54858300
18.07225000
18.49970800
18.28770900
18.03216600
17.75158400
17.92991600
18.00100000
18.21416700
17.84733300
18.77400000
17.87641700
17.73945800
18.08354200
17.89537500
17.70241700
18.08908300
17.62370800
17.40054200
17.78112500
17.81637500
17.83629200
18.70387500
17.84870800
17.90916700
18.35975000
17.67425000
18.52095800
18.13404200
17.58966600
18.01583400
17.93583300
18.56204200
17.74583300
18.18254200
17.34658300
17.85466700
17.50712500
17.82745800
16.99466700
16.97083300
17.80237500
17.53937500
17.95987500
16.94470800
18.09475000
17.12366700
17.83550000
16.82975000
17.73266700
17.67741600
17.15658400
18.61820800
17.90879200
17.61829100
18.24000000
17.53162500
17.25629200
17.80291700
17.49258300
17.54437500
16.65504200
16.01095800
16.61725000
16.20333300
16.04216700
16.34508300
16.27329200
16.35070800
16.47433400
16.17004100
16.32700000
16.40641700
16.04325000
16.27329200
16.53775000
16.15279100
16.25916700
16.56162500
16.23958300
16.77079200
16.35237500
16.10362500
16.06133300
16.99933400
17.36000000
16.84395800
17.30966700
17.02000000
16.85108300
17.08612500
19.18154200
17.52595800
18.23841700
18.11079100
17.68779200
18.08662500
17.78054200
17.73850000
18.16779100
17.74637500
17.87483400
17.90083300
17.96229200
17.94283300
18.03733300
17.92150000
17.77129200
18.21000000
17.90858300
17.92604200
17.99733300
17.93608400
18.15154100
18.11208400
18.19758300
17.79045800
17.96570900
18.23975000
18.30704100
17.92145900
17.82391600
17.86225000
17.84675000
17.66258400
17.90020800
18.90000000
18.07375000
18.13054200
17.99408300
17.80437500
17.84070800
17.77495900
17.73312500
18.14766600
17.74720900
18.50495800
18.66129200
18.05125000
18.34087500
18.71291600
19.40662500
18.42862500
19.91541700
18.80858300
19.11250000
19.37779200
18.49620800
18.56791700
19.52920800
18.27825000
19.25937500
18.01487500
18.44704200
18.06566700
18.84666600
18.52225000
18.21375000
18.94475000
18.95387500
17.87495900
18.39558300
18.04587500
17.97841700
17.97254100
17.68158400
18.44983300
18.74745800
17.83800000
17.91570900
17.99483300
17.95741700
17.64475000
19.22212500
20.01012500
19.73900000
19.62904100
18.81987500
18.43104200
18.09941700
18.17925000
18.13141600
18.01133400
18.48325000
18.72125000
18.15429100
18.22412500
18.15370900
18.11587500
18.22254100
19.19758400
18.33758300
17.94987500
18.55341700
18.24345800
18.44891700
18.42437500
18.25404100
18.01408400
18.25733300
19.21500000
18.61883300
18.64745900
19.09662500
17.28983300
19.43083300
18.35300000
18.68429200
18.18420800
18.03300000
17.73575000
18.13370900
18.18150000
17.68729100
18.09279200
18.97658300
17.02766700
18.86437500
18.11575000
17.93062500
17.90462500
18.38870800
18.31470900
17.95045800
17.89170800
17.83429200
17.64341700
18.17341600
18.45437500
19.72720900
19.28233300
19.05279200
17.96645800
17.46212500
17.50395800
17.39125000
17.47100000
17.56237500
17.36791700
17.33720800
17.51175000
16.94175000
17.12170900
16.22520800
16.40816700
16.95175000
16.92366600
16.58145900
16.64175000
16.46350000
16.35645800
17.31775000
17.03445800
16.71304200
16.55800000
16.73900000
16.82541700
17.12633300
16.91525000
16.48720800
16.78933400
16.98095800
17.04991700
16.79729100
17.13379200
16.79145800
16.55979200
16.90575000
17.13987500
17.37050000
17.83329200
18.01070800
17.41737500
19.03550000
18.12066700
17.73083300
17.97820800
18.12816700
17.96691700
17.14291600
19.23091700
18.13100000
17.61991700
17.99237500
18.13229100
17.99875000
18.12183400
18.09145800
17.82216700
17.93129100
18.28129200
17.95362500
17.88245800
18.09450000
17.30266700
18.73654200
17.67891600
17.68462500
17.96783400
18.23037500
17.56895800
20.54966700
19.73083300
19.09087500
19.00041700
18.81129100
18.29545900
19.08875000
19.06279100
18.46633400
17.90204100
18.19566700
19.61825000
17.91162500
19.66229200
18.77908300
20.63679200
20.93220800
20.63600000
20.69237500
19.78320800
18.72158400
18.85820800
18.97029200
18.79366600
18.91995900
18.64162500
18.50937500
19.06070800
17.79920800
17.57925000
17.41416700
18.67850000
17.20500000
17.40604200
17.17700000
17.36704100
17.44691700
17.20350000
17.45850000
17.48633300
17.25075000
17.01700000
18.00825000
18.94641700
17.58850000
17.46545800
17.05695900
16.98741600
17.50575000
17.43145900
15.84229100
16.69404200
16.58058300
17.45212500
16.99283400
16.12116600
15.67833400
17.27920800
15.71879200
15.70895800
15.99791700
15.57675000
16.17654100
16.22483400
15.71904100
15.63420900
16.26933300
15.88479200
16.85812500
16.09508300
15.71300000
15.40958300
16.02229200
15.64450000
15.66129200
15.63383300
15.13970800
15.11737500
15.07783400
15.39433300
14.90516700
16.56750000
15.49079100
15.52495900
15.19200000
15.10950000
15.54754100
15.75375000
14.95904200
15.30766700
15.00062500
14.55270800
15.08020800
14.95387500
15.19591700
15.86670800
14.87341700
14.65708300
15.21150000
14.80600000
15.16100000
16.59516700
16.22920800
15.83362500
15.87183400
15.06795800
14.31266700
15.21775000
13.86608300
21.16579200
18.15825000
18.31958300
18.06945800
18.32650000
17.78800000
17.96654200
17.40429200
16.60154100
16.53075000
17.33900000
16.81116700
16.84712500
17.49820800
17.02379200
16.72579200
17.08529100
16.59300000
16.87300000
16.54895900
16.64266600
17.68570900
17.17650000
16.82754100
17.97579200
19.80862500
18.54937500
18.77891700
18.71000000
18.29716600
18.71704200
18.12425000
18.23779200
18.43950000
18.60920800
18.39429200
18.52779100
18.45441700
18.16166700
18.29533300
18.26554200
18.11712500
18.88012500
17.92620800
18.10004200
19.00975000
19.35608300
18.21650000
19.33283300
18.54320900
18.77166600
18.88008400
19.96833300
18.24045800
18.58050000
18.62433400
19.62145800
18.88758300
19.56254200
18.57491700
19.82250000
18.91179100
18.79683400
18.86470800
18.96700000
19.35429200
19.46562500
18.49429100
18.84058400
18.24462500
18.80854100
18.20770900
18.57187500
19.35575000
18.98862500
20.10445800
18.58629200
18.78212500
18.87562500
20.03775000
19.27316600
18.50666700
19.41883300
18.62662500
18.21537500
18.57691700
20.24616700
18.12879100
18.51266700
18.63837500
18.80062500
18.27075000
18.51745800
18.28158400
18.47591600
19.23525000
18.24287500
18.17870900
18.85204100
18.54837500
18.51575000
18.91720900
18.66666600
18.62191700
18.45108300
18.07912500
18.78045900
19.70170800
18.76725000
19.95404200
18.31137500
18.54741600
18.62350000
18.52679200
19.09341700
17.99812500
18.31875000
18.45429100
19.21966700
19.28045800
18.54933400
18.89287500
18.50487500
18.76020800
18.89433300
18.64058400
18.80012500
20.20600000
21.57220800
20.75875000
20.75062500
20.13637500
19.38379200
19.87337500
20.96879100
18.49562500
20.27525000
18.97358400
19.19725000
20.29662500
19.05629100
18.64116700
19.19329200
18.95904100
19.41291700
19.03804200
20.23883300
19.58445800
18.54700000
18.47679200
19.14579200
18.95820800
18.55212500
18.53691700
18.33604100
19.33695900
18.27225000
18.58583300
18.65554200
18.41529100
18.45891700
18.50891700
18.45766600
19.41962500
21.18612500
20.61404200
23.16187500
19.85216700
19.74408300
19.56304200
18.87779100
18.25100000
18.32037500
17.95120900
18.26004100
18.61004200
18.53395800
18.17337500
17.97716700
18.00487500
18.29479200
17.73729100
17.17920900
17.44187500
17.02625000
17.07162500
17.18700000
17.04320800
17.12137500
16.87195800
17.35391700
16.96783300
17.32012500
17.18975000
17.77570900
18.11700000
19.29195800
19.81237500
19.04312500
19.63179200
19.09933300
18.94304200
18.75958300
18.70533300
19.03720900
18.62500000
18.68275000
18.97141600
18.70316700
17.94641700
19.58150000
18.69933300
18.37562500
18.46620800
18.62120900
20.46087500
18.78658300
18.74050000
19.47095800
19.36504200
20.57195800
19.13066700
20.24079200
19.58750000
20.22445800
20.19700000
20.69129200
20.04170800
19.81716700
18.75241600
18.97975000
19.23450000
18.97808400
19.08325000
19.81279100
20.46595900
19.03870800
19.22683300
19.44887500
19.41566700
19.06275000
18.71800000
18.77354200
19.48279100
19.34366700
19.44462500
18.78445800
18.60737500
18.77741700
19.74316700
19.58062500
19.08454100
18.80462500
19.70808400
19.06087500
20.15062500
19.35908300
19.30570800
19.05233400
18.56229100
19.50645900
18.97862500
18.82887500
19.30945800
19.14883300
18.45175000
18.63095900
19.04029100
18.65737500
19.38412500
19.24900000
19.09483400
19.21937500
20.20766600
19.17458400
19.31245800
20.62550000
19.17766700
20.28179100
18.31454200
20.21537500
20.22229200
18.67775000
18.21154100
19.72829200
20.35704200
20.86637500
18.87654100
19.54616700
19.59725000
19.31141700
19.07145800
19.38850000
18.81970800
18.60116700
18.86450000
18.91100000
19.10012500
19.13129200
18.91775000
19.46862500
17.76541600
18.69983400
18.35025000
18.42120800
17.86000000
17.79733300
17.97895900
17.98079100
18.40058400
20.17704100
17.89920900
17.31516600
19.37329200
18.14591700
19.45629100
18.94395900
17.60375000
18.39958300
17.83625000
17.54237500
19.73262500
19.59395800
18.62558400
17.99275000
18.47887500
19.26083300
19.66745800
20.54175000
18.79487500
20.24687500
19.42954200
17.99250000
17.62212500
18.40870800
17.89925000
17.54862500
17.75737500
17.73641700
18.29854200
17.65987500
17.44941600
18.05150000
16.78091700
17.76904200
18.69083300
17.49754200
16.91083300
18.31720800
18.82400000
18.69145900
18.65033300
18.41037500
16.91783300
17.06770900
16.91645800
16.12200000
17.18166700
15.76170800
18.66579200
17.14191600
18.61437500
16.68583400
19.18033300
16.76812500
18.48833300
20.19337500
20.05633400
18.80654100
20.19787500
18.98108400
19.24666600
19.44475000
19.31925000
18.84037500
19.21845900
18.41100000
20.60570800
19.06679200
18.74579100
19.23279200
19.43841700
20.04104100
19.69700000
21.03162500
19.80354200
21.25704200
21.52579100
20.49641700
22.64008300
20.88550000
19.50762500
23.05733400
20.22583300
18.70208300
22.42020900
20.47966600
19.35220900
20.99875000
18.83983300
18.79308300
20.08195900
18.97512500
18.36154100
20.30000000
18.58762500
19.10075000
19.20112500
19.06870900
18.42950000
18.69270800
18.64812500
18.95137500
19.40725000
19.18345800
19.22287500
18.80725000
18.49112500
18.49308400
18.70250000
18.85508300
18.59375000
18.71920800
19.40370900
18.59591600
18.41033400
19.55925000
18.50425000
18.88579100
20.07116700
20.77866700
19.14241600
18.79733400
18.86016600
18.94683400
18.48795800
18.29441700
18.22233300
18.76970800
19.37416700
21.03620800
19.82579200
22.89429200
20.25350000
21.69520800
23.32245800
20.19458400
19.26433300
22.09025000
19.68587500
18.99683300
19.55700000
18.92358400
18.55429100
19.46079200
21.30116700
21.19329100
20.72454200
22.85995800
20.80850000
20.54637500
20.26766700
20.32420800
20.03900000
20.52775000
20.98041700
21.10158300
20.41550000
19.93975000
20.26087500
18.78933400
18.72700000
18.92662500
19.21362500
19.24112500
18.96916600
20.24537500
18.82079200
19.14054200
18.35716600
18.41975000
19.57233400
19.83745800
19.97525000
18.80412500
18.86070800
19.13462500
21.00562500
20.09512500
20.57637500
20.16979200
19.80070800
18.29450000
18.00679200
18.60295800
20.00912500
18.51620900
18.44037500
18.45558300
18.30945800
18.45795900
17.88020800
19.38229200
18.09462500
17.31504100
16.89741700
17.17683300
16.98041700
16.67958300
16.67225000
16.96704200
16.91320800
16.66591700
17.06783300
16.62716700
16.45862500
16.62554200
16.39558300
17.29708300
17.96125000
18.17625000
18.10908400
18.44820800
18.39525000
17.86425000
19.71608300
19.47500000
18.35470900
18.41420800
19.55162500
18.34887500
18.45716700
18.69220800
18.48187500
18.57958300
18.79308400
18.44683300
18.35850000
18.24495800
18.63004200
18.38250000
18.01125000
18.54095800
19.21204200
19.55183300
21.13683400
20.94795800
20.53454200
20.41487500
20.52008300
19.98437500
20.32441700
20.11820800
20.04783300
19.31620900
18.92066600
20.17166700
18.14008300
19.46700000
20.33679200
19.33708300
19.00333400
19.77608300
19.31933300
18.81112500
19.11062500
21.39162500
19.59991700
19.95454200
21.08237500
19.10050000
19.30437500
18.63370800
18.90133300
19.26054200
20.11450000
19.64704200
18.45404100
19.88400000
20.44870900
19.40491600
18.97608400
20.18779100
19.08095900
19.58529100
20.16645900
18.98875000
20.04879100
18.64150000
18.59345900
19.64408300
19.18683300
19.07320900
18.65129100
18.98945900
19.88775000
19.08404100
20.17758400
19.17158300
18.73404200
20.02645800
19.21604200
19.08920800
19.54966700
19.14229100
18.81591700
18.95437500
20.00095800
18.12679200
19.54387500
18.65587500
19.14558300
18.73183400
19.30729100
18.31570900
18.48891600
18.53183400
18.32837500
19.15020800
19.40783300
19.69679200
18.11687500
18.80954200
18.18083300
19.80087500
18.82633300
18.30641700
18.15133300
18.80045900
18.58458300
19.65229200
19.20533300
18.42900000
18.33679200
18.86754100
19.10462500
17.96337500
18.98075000
19.62645900
19.24108300
19.32262500
18.91025000
18.31304200
21.23420800
20.10029200
18.39383300
20.88258300
19.60154200
19.01745800
19.68612500
21.68850000
19.46058400
20.74791600
20.28454200
18.54387500
18.54316700
19.24550000
18.07254100
18.65462500
18.27091700
18.01270800
18.76758400
18.80570800
17.84575000
17.77512500
17.56537500
17.15891700
18.43966600
17.78454200
17.00783300
17.62416700
17.37808300
16.78370900
17.29679100
17.46429200
17.25604200
17.63608300
17.78654200
17.00791600
18.06033400
18.32183300
18.59625000
19.09483300
18.99620900
18.41883300
19.13095800
18.99358400
18.30558300
18.91158300
18.88695900
18.11404100
19.18100000
18.63070900
17.95395800
18.56795800
18.44262500
19.66554200
21.19525000
19.58400000
19.72975000
18.97833300
19.94887500
18.70691700
19.48616700
19.61704100
18.58875000
21.11366700
18.93954200
20.94937500
21.01945800
20.69608300
18.50291700
18.78083300
19.73329200
19.88366700
19.56937500
18.99533300
19.73316700
20.19358300
19.42812500
18.87462500
19.25491700
19.66654100
19.09366700
19.45754200
19.19300000
17.89775000
20.09429100
19.47241700
18.70387500
19.95929200
19.87500000
18.58587500
19.78600000
18.84195800
18.88412500
18.93254200
19.45058300
19.24033300
19.00758400
19.97733300
18.15745800
20.38291700
22.43979200
21.03037500
20.67091600
20.05691700
19.39729200
20.49425000
19.85295800
18.94308300
19.13337500
20.28312500
19.18558400
19.44804100
20.28954200
18.53591700
22.01462500
19.53475000
20.78316600
20.81825000
21.32454200
19.25029200
20.80029100
19.95850000
18.41708400
20.19604100
19.57845900
20.40741600
20.14095900
20.95020800
19.29612500
21.08087500
19.95500000
19.90712500
20.28066700
19.94520800
20.22070800
20.98208400
19.39475000
17.97150000
19.08762500
19.58308300
19.18854200
19.69295800
19.16062500
20.22416700
20.64770800
19.32100000
18.47325000
19.06504200
18.77279100
18.14766700
20.61579200
20.93050000
18.78670800
20.35720800
19.39616700
18.84187500
19.62345800
18.52791700
18.07445800
19.68133400
20.21079100
19.89229200
19.26541700
19.66666600
18.42895900
20.35129100
21.18570900
18.87516600
19.34166700
22.99437500
19.54125000
20.05925000
19.83770800
18.50820900
17.22120800
16.55500000
19.17450000
17.30550000
17.80475000
18.73925000
17.28845800
17.38791700
17.71800000
17.36275000
17.31658300
15.96237500
18.14170900
16.26245800
16.44450000
16.21716700
16.26866600
16.92087500
16.32766700
16.22300000
16.61883300
16.69483400
15.78600000
17.48554100
16.27666700
16.13070800
16.83895900
17.79325000
19.37345800
18.07120800
18.35912500
18.57483400
18.37437500
18.15595800
18.52137500
18.70733300
18.63037500
18.38837500
17.69654200
19.11841700
19.01150000
19.00954100
19.91300000
19.47725000
19.71037500
18.20962500
19.44554200
19.17845800
19.21670900
19.55958300
20.19516700
18.46391600
19.92145900
18.88950000
19.61545800
18.49779200
19.88495800
19.41395800
18.95275000
20.72295900
18.29904100
18.72841700
18.60825000
19.53508300
19.24312500
18.68525000
18.57858400
18.82983300
18.88516700
17.77829100
20.02650000
19.22900000
19.64712500
19.71441700
18.27820800
19.38983400
18.21925000
22.32641600
27.29375000
22.86262500
40.34141700
23.29245800
23.85850000
24.99591700
21.00237500
21.24083300
22.21483400
19.72591600
19.48345900
21.77766600
20.07375000
21.74712500
19.61283400
21.00891600
19.53245900
20.56929100
19.28654200
19.42104200
19.65195800
18.77862500
21.22741700
19.12620800
19.53829200
19.83437500
19.22783300
19.39516700
19.46370800
19.35408300
18.51379200
18.43929200
19.45366600
17.80283400
17.84154100
18.72341700
18.40845800
18.95004200
19.60154200
18.78712500
19.36645800
18.09587500
18.39858300
18.11587500
17.92295900
18.32650000
19.69383300
17.86166700
20.02237500
18.89366600
18.00783400
18.59683300
19.10675000
18.89170800
18.88916700
19.09125000
20.27033300
21.99379200
22.01179200
23.02641600
23.81170900
21.40941600
20.15533400
20.46620800
20.05300000
19.80862500
20.36075000
19.49525000
21.99995800
20.28720900
19.75279100
19.95525000
20.06658400
19.73145800
19.54391700
19.59179100
20.13820900
20.27016600
19.89766700
20.19187500
20.07437500
19.12958300
18.73600000
19.35845900
18.26533300
19.55054200
17.49483300
17.29045800
17.85779200
18.08200000
17.80683300
17.20637500
17.33037500
17.23908400
17.33683300
17.50958300
16.21829200
16.13375000
16.58970800
16.45325000
16.22679200
16.41533300
16.08037500
16.02616700
16.35983300
16.15379200
16.09337500
16.13483300
17.15366700
15.84350000
15.68362500
17.10262500
17.97320800
18.21629200
18.80700000
16.85425000
19.44212500
17.57795800
18.03354200
17.97275000
18.61729200
17.57525000
18.33800000
17.96358300
18.53370800
18.61862500
20.48162500
19.95245900
18.57700000
18.79041600
18.87533400
19.38237500
18.47429100
18.28308400
18.54650000
19.44104100
19.04258400
21.08775000
18.05983300
20.76545800
18.23058400
19.81045800
19.43670800
18.22200000
18.46125000
19.12125000
20.15095900
20.95050000
21.88216600
19.52341700
19.20745800
20.57450000
19.91612500
19.92375000
20.08091700
19.62620800
19.85579200
19.07025000
18.60816700
18.53270800
18.33304200
19.27862500
19.72612500
18.67537500
18.78041600
18.71162500
20.40050000
18.91516700
19.11437500
20.56908300
20.71041700
19.86950000
19.67316700
20.70529100
20.50479200
20.13900000
18.85387500
17.91029200
19.07666600
18.66541700
18.67170800
18.62116700
19.00029200
17.98662500
17.96400000
18.85320800
18.63162500
18.48904200
19.93341600
18.36987500
18.75191700
19.12116700
18.19341600
18.59200000
18.18345900
17.72104100
17.92916700
17.88712500
18.17562500
17.85704200
17.21504100
21.70520900
19.93550000
19.75837500
18.97700000
18.58395800
18.96933300
17.73133400
19.20683300
17.99087500
18.22829200
17.92150000
18.03033300
17.41816700
18.68775000
17.77700000
18.41179100
17.96566700
18.50341700
21.00062500
19.42220800
18.30129200
18.19270800
18.35420800
18.33616700
18.69404200
18.28729100
18.00295900
19.74966600
21.44187500
19.18650000
19.07270900
19.37429100
18.09287500
17.60754200
17.38716700
17.44900000
17.28645800
17.42091700
17.33400000
17.49033300
17.15979200
17.28108300
17.39858300
17.45666700
17.70475000
16.38925000
16.28187500
16.62679200
17.11962500
17.53633300
16.42391700
16.16870800
16.92212500
16.57895800
16.43375000
16.67225000
16.60800000
16.49641700
16.41908300
16.67145900
17.18170800
17.53670800
19.16345900
18.22400000
18.09070800
18.42579200
18.47816600
18.02550000
17.49891700
19.35391700
18.00812500
18.20829100
18.31941700
17.87870800
20.02370900
18.71504100
19.44258400
19.00325000
18.90262500
20.39775000
19.13475000
18.91258300
19.83295800
22.06362500
20.14320900
20.48470800
19.08091700
18.81158300
18.92137500
18.71604200
18.62366600
18.73541700
20.03945800
18.95004200
20.80245800
19.84270900
19.62533300
19.08645800
19.52537500
17.88833400
18.67062500
18.90570800
18.23808300
19.84354200
19.08320800
18.74837500
18.77400000
19.53025000
17.78816700
18.09883300
18.00379200
18.75137500
17.96404200
20.97416600
18.46891700
18.39670800
18.06975000
19.44725000
18.42870900
19.01908300
18.25662500
17.88400000
17.70925000
17.18104200
20.06529100
18.56966700
18.34291700
19.66325000
18.41825000
19.01000000
18.17883300
19.64445800
19.58245900
19.53008300
18.78612500
17.81962500
19.81654200
18.91462500
18.79054100
19.72087500
19.37862500
18.36241700
19.30604200
19.44633300
18.19541700
17.89662500
17.93370800
19.60454200
18.07800000
18.29183300
18.54716700
19.39825000
20.34516600
19.42820900
19.27737500
19.15504100
18.70491700
18.36904200
19.47533300
20.36133300
18.73562500
19.01937500
19.12970900
18.97183300
18.03116700
18.97654100
18.34666700
19.91550000
19.03387500
18.71620800
18.87183400
19.96762500
18.64516600
19.05916700
19.13250000
19.39658300
18.08087500
18.98916700
18.47033300
19.61400000
18.84333400
17.48175000
19.39908300
19.63637500
19.71066700
18.56020800
19.60362500
19.97050000
18.76679200
20.38362500
20.02604100
19.76716700
19.13787500
20.10870800
20.74145900
20.65462500
19.75245800
19.58150000
19.00683300
19.18279200
17.41875000
19.00012500
17.68483300
17.80650000
17.41500000
17.48291700
17.16779200
17.07908300
16.89216700
17.97875000
17.37829100
16.76433400
18.84783300
16.52670800
16.22437500
16.55800000
16.34883400
15.68695800
17.03945800
16.58245900
16.30612500
16.80620800
16.76508300
17.94204200
16.86220800
16.96870900
16.20358300
18.03645800
17.98062500
17.88491700
17.91362500
17.86158300
17.75966700
18.01070800
17.77983400
18.68245800
21.14758300
22.93941700
30.37537500
23.32133300
23.99358400
24.53091600
23.07962500
21.55245900
22.10616600
23.75587500
22.90991700
24.68954200
27.03058300
28.85620800
28.92445900
29.10308300
28.16716700
25.89508300
25.62162500
26.36087500
25.94845800
26.25879200
27.23925000
27.70904200
26.77966600
26.69750000
25.93812500
26.52129200
26.49729200
29.06383300
46.20279200
33.21325000
32.31354100
34.90987500
27.90475000
35.56695900
41.26766600
31.16650000
25.58504200
30.31991700
25.37245800
28.11054200
25.21383300
23.06083300
22.85670900
22.34854100
21.69362500
22.56295900
21.45166600
20.58970900
20.66133300
20.79545800
20.15637500
20.81425000
19.98320900
20.12633300
20.05995800
20.43679200
19.75450000
19.60016700
18.65012500
19.29629100
18.97412500
19.18645900
18.89029100
18.85420900
20.70666600
18.20533400
21.71400000
19.40645800
19.27016700
19.48483300
18.91279200
20.17654100
19.27329200
19.23945800
19.65254200
20.76504200
19.46170800
22.90495800
22.51504200
20.46666700
21.18241600
19.57333400
18.75500000
19.00429100
20.81316700
21.33275000
21.10283300
20.43679200
20.82754200
21.39275000
20.51933300
21.13554200
20.07254100
20.67175000
21.41670900
20.24654100
19.22462500
19.75200000
19.35079200
19.64541700
19.63929100
18.75883400
19.60087500
19.41620800
19.40704200
19.49004100
18.70966700
20.51808300
19.15750000
19.08270900
21.68766600
20.66587500
20.15320900
20.23995800
20.11437500
19.63458300
19.59462500
18.52079200
18.46925000
17.57066700
19.49058300
18.41204200
17.90475000
17.80754100
18.67683400
18.69500000
17.96833300
18.90737500
18.25200000
17.52791700
17.87279100
17.48316700
18.30958300
17.59125000
17.93633400
18.24766600
17.94216700
18.22670800
18.03312500
17.19741700
17.94120800
19.71241700
18.96929200
18.58129100
19.02008400
18.86208300
18.43333300
18.72354200
17.82433300
19.42720900
19.67095800
18.40033300
18.68237500
18.26591700
20.54491700
19.05879100
19.30829200
20.21512500
18.17604200
20.01891600
19.22720900
21.03412500
18.97912500
20.24329100
19.10770900
20.19320800
19.98512500
19.35391700
20.26845800
19.66541700
19.60366600
19.01129200
19.48033300
18.83170900
20.17487500
20.25179100
19.76345900
19.40487500
20.11929100
19.73308400
21.60583300
18.81412500
19.81908300
21.02091700
18.96412500
19.89825000
18.94604200
19.53445800
20.39058300
19.47225000
20.65904200
19.45241700
21.65691600
20.40104200
19.19575000
20.31325000
20.64441700
19.39320800
20.50091700
19.60962500
19.72679100
19.30470900
20.35633300
20.56345800
20.96300000
20.31745900
18.92700000
19.59025000
20.59241600
19.85083400
20.48350000
19.67662500
18.54091600
19.90500000
17.76716700
18.87770800
17.76575000
18.99300000
17.49987500
19.13900000
17.55425000
19.11795900
20.12304100
19.58225000
18.84662500
19.47250000
19.38920900
19.90304100
18.35129200
18.62895800
19.79079200
19.32179200
18.82029100
20.89445900
23.39533300
19.24075000
19.57016700
19.19966600
19.76270900
19.43933300
19.17920800
19.59587500
19.84658400
20.60675000
19.56108300
19.87541700
19.94325000
19.21279100
20.38520900
19.49325000
19.51537500
19.55162500
19.03991600
19.08562500
19.24262500
18.89820900
19.04700000
19.09425000
18.92437500
18.03991600
19.06562500
18.12270900
18.59375000
18.09775000
18.21033300
17.85579200
19.39520800
19.03604200
18.38529100
17.60458400
18.45995800
18.30708300
19.07408400
17.67204100
19.03329200
19.75950000
17.74145800
19.68045900
19.24391600
19.73704200
19.49854200
18.84945800
18.70641700
18.95862500
18.01525000
17.22525000
17.74533300
18.30929200
17.23779100
17.19491700
16.81895800
18.86545900
17.85508300
17.56470800
17.15283400
17.27108300
17.12120800
18.06408400
17.42862500
17.41283300
17.50254200
17.21695800
16.37341700
16.00166600
16.63387500
16.76837500
16.04254200
16.31291700
16.55600000
16.66358300
16.89029200
17.99687500
17.84079100
17.96229200
17.76987500
17.64579200
17.76345800
17.84862500
17.75891700
17.87491600
17.93345900
17.83470800
18.18100000
17.90866700
17.84179100
17.90620900
18.90087500
19.31658300
18.64529200
19.36295800
18.03050000
19.17683300
19.71370900
19.56683300
19.38279200
19.53537500
19.41066600
18.09562500
18.31866700
18.57050000
19.34066700
19.21666600
19.07862500
19.39708400
19.63366600
19.60254200
22.08825000
19.66133300
20.35187500
19.30245900
19.17750000
20.26470800
18.72466700
18.37012500
19.24637500
19.39541600
18.76308400
19.35408300
18.48475000
19.02254200
18.36050000
18.37966600
19.22566700
18.39729200
19.38266600
18.24125000
19.45125000
19.31579200
18.66079200
19.55354100
19.19362500
19.47358400
20.40125000
20.39595800
19.52645800
19.02812500
19.07087500
19.39595900
18.88450000
19.32620800
19.18462500
19.33858300
19.14762500
19.25829200
19.34337500
19.03841700
19.50783300
18.81479200
19.16375000
18.58508300
19.13420800
18.33687500
18.44708400
18.96050000
18.04337500
19.25820800
18.68904200
19.82254100
20.96408400
19.90141600
18.29720900
18.71766600
18.83262500
18.70704200
19.85870800
18.21320900
19.30020800
20.10441700
17.98216600
18.64037500
18.17437500
19.76954200
18.30916700
19.66270800
18.75612500
18.38987500
19.35516700
18.32295800
18.30358300
18.46279200
19.01300000
18.45779200
18.96912500
18.96041600
18.54929200
20.01054200
18.84108300
18.11666700
19.10495800
18.62662500
20.40316700
18.37166600
18.73162500
19.35283400
19.47675000
18.65954100
17.82916700
19.04800000
20.49316700
19.77950000
19.98204100
19.46633400
18.90808300
18.79116700
18.87233300
20.32425000
19.19308300
19.57658400
19.36591600
18.65604200
20.09645800
18.67925000
18.00020900
17.39412500
17.91137500
17.22966600
18.95495900
18.02612500
17.99754100
17.73466700
18.01295800
17.34025000
18.50112500
17.77412500
17.82800000
17.31829200
17.04725000
16.15233300
17.39825000
16.31841700
17.15479200
16.24554100
16.96650000
16.71479200
16.16345800
16.57579200
17.44629200
17.32858300
17.31991700
18.27300000
17.93441600
18.01854200
17.84512500
17.92416700
17.55087500
17.81391600
17.45141700
18.02741700
18.05620800
19.38745800
18.41029200
20.18379200
20.68975000
18.07883300
19.06125000
20.05762500
19.95395800
19.74470900
19.81095800
19.26016700
19.15483300
18.68020800
19.19191700
18.28775000
19.86333300
18.23616700
19.70583300
19.19775000
19.56204200
19.75704200
19.34200000
19.49583300
19.78466700
18.80100000
19.54212500
19.23645800
19.24462500
19.14637500
19.05700000
18.70254200
17.68433300
19.21087500
18.84087500
19.42804200
17.86395800
20.19575000
18.20562500
19.09075000
19.23916700
19.07879100
18.16712500
19.19633400
18.92987500
18.55950000
18.71704100
18.07125000
21.21175000
18.28095900
17.74670800
19.58437500
17.96091700
19.18741600
18.62358400
19.23970800
18.43137500
19.12766700
19.13441600
17.97233400
19.32433300
17.45391700
20.46470800
18.70183300
19.18525000
18.61975000
19.92750000
19.69183400
19.42279100
19.71404200
19.34758300
19.26625000
19.26229200
17.92212500
18.33612500
17.67079200
20.64300000
18.09037500
18.27954100
19.44112500
19.54108400
19.15350000
18.40300000
18.86766600
18.01400000
22.00150000
24.65704200
24.47712500
22.74945800
22.55366700
23.53320800
22.11062500
25.12779200
22.39879200
23.17500000
23.14254100
21.77950000
21.49058400
23.11254100
22.41395900
23.79816600
22.38379200
22.02370800
23.08787500
21.00725000
22.38966700
20.51191700
19.62295800
19.86150000
19.53679200
19.62437500
19.15629100
19.53741700
19.98087500
21.18529200
20.21575000
20.17650000
19.29258300
19.98587500
21.90329200
20.19362500
19.25637500
19.15679100
18.81241700
19.96120800
19.29512500
19.02441700
18.77791700
17.82054100
17.35591700
17.51758300
17.55733400
19.18783300
17.76570800
17.93337500
17.63854200
17.67958300
17.33133400
17.69412500
17.78350000
17.69250000
17.25104100
16.79016700
16.87841700
16.22000000
16.75308300
17.05512500
16.30641700
16.76258300
16.91954200
17.82916600
18.05083400
18.03725000
17.94204100
18.23025000
18.19287500
17.98225000
18.01850000
17.81062500
17.83462500
17.88400000
18.81004200
18.01600000
18.69191700
18.94358300
19.07708300
19.36333400
18.79945800
19.68154200
19.48404100
19.37900000
18.97991700
20.84687500
19.41795800
20.15658400
19.85825000
19.33141600
19.00954200
19.23833300
20.77145900
19.67387500
20.09270800
19.55437500
18.54466700
19.65608300
19.65033300
18.38879200
19.39658300
18.37262500
18.32633400
19.75258300
18.58533300
18.48816700
20.91691700
18.30508300
18.77208300
19.62275000
19.45275000
18.34462500
19.36866700
19.25975000
18.26083300
20.28875000
19.29250000
19.26891700
19.67425000
19.39675000
18.56620800
18.24137500
18.31129200
17.91720800
18.62600000
18.22445900
18.43116600
18.42741700
19.75545800
18.74525000
17.95616700
18.67833300
18.88533400
18.63158300
18.17325000
19.23195800
18.58508400
19.61841600
19.58750000
19.30366700
18.54437500
18.95304200
18.48837500
19.01183300
20.50241700
19.07108300
18.33104200
19.10066600
19.51041700
18.47329200
18.50437500
18.33733300
18.19766700
18.37704100
18.12158400
18.26645800
19.22262500
18.28695800
18.06570900
18.37750000
19.24020800
17.93029200
18.60004100
18.32487500
18.60537500
17.89387500
18.34050000
17.93379200
18.85787500
18.84008300
18.44683400
18.19612500
19.77020800
18.90645800
19.50216700
19.43470800
18.18595900
18.39004100
18.21304200
19.91633300
19.60095900
19.00041600
18.65537500
18.53195900
19.35570800
19.75045800
19.51929200
18.93508300
19.63020900
18.68466600
18.76975000
18.92933400
18.01995800
17.70433300
17.65637500
17.55970900
17.44300000
17.65166600
18.32770900
17.38541600
17.63720900
17.50845800
17.40920800
17.71704200
17.45400000
17.33145800
17.47629200
17.25312500
17.12204200
17.31995800
17.17691700
16.41516600
16.85537500
16.53229200
16.82237500
16.28445800
16.41875000
17.53979200
18.67162500
18.20800000
18.22666700
18.29662500
18.02016600
18.03591700
17.68891700
17.67737500
18.01229100
17.75337500
18.59391700
19.20862500
19.24220800
19.25391700
19.36725000
19.09791700
19.07708300
19.40979200
19.32458300
19.30366700
19.35741600
19.09795900
19.25250000
18.68929100
19.00116700
20.08816700
18.57612500
19.10208300
19.10275000
20.08350000
19.81158300
19.18962500
19.93387500
18.83108400
19.61783300
19.56408300
19.58158400
19.33812500
18.75475000
18.22308300
19.35500000
19.17191700
19.51395800
19.03058300
19.55583400
19.54541600
19.22262500
18.92800000
20.48945900
21.69050000
19.70254100
19.18287500
18.88608400
19.80300000
19.76550000
19.48366600
19.38829200
18.99983300
19.50729200
19.51820800
18.96620900
18.25533300
19.21158300
18.95387500
19.34858400
19.25137500
19.57462500
19.15725000
20.04641600
19.20533400
18.55295800
18.51795800
19.08437500
19.08300000
19.00895900
20.24191600
19.31545900
19.65779100
18.89925000
19.09904200
18.80879200
19.46916600
19.60487500
19.35666700
19.31183300
19.85112500
20.32741700
19.12295800
19.32370900
19.58754100
19.29004200
19.39941700
19.46425000
18.21183300
18.93975000
18.15645800
19.15425000
19.61379200
19.14045800
18.98495900
19.67758300
19.33395800
18.08270900
19.33575000
19.68579100
21.08804200
21.97179200
19.93041600
19.84229200
19.25025000
19.32554200
19.44775000
19.33450000
19.65758300
19.10575000
19.10441700
19.52170800
19.30287500
19.13104200
19.00050000
19.18729100
19.28354200
19.16904200
19.51283300
18.98470800
19.74462500
19.16487500
19.17191700
19.98354200
19.35112500
18.80816600
18.49158400
20.07750000
19.96812500
19.55450000
20.17187500
19.33591600
18.98808400
21.36591600
19.30687500
18.80295900
19.33075000
18.73175000
18.70041600
18.84250000
17.68845900
17.11058300
17.34725000
17.26054200
17.23612500
17.40145800
17.33941700
17.11037500
17.21095800
16.71220800
18.08329200
19.11266700
17.51491600
17.26216700
17.31895800
17.43616700
17.70304200
17.65458300
16.59691700
16.53629100
16.49179200
16.21225000
16.42958300
17.40662500
17.78875000
17.96829200
17.75558300
17.62437500
17.73737500
17.49487500
20.10891700
20.85520800
19.57291700
19.39637500
19.36645800
19.48979200
18.62945800
20.34425000
20.24525000
19.71737500
19.50595900
19.22929100
19.59445900
19.47991600
19.14616700
18.14804200
19.76666600
20.20900000
19.57137500
19.91775000
19.71362500
19.45700000
18.53395900
19.21845800
19.19529200
19.22683300
19.07741700
19.04712500
19.64850000
19.04783300
19.96062500
19.36675000
19.32754200
18.24950000
19.34970800
17.60983300
19.03862500
19.94620900
18.50425000
18.03925000
19.68041600
18.84762500
19.82470900
19.65191600
18.21233400
19.23925000
19.16729100
19.02391700
19.37820800
18.94195900
19.19504100
19.28008400
19.11237500
18.92937500
19.96933300
18.91241700
18.18404100
20.71245900
19.58412500
19.19783300
20.35062500
19.34566700
17.78779100
20.48670900
20.26595800
19.40483300
18.64562500
18.95095900
19.61466600
20.98533400
20.14058300
18.85866700
19.77779100
20.16245900
19.00141600
20.29679200
19.88708300
19.73783400
19.90766600
19.56691700
19.84341700
20.50316600
23.11883400
17.93454100
20.14495900
17.64145800
21.61287500
17.73395800
19.55358400
17.74775000
19.80266600
17.58116700
19.51887500
21.03404200
20.66695800
20.44983300
20.53587500
20.41016700
20.70137500
20.31687500
20.09070800
20.34850000
20.61154200
20.35470800
20.46479200
20.56858300
20.37212500
20.55550000
20.88300000
20.73395900
21.11233300
20.47245800
20.31320900
20.72679100
20.73983400
20.51733300
20.83875000
20.21391700
19.38141600
22.78458400
20.17525000
20.61162500
21.21712500
20.25133300
20.52329200
20.48575000
20.48979100
21.22670900
20.20395800
19.94583300
19.81187500
19.90533400
19.56725000
19.57837500
19.70141600
18.12316700
18.15308300
18.34741700
18.15220800
18.09833400
18.33737500
18.08150000
18.13350000
18.35550000
18.05279100
18.12154200
17.95087500
19.71841700
18.06408300
18.29233300
18.19616700
17.58866700
16.82875000
17.05145800
17.20400000
17.01650000
18.31862500
17.74708300
19.89966700
18.40708300
18.67812500
18.79625000
19.10854200
18.44237500
18.72737500
18.43379200
18.64425000
20.24183300
20.60512500
20.37416700
19.50745800
21.77425000
20.81729200
19.32587500
19.17575000
21.03950000
20.39233300
19.95412500
21.19358300
20.13100000
20.10941700
20.68437500
20.47383300
20.43475000
20.17066700
19.99979200
20.25500000
20.25933300
20.05183300
20.05529200
20.51112500
20.20683300
20.30054200
20.36370800
19.93366700
19.24016700
20.52770800
20.14616700
20.26350000
20.30487500
20.17008300
19.01525000
20.17345800
20.01708400
18.94500000
19.66083300
19.97062500
19.10375000
19.92475000
19.60808300
18.97562500
19.42745900
20.60258300
20.20875000
19.28575000
18.53408300
20.23795900
20.64887500
19.98833300
19.34108300
19.72137500
20.76770900
20.24166600
20.54200000
20.02504200
19.56233300
19.97895900
20.37262500
20.54383300
19.23937500
20.23962500
20.39879200
20.32979100
20.02733400
20.40287500
19.83595800
19.76808300
19.39000000
18.91575000
19.78370900
20.09545800
19.03920800
18.80216700
19.76487500
22.11320800
20.02075000
20.07187500
20.19487500
19.71791700
20.21845800
19.98983400
19.98162500
20.23608300
19.17954200
18.50204100
19.88250000
19.84012500
19.42745900
20.65316600
20.12466700
20.19704200
20.01508300
19.96804200
20.02891600
19.73858400
19.28937500
19.84220800
20.46691700
19.65504100
20.08412500
19.99783400
19.79525000
19.36158300
20.16400000
19.26987500
20.32570800
19.86179200
19.74175000
20.02487500
21.84408300
19.22829200
19.79158300
20.18825000
19.30737500
20.52666700
21.48233300
19.66325000
19.66766700
19.34120800
19.36758400
19.65716600
19.38500000
18.65937500
18.70341700
17.78829200
17.66304100
19.07775000
22.71416700
26.48283300
23.21395900
25.57779100
28.04550000
25.38075000
23.60012500
22.99150000
23.62541700
23.98700000
23.23991700
22.78341600
22.26562500
25.44704200
21.86804200
24.33000000
22.47354100
23.46875000
23.37637500
22.63937500
21.75541700
24.57633300
22.39008400
22.32362500
22.92333300
24.46379200
20.88654100
21.01916700
21.77495800
20.38358400
21.58062500
21.56375000
21.62241600
21.18579200
21.53954200
20.37100000
20.65075000
20.68504100
21.57587500
21.03129200
20.96229200
21.40045800
21.07991700
20.83620800
20.95691700
20.29004100
20.09712500
20.59933400
20.28362500
20.68087500
22.62354100
24.28679200
24.23462500
25.16687500
25.55075000
21.20820800
23.94700000
21.43712500
24.13945900
22.43100000
22.02066600
22.22191700
23.59829200
22.82533300
20.38487500
19.58820800
22.07904200
21.24595800
20.71866700
21.19925000
20.79045800
21.15533400
21.88950000
20.68075000
20.60920800
20.65683300
20.37754200
20.94212500
21.27716700
19.71270800
21.46745800
20.29325000
20.14083400
20.18250000
22.94908300
20.35420800
20.80279200
20.46491700
20.68754100
20.83229200
20.90037500
20.16591700
20.29795800
20.65200000
20.12841700
21.18541600
22.80300000
22.44733400
22.65304100
22.34420900
21.92320800
20.89462500
20.43825000
19.64479200
20.21254100
19.90858400
20.70916600
20.05691700
20.45304200
19.91387500
20.82108300
20.76375000
20.04820800
19.33862500
22.00762500
20.71087500
22.50775000
20.82162500
20.19633400
20.87929100
20.77820900
20.20291600
20.67558400
19.39620800
21.51279200
21.20833300
20.56983300
19.97841700
20.81091700
20.16645800
20.29262500
22.02520800
20.53012500
20.30691700
21.03491700
20.86337500
22.72812500
21.92045800
23.35058300
20.28954200
20.21600000
19.84500000
19.68820800
20.15458400
20.58345800
19.73962500
18.33900000
17.95466700
19.37291600
18.22925000
17.48550000
18.09645900
19.90583300
18.30795800
17.89362500
19.01137500
19.66104200
18.25654200
18.47729100
18.64787500
19.41291700
18.87762500
18.60416700
18.38645800
18.55491700
20.53208300
19.26741700
18.94745800
19.12700000
19.37591700
19.85391600
19.26870900
19.69883300
21.91525000
19.22187500
20.51079200
19.69679100
21.05229200
20.47366700
20.24858300
20.46316700
20.12075000
21.62570800
20.56916700
21.07025000
20.65033300
20.49945800
20.03058400
20.17741600
20.16116700
19.11966700
21.43725000
20.25645800
20.19183300
20.01212500
19.79125000
19.17366700
20.05050000
19.75191700
19.91425000
19.49587500
17.88216600
21.63875000
18.81895900
19.82937500
20.08487500
20.71654100
19.65512500
19.83741700
19.86645800
21.02591700
19.93120800
18.86025000
19.94441700
20.39750000
20.93829200
19.75637500
19.93908300
20.63662500
18.82816700
20.38812500
20.14670800
20.02808300
19.82154200
20.12629200
20.09950000
20.06416600
19.77404200
19.88641700
20.49716600
19.98370900
19.80345800
20.67879200
20.24054100
20.78670900
18.98345800
19.84416700
20.49616600
19.20216700
18.88337500
20.37100000
19.13908300
20.42729200
20.56216700
18.91400000
20.36891600
19.15391700
19.98087500
19.98729200
20.19220800
20.03291700
19.62650000
20.50558300
20.28925000
20.16729200
19.24420800
20.67445800
19.28308400
18.56533300
20.16854200
20.85808300
20.14587500
20.04441700
18.64033300
19.26341700
20.63641600
19.81062500
20.03125000
19.97054200
19.54445800
20.17266700
19.80500000
19.72833300
19.79975000
19.89745900
19.92225000
19.81725000
19.92275000
19.62391600
19.85462500
19.59891700
20.57616700
19.91362500
19.81925000
19.99562500
20.19579100
19.94375000
19.98545900
19.91320800
20.01241700
20.53012500
20.01737500
19.88991600
19.77812500
19.53587500
19.47841700
19.70900000
19.36312500
19.56750000
19.28979200
18.07466600
17.80566700
18.03208300
17.97708400
17.73795800
17.96454200
17.82108300
18.27008300
18.26033400
17.79254100
17.93320900
18.07662500
18.27458300
20.33370800
20.20695900
19.30541600
18.51029200
18.48500000
18.34966700
18.48312500
20.64295800
20.16262500
19.68241700
20.11400000
20.00891600
19.81550000
19.89825000
19.20041700
19.91062500
20.05783300
20.09379200
20.03575000
20.00145800
20.23800000
20.28187500
20.37304200
20.09783300
19.99387500
20.35350000
19.67925000
20.79837500
20.11845900
20.27041600
20.29075000
20.11291700
19.80287500
20.30320800
19.71137500
19.98304200
20.00154200
19.88804100
19.87091700
20.28416700
20.00770800
19.82087500
20.11729200
19.79995800
19.78941700
20.45845800
19.94045800
19.70204200
19.23200000
22.53166700
20.66945800
20.25370800
20.40329200
20.60612500
20.80987500
20.43720800
19.91558400
21.50491600
19.96437500
19.92425000
20.15720900
21.76579100
19.99920900
20.41662500
19.75979100
20.28037500
20.30187500
20.28212500
20.26820900
19.80266600
20.00154200
19.98166700
20.00787500
19.81687500
19.73045800
20.21520800
19.57791700
19.71745800
18.88175000
19.67187500
18.56825000
18.62204200
19.51750000
18.85400000
18.23912500
19.79595800
19.86787500
19.64541700
19.58704200
19.70962500
17.40637500
21.53254100
18.01554200
19.97941700
18.44858300
20.54891700
19.16529100
19.71500000
19.94483400
19.95600000
20.66854100
18.91054200
19.33637500
18.55941700
21.82808300
20.11262500
20.20595800
20.23012500
20.52962500
20.42795900
20.42237500
20.20637500
19.57495800
20.16079200
19.92283300
19.90366700
19.93350000
19.46545800
18.93291700
18.48583300
19.92470800
19.56375000
18.32866700
19.70991700
19.66783300
18.55254200
19.89175000
18.82429100
19.59616700
19.56733300
19.05466700
19.56537500
19.59391700
19.29725000
21.90787500
18.84987500
20.58495800
19.28091700
19.21808300
19.68258300
19.12354200
17.71029200
17.81862500
17.13941600
19.27983400
18.11512500
18.43050000
17.88566600
18.27354200
17.66062500
18.86766700
18.53233300
17.90233300
18.00070900
20.04558300
18.09004200
18.51954100
17.79166700
18.36825000
18.48487500
18.56416700
18.17412500
17.75291600
18.69829200
18.56937500
18.22900000
18.46983300
18.17070900
18.39562500
18.54583300
19.83300000
19.80975000
18.87200000
20.00495800
19.67320900
19.52566600
19.57537500
19.73225000
19.64116700
19.59079200
18.99716600
19.35187500
19.47300000
18.17908400
21.80229100
19.18562500
21.24316700
19.75450000
19.55054200
20.25754100
19.71612500
19.64079200
19.85683300
19.14658400
21.31487500
20.73183300
20.09433300
20.15225000
20.47154200
19.60787500
20.68329200
19.80862500
19.86545800
20.26637500
22.49291700
20.49191600
19.90275000
20.77341700
20.60216700
20.27491600
20.49591700
20.49250000
19.85279200
20.07666600
20.27691700
19.85579200
20.02937500
19.91725000
19.91287500
20.18870800
19.98962500
19.83987500
19.72400000
19.81358300
19.86308400
19.76800000
20.13175000
19.73758300
19.68666700
19.63291600
19.61475000
19.63441700
19.97333300
18.85858400
21.55250000
19.63225000
19.77587500
20.74262500
19.48483300
20.40579200
19.94187500
19.73545800
19.87145800
19.21637500
21.48908400
20.13529100
20.06820900
19.88254100
20.77933400
19.69037500
19.81362500
20.11283300
20.60675000
20.33541700
20.25958300
19.92870800
19.83137500
21.18520900
20.09633300
19.82791700
20.73275000
20.40050000
20.13104100
20.34008400
20.20112500
20.11908300
20.02570800
20.39495900
19.82458300
20.27687500
20.01229200
20.26025000
20.51925000
20.00729100
19.61195900
20.07620800
19.63637500
19.77287500
19.96612500
19.38379200
19.84287500
19.63970800
19.68641700
19.97954100
19.88050000
19.67491700
20.07287500
20.25187500
19.54270800
20.08333400
19.88383300
19.56029200
19.97333300
20.50541700
20.11708300
19.80562500
19.23754200
18.91320800
20.30083300
19.64050000
19.16520900
19.59866600
19.09045900
17.90866600
18.26870900
17.79845800
17.70716700
18.48633300
18.43100000
17.89404200
18.09687500
18.32554100
17.76654200
18.41433300
17.98045900
17.59995800
17.93816700
18.06637500
17.55691600
18.27866700
17.92279200
17.92020800
18.03600000
18.31387500
18.24345800
18.80908400
18.40441600
18.08583400
18.84850000
18.73808300
18.43829200
18.71637500
18.67716600
20.03837500
19.95675000
19.88137500
19.88595900
20.12808300
19.99220800
20.22133400
20.14095800
20.05091700
19.95775000
20.02225000
20.06125000
20.19695800
21.29079200
22.63262500
20.41708300
27.17350000
26.65908300
28.01020900
27.00429100
25.93129200
24.66166700
27.06045800
29.30650000
25.96641700
26.35429100
27.95629200
27.48566700
27.82791600
26.58200000
26.84475000
26.26387500
26.13895900
25.93245800
29.29954200
26.70120800
24.56850000
24.09829200
24.45354100
23.76795900
26.29275000
25.93937500
25.39291600
26.87145900
23.29470800
22.39475000
23.33495800
22.28783400
25.06154100
24.15766700
26.08095800
26.58725000
25.97095900
25.12712500
24.11487500
25.75762500
30.02675000
27.02254100
25.09875000
23.63670900
24.88075000
25.88125000
24.39708300
24.05229200
24.75637500
111.08304100
40.90020900
27.94516600
28.58137500
28.16433400
25.09850000
25.53512500
25.41995800
25.86616700
25.80437500
24.18262500
22.81741600
23.66750000
22.80404200
22.65041700
23.00925000
22.95104100
23.39870900
23.11300000
22.12612500
22.32629100
22.42600000
22.03716700
20.99408300
20.34254200
19.71054200
20.07108300
20.25662500
21.14429200
21.97616600
20.55504200
20.23166700
20.20462500
20.42225000
19.97225000
20.05458300
20.58370800
21.20191700
20.28595800
19.79858400
21.32358300
20.05512500
19.99629200
20.12208300
22.68862500
21.28204200
22.27950000
21.41220800
21.50741700
19.78800000
20.21616600
19.94487500
19.43275000
19.80425000
19.75733400
19.41945800
19.91950000
18.27429200
18.03808300
17.96150000
17.82170800
17.76020900
17.79850000
17.87070800
17.51604200
17.66008300
17.82891700
17.64870800
17.74895800
17.62720900
17.49179100
17.86329200
17.85091700
17.03308300
19.20637500
17.84870800
18.35004200
17.95837500
18.87433300
18.27066700
20.43841700
19.80191600
20.07433400
18.79612500
21.30329100
20.16554200
20.07970800
19.86033400
20.01154100
21.20308400
19.84754100
20.19341700
20.43429200
19.80591600
19.82908400
19.61625000
20.00641600
20.18129200
19.34712500
20.75933300
19.31270900
19.69370800
19.43604200
22.42412500
20.34229100
19.88375000
19.58870900
20.12533300
20.04283300
20.23166700
20.18320800
19.97479200
19.88829200
19.71408300
19.63350000
19.76441700
19.77666600
19.91133400
19.77508300
19.78841700
19.52216600
19.55645900
19.51837500
19.90550000
19.75966600
19.74170900
19.12379100
19.52295900
19.78062500
19.30620800
20.30237500
20.14666700
18.75962500
21.33833300
21.50066700
20.64504100
21.58679200
21.76491700
23.25770800
22.89750000
21.10954200
20.77608300
19.71508300
22.23358400
19.40358300
20.00258300
20.03583400
21.93904100
20.44870900
20.07466600
19.46679200
21.45858300
20.37208400
20.54045800
20.74412500
20.02637500
21.63662500
19.58645800
19.56812500
19.68133400
19.62133300
19.48500000
18.87937500
20.84737500
19.86262500
19.95195800
19.45250000
19.83979200
19.40600000
19.36895800
19.19362500
19.93045900
19.61016600
19.37283400
19.53783300
19.80808300
18.72629200
21.70095800
19.64629200
21.46045800
30.79891700
28.06245800
28.84062500
28.49295900
22.84287500
28.31666600
27.37737500
22.86216700
21.93733300
21.88516700
21.65887500
21.74787500
23.34104200
22.16562500
22.03212500
21.61650000
21.60016600
21.86325000
21.67554200
21.90491700
21.74145800
19.79800000
20.43183300
22.19191700
21.09754200
20.88475000
19.94379100
19.40116700
19.21854200
19.18295800
19.21029200
19.28370800
18.33479200
20.42304100
17.26970900
19.09091600
17.92341700
17.61041700
18.09475000
17.92504100
17.61658400
18.11716600
16.89537500
19.34933400
18.14641600
17.94525000
18.47016700
18.84700000
17.99458300
17.91308400
18.12237500
18.12900000
18.12479100
18.87775000
18.49275000
18.83395900
22.57008300
18.81187500
19.05437500
18.76158300
21.76779200
19.94241700
20.27316600
19.96991700
20.16095800
20.10775000
19.77820900
19.85875000
20.11341600
19.94812500
20.03229200
20.37225000
21.01866700
20.68554100
20.37825000
20.56229200
20.25641700
20.26520800
20.03950000
20.46950000
19.99320800
20.19750000
21.26279200
20.86162500
20.66450000
20.44641700
20.05475000
20.13591600
21.57220900
20.70450000
21.86816600
21.41120900
20.95262500
17.72858300
20.86095800
18.31358400
21.73529100
19.71500000
20.43258400
17.57441600
20.36362500
17.48395900
19.80912500
20.85495800
20.25270800
21.44895900
21.13345800
20.27208300
19.87620900
20.51054100
20.17087500
20.41000000
20.16337500
19.90995900
19.50770800
19.55391700
19.33733300
19.46379200
19.41112500
19.26104100
19.30841700
19.57116700
19.57016600
19.43733400
19.48883300
19.08437500
19.12645800
19.47000000
19.08437500
19.90175000
19.24550000
19.03933400
19.39291600
19.02770900
19.06037500
19.50825000
19.40800000
19.91625000
18.95154100
19.20312500
19.24566700
19.17379200
20.00012500
19.48512500
19.14420800
18.97995800
18.49150000
20.85741700
21.69375000
26.96300000
36.77158300
35.82729200
29.55220800
32.73187500
27.10187500
29.00950000
28.27050000
25.77045900
25.54500000
25.38458300
24.73745800
24.60283400
24.59979100
24.04795900
23.39137500
23.88762500
24.32050000
25.90450000
27.65450000
27.07887500
25.93600000
28.97291600
25.96983400
23.85012500
22.07079100
20.98483400
21.42404100
21.41475000
21.10633400
20.57441600
19.42370900
19.31645800
19.73491700
19.05583300
18.67287500
19.30504200
18.97391600
18.45433400
18.21745800
17.35162500
17.60616700
17.53437500
17.66829100
17.39000000
17.44070900
17.30204100
17.31141700
17.23112500
17.00720800
18.18391700
17.62258300
18.41012500
19.38600000
19.58195900
19.45620800
19.38737500
19.59600000
19.41683300
19.31254200
19.49991700
19.37816600
19.42241700
19.46975000
19.05375000
19.18475000
19.10262500
18.58300000
19.47904200
19.54845800
19.41883300
19.08637500
18.18525000
19.11600000
19.25687500
19.42004200
18.98554200
19.82700000
19.45958300
19.20908300
19.18729200
19.45687500
19.30608300
19.26404200
19.25204200
19.07912500
19.47316600
19.16987500
19.07300000
19.29362500
19.37987500
19.31154200
19.73483300
19.29433400
19.04720800
19.09416700
20.27683300
18.95741700
19.37333300
19.57054200
19.22816600
19.37295900
21.08729100
20.33925000
21.55516700
21.72504200
21.30904100
21.18695900
21.04720800
21.00004200
21.36770800
20.10579200
19.80029100
21.12487500
19.94408400
19.37650000
19.13975000
19.83687500
19.56062500
19.08908300
19.10175000
20.00158300
19.91533400
19.57454100
20.61945900
19.48029100
19.29454200
19.84379200
19.58120800
19.03570800
19.78075000
19.84183400
19.24791600
19.77450000
19.64120900
20.15041600
19.79058400
18.96812500
19.77433300
19.37862500
19.01445800
19.12991700
19.12375000
19.44900000
19.26495800
19.53691700
20.07870800
20.38070900
22.15029100
19.98616700
19.63004200
21.25204100
22.45283400
20.20600000
21.88700000
20.16225000
20.86995800
21.91233300
19.29762500
18.86720900
19.49904100
20.91354200
19.93150000
20.17154200
19.43158300
19.33370800
20.38912500
19.61454200
18.82429200
19.97091600
20.21229200
19.45220800
19.76287500
20.09733400
19.64525000
20.79295800
20.11925000
18.94858300
19.47625000
20.87837500
19.75595900
18.92037500
18.97041600
19.49358400
21.18258300
20.72287500
20.63500000
19.75683300
18.99495900
19.49541600
18.37054200
18.56687500
18.78933300
18.58116700
18.47716700
19.31983300
20.13191700
18.93937500
17.41020800
17.95708300
17.64329200
17.98362500
17.18808300
18.28429200
17.54091700
17.63912500
17.78562500
17.78658300
17.20362500
17.54883300
17.58575000
17.34695900
17.52791600
17.60670900
18.10141600
18.73929200
19.60758300
19.39058400
19.65954100
19.15083400
18.95533300
19.04391700
19.05516600
18.58400000
19.03816700
19.40195800
18.26625000
20.08991700
19.93612500
19.20362500
18.89008300
19.43487500
18.88145900
19.04012500
19.26725000
18.59550000
18.90900000
19.15879100
18.90491700
19.44012500
19.18895800
18.26762500
20.02358400
20.62970800
18.90454200
19.56954100
19.02700000
19.01537500
19.78833400
19.32233300
19.66404200
19.79329100
21.02270900
19.55520800
19.70854200
21.10295800
20.66325000
20.26645800
19.62995900
19.35887500
19.14233300
18.49095800
19.30662500
19.78379200
19.16770800
18.88800000
19.40933400
19.08637500
18.63816600
20.12683400
19.67312500
18.70300000
19.54420800
19.67870800
17.76062500
20.67312500
20.40850000
18.77470900
19.02325000
20.83500000
19.88129100
19.46041700
19.79341700
18.93341600
20.01545900
19.17979100
21.96391700
26.84404200
24.94141600
28.32441700
28.40408300
31.40208400
23.55520800
22.26704200
21.59150000
21.29475000
21.18820800
21.63295800
21.85770900
21.53462500
21.53033300
21.34100000
21.75045800
23.45920900
21.90995800
19.85125000
21.43966700
18.88954100
19.58550000
17.22820900
19.30600000
17.32012500
19.66900000
16.84133300
19.41729200
20.75508300
19.93583300
19.83812500
20.40866700
20.04870800
20.33479200
20.54608300
20.70975000
20.32212500
20.61329200
20.90929200
20.32612500
20.21079100
21.08012500
20.16775000
20.85454200
20.06750000
20.17079200
20.17845800
19.74183300
20.08825000
20.16070900
20.89154100
19.91254200
20.91862500
19.61937500
25.59166700
24.45641600
25.07379200
28.66500000
24.37104200
20.79062500
23.36662500
21.54229100
20.83654200
21.18025000
21.82066700
18.95683300
20.03283300
19.59337500
19.17495900
19.47987500
19.32312500
19.05070800
19.27233300
19.44295900
17.61725000
17.08325000
17.21329100
17.26837500
17.20787500
17.37833400
17.32537500
17.16054100
17.34533400
17.27191600
17.17933400
17.13479100
17.45495900
17.82191600
17.85025000
17.81670900
17.79287500
19.15287500
19.25870800
20.65087500
24.99004200
19.29412500
19.66062500
19.84195800
19.59954200
19.68337500
19.66754100
19.71316700
19.41075000
19.94120800
19.59341700
19.19370800
19.81195900
20.20758300
21.89700000
23.29525000
23.33154200
22.87229100
22.21275000
23.27954200
23.82929200
23.98450000
22.23091600
22.03741700
22.66775000
22.19166700
22.41683300
21.73633300
21.38187500
20.78125000
21.36000000
21.66483400
27.79950000
21.84187500
21.94158300
21.54887500
21.42716700
20.39262500
20.41666600
19.56645900
19.41695800
19.84845800
20.11666700
19.93262500
20.23491700
19.41804100
19.19895900
20.40929100
19.84612500
19.64075000
20.71208400
19.42412500
19.19195800
19.68400000
19.54033300
19.83341700
20.00358300
19.62841700
21.11362500
21.02370800
21.76545900
20.46550000
19.53862500
19.56766600
20.20370900
19.75758300
19.78675000
19.34833300
19.26654200
19.47395800
21.31275000
20.04591700
20.38358300
20.01433400
19.99204100
18.83241700
20.81004200
19.31070800
19.19820800
19.07037500
21.99341700
19.50291700
19.71887500
19.64316600
19.95300000
20.11116700
19.83320800
20.01833400
20.17775000
20.41370800
19.68854200
20.08725000
20.09058300
19.86354200
20.03641600
20.09841700
19.49462500
19.27741700
19.35533300
19.15908300
20.13600000
19.81450000
19.53458400
19.21616600
19.11725000
19.23387500
19.91683400
19.41854100
19.75279200
18.33816700
21.73475000
22.27012500
19.97591600
19.49233400
19.28554100
19.83641700
21.10862500
19.21045800
19.52470900
18.34566600
23.53750000
22.57133400
22.03166600
21.04287500
19.41241700
19.66741700
19.63570800
19.21329200
19.54716600
19.03579200
20.46454200
18.99533300
19.08441700
17.70504100
19.57879200
18.06162500
17.84254200
17.16987500
18.20937500
17.94320800
17.78670800
17.98275000
17.63758400
17.50425000
17.76191600
17.62808400
17.53054100
17.60058400
17.49662500
16.81454100
19.01491700
18.04254200
18.10533300
19.48654200
19.15266600
18.76000000
19.49066700
18.92554200
19.39512500
19.47466600
19.23866700
18.92141700
19.57354100
18.41104200
21.04379200
19.06104100
20.89354200
20.03216700
19.87641600
19.61925000
20.24225000
19.75383400
20.05066600
19.41937500
21.77387500
20.21358400
20.01925000
19.87441600
19.51616700
19.61895800
19.97991700
19.67595800
21.24345900
21.27754100
20.14412500
20.21133400
19.75720800
20.34400000
19.44537500
19.58762500
19.77104200
19.13808300
18.73095800
21.21737500
19.63870900
18.98562500
21.92695800
19.69408300
19.69350000
19.91750000
19.59366700
19.17975000
19.98054200
19.86725000
20.59412500
19.90566600
20.17516700
19.79491700
19.52995800
20.90145800
19.29075000
20.09666700
19.92350000
19.57970800
19.39008400
19.71183300
20.68466700
22.44645800
21.04400000
19.18483300
19.48387500
21.27137500
20.50641700
20.23887500
20.63970800
20.18075000
19.39241700
19.37883300
19.24245900
19.82841600
19.50375000
19.50429200
20.13579200
19.23175000
20.15725000
19.88066600
20.03083400
19.40125000
19.65008300
20.09162500
19.65454200
19.22304100
19.70566700
20.39970800
19.61537500
19.84662500
20.11129200
20.32104200
19.37933300
19.22162500
19.50491700
19.23008300
19.58837500
19.98320800
19.85445900
19.09520800
19.57587500
19.88125000
20.47637500
20.08320800
20.13941700
19.19612500
20.47975000
20.82591700
20.25495800
19.77341700
19.63816600
20.52070900
20.08270800
19.46170800
21.02037500
19.68208400
21.55512500
22.26437500
20.78995800
21.07691700
20.17758300
20.22679200
19.89575000
19.06675000
19.25837500
18.53229100
18.34000000
18.16470900
21.95254100
19.72608400
20.94991600
19.62362500
19.23095900
18.01850000
17.83766600
16.84804200
19.19104200
17.80108300
17.93583300
17.73587500
17.88612500
17.55629200
16.56958300
16.63554200
16.67979200
16.39175000
16.65579100
16.51712500
16.43750000
16.41716700
16.66091700
16.65366600
16.39233400
16.52175000
16.53829100
16.44479200
16.90083300
16.68800000
16.60683400
16.60895800
16.83929200
17.55395800
18.01958300
17.21366700
20.51866700
20.06808300
19.90870800
36.58945900
19.48454100
31.93337500
38.98725000
23.80191700
23.70279200
20.38666600
21.23150000
24.78229200
28.96654200
21.81966600
24.82929200
27.79816700
29.76725000
23.07920800
22.29258300
26.19320900
25.00983300
22.94400000
23.54120800
22.39854200
23.68000000
21.14054200
20.58900000
22.54233300
21.23083300
21.20283400
21.67195800
20.56358300
21.30745900
21.22029100
22.95529200
22.87137500
25.12204200
20.76512500
21.99791600
24.49366700
21.30370800
21.25562500
21.03129200
22.66950000
20.71950000
22.22462500
22.59450000
20.37979200
21.53741600
22.88612500
21.10570900
22.18679100
20.56020900
19.78408300
20.68200000
20.78725000
20.47295800
20.48591700
21.09704200
19.90795800
22.11033300
20.25300000
28.04741700
21.45533300
20.77720900
22.26691600
20.83166700
20.78745800
20.29787500
19.76008400
19.94504100
19.91495900
19.86408300
20.11900000
19.91520800
19.73691700
19.34700000
22.89054200
20.37645800
20.84800000
21.07158300
20.68350000
20.40837500
20.28012500
19.64725000
19.61154200
21.99362500
19.12512500
22.69858300
21.65983400
20.43387500
19.19720800
22.26816700
20.45275000
20.80966600
21.75229200
22.36916700
23.55245800
24.44387500
24.77283300
22.56750000
23.90916700
20.52087500
22.29045800
20.67987500
19.29183400
19.20670800
20.70662500
19.10058300
18.78408400
19.34966600
18.29758400
17.29070800
17.44854200
18.94500000
17.54625000
17.83866600
17.37012500
17.23833400
20.16141600
17.24950000
17.21145900
17.64558300
17.43808300
17.42483400
17.10829100
18.82233400
18.45150000
18.74425000
18.54033300
18.43529200
17.97800000
18.42791600
18.91162500
19.63762500
18.74854200
20.01620800
19.59416700
18.90766700
20.65229100
19.74191700
19.55908300
19.93420900
19.88058300
19.89958300
21.38000000
20.40195900
20.08983300
21.01712500
20.96175000
20.45645800
20.82816700
19.69579200
19.55020800
20.34475000
19.47766700
20.12504100
20.64979200
20.55662500
19.87220800
20.17920900
19.61745800
19.97862500
20.01375000
19.63450000
20.79250000
19.99404200
19.93216600
19.22075000
20.64512500
20.16508400
20.07741600
20.30400000
21.59195900
22.00254100
20.84775000
19.20241700
21.11850000
20.51004200
20.99787500
20.66179100
20.49341700
19.65416700
20.58520800
19.46458300
20.25908400
20.51516600
19.34283400
20.13704100
21.17316700
20.57454200
21.08416600
21.49383400
19.69312500
19.62425000
19.89837500
20.01891600
20.81454200
21.48354200
19.95320800
19.81483300
20.43754200
19.28895800
19.55550000
21.32575000
20.07504200
21.82654200
20.25754100
20.42708400
20.24437500
20.28066600
19.69325000
19.31520900
20.54987500
19.67204100
19.50079200
22.81929200
19.89275000
20.40733300
20.30970800
19.48779200
19.39387500
20.34675000
19.58691700
19.59504100
19.90241700
19.71362500
19.70112500
19.38562500
19.54454200
19.55087500
19.38462500
19.57087500
19.94883300
19.50675000
19.58141700
20.79158300
20.10470800
20.28695900
23.55429100
20.86291700
21.64050000
19.80429200
18.98154100
19.64950000
19.08370900
18.39037500
19.25983300
19.19504200
17.87912500
18.52791600
17.50329200
17.32058300
18.55550000
17.52920900
15.94091600
18.04208400
18.77108300
16.34133300
17.16866700
18.42858300
18.38491700
16.74837500
17.23700000
18.43404200
18.26033300
17.47804200
16.57083300
16.90908300
17.74312500
16.98683400
16.76883300
17.00400000
16.65091700
16.73191600
16.47729200
18.70425000
18.46350000
18.19079200
17.32954100
18.52300000
17.32058400
18.54191600
17.25683400
18.16458300
18.15345800
18.59054200
17.45333300
17.31637500
20.26475000
18.56716700
16.74425000
18.60504200
17.68633300
21.70912500
20.85079200
19.22087500
21.32629100
20.58512500
23.73420900
21.36475000
23.19279100
25.05820900
