22.21016700
11.14350000
22.90141600
10.44308400
22.15258300
11.23362500
22.14854200
11.22079100
22.03120900
11.31283300
22.19133300
11.18366700
22.22241700
11.16095800
21.97758300
11.38054200
22.26704200
11.09383300
22.50470800
10.87470900
22.16383300
11.19175000
23.14950000
10.16583300
22.94991700
10.45770800
22.15637500
11.02795900
21.85504100
11.69054200
21.84537500
11.53737500
21.70979200
11.64437500
21.71529100
11.64862500
21.72691700
11.65362500
21.87870800
11.29462500
21.85695900
11.68979100
21.84225000
11.53795900
21.75804100
11.41558400
21.70166600
11.84804200
21.47641700
11.90491600
21.71750000
11.64666700
21.11995800
12.07954200
21.09270800
12.43841700
21.07862500
12.09466700
21.22629100
12.31691700
21.05970800
12.13120900
21.00408300
12.55866700
21.20579100
12.14341700
21.03658300
12.32929200
21.31170800
12.07691700
21.13700000
12.22612500
21.09179200
12.25541600
20.96745900
12.40662500
21.00462500
12.35679100
20.67454200
12.68350000
20.57737500
12.81683300
20.65245900
12.51662500
20.63420800
12.73241700
20.66579100
12.69987500
20.59620900
12.95520800
21.11062500
12.07145800
20.95687500
12.60545900
20.98129100
12.37000000
20.67362500
12.69379200
20.73929200
12.64504100
20.75350000
12.61033400
21.09700000
12.25366600
21.06958400
12.31237500
21.09904100
12.28883400
21.20212500
12.12795800
21.23595800
11.95066700
21.56087500
11.98550000
21.47129200
11.72683300
21.68508300
11.85350000
21.71529200
11.46833300
21.56983400
11.97525000
21.31083300
12.05620800
21.24025000
12.14633400
21.39425000
11.94320800
21.65758300
11.71562500
21.67208400
11.72854100
21.47629200
11.85891700
21.66220800
11.70508300
21.53891700
11.85129200
21.67337500
11.67454100
21.71379200
11.64741700
21.62570800
11.75916700
21.50891600
11.66116700
21.98141700
11.55800000
21.99558300
11.39533300
21.78191700
11.56462500
22.11729200
11.24987500
21.73887500
11.64908300
21.61183300
11.76029200
21.62962500
11.71137500
21.79645800
11.59516700
21.67712500
11.67925000
21.50241700
11.85304100
21.49295900
11.88945800
21.38895800
11.97245900
21.55495800
11.80062500
21.40091700
11.96970800
21.34783300
12.05033400
21.62712500
11.70054100
21.84341700
11.34525000
21.74179200
11.83437500
22.06845800
11.27612500
22.32579200
11.03379100
22.39995900
10.98841600
23.10533400
10.24225000
21.70991600
11.66700000
21.65220900
11.72183300
21.84275000
11.51179200
21.77387500
11.59362500
21.77162500
11.61225000
21.91320800
11.43920800
21.74450000
11.49345900
21.92416600
11.58366700
22.04920800
11.31000000
21.86125000
11.47883400
22.42454100
10.95200000
22.48670900
10.89758300
21.32183300
12.02325000
21.37562500
11.81929200
21.25412500
12.29554200
21.45570800
11.88562500
21.29154200
12.09450000
21.39250000
11.79695800
21.55775000
11.98833300
21.33558400
12.02300000
21.44537500
11.93800000
21.06070800
12.11466700
20.96591600
12.57629200
20.84600000
12.54254200
20.98700000
12.27770800
20.87787500
12.56562500
21.33245800
12.05533400
20.98683300
12.36608300
21.08375000
12.27645900
21.20100000
12.18920800
21.22695800
11.94754200
20.65366700
12.87762500
21.12366600
12.07345900
21.11404100
12.44266700
20.97491700
12.38295800
20.89904200
12.48020800
20.61091700
12.75429100
20.72516700
12.62466700
21.45362500
11.93741600
20.99891700
12.35950000
20.93362500
12.42295800
20.98079200
12.20333300
20.97125000
12.39550000
20.76300000
12.77704200
21.07354200
12.16187500
21.22554100
12.10166700
21.18883300
12.35570900
21.17833300
12.01662500
21.51962500
12.03570800
21.63854200
11.72058300
21.84904200
11.32883300
21.46162500
12.09850000
21.27104200
12.08029200
21.44995800
11.75041700
21.52216600
11.83133400
21.62045800
11.96404200
22.06737500
11.25462500
22.00704100
11.37966700
21.88045800
11.29420900
21.47883300
11.90112500
21.23900000
12.31916700
22.52370800
10.83445800
21.51012500
11.66020900
21.67562500
11.88229100
21.68358400
11.69187500
21.28525000
12.06383300
21.43241700
11.75975000
21.29741600
12.19312500
21.02670900
12.21812500
20.88212500
12.65516600
21.15791700
12.02700000
21.09979200
12.26858300
20.77387500
12.75750000
20.97850000
12.41458300
21.14829200
12.20225000
21.17570800
12.18883400
21.12750000
12.26237500
21.51212500
11.83608300
21.48504200
11.88029100
21.54287500
11.84154200
21.47891700
11.87654100
21.30825000
12.05091700
21.30787500
12.07704200
21.39170800
11.95500000
21.28670800
12.08204200
21.42995800
11.94866700
21.58441700
11.78066600
21.61391700
11.56491700
21.64925000
11.91325000
21.42591600
11.74512500
21.21316700
12.33179200
21.20462500
12.18387500
21.14991600
12.02187500
21.04029200
12.50370800
21.03887500
12.33966700
21.56154200
11.83525000
22.10237500
11.03970800
22.25033300
11.30058400
22.27537500
11.10862500
22.00441600
11.34645900
21.85320800
11.51008300
21.80333400
11.38070800
21.74875000
11.61787500
21.96483300
11.58995900
22.01962500
11.36670800
22.38400000
10.96754200
22.15737500
11.20891600
22.00195900
11.37487500
21.95666600
11.39829200
21.91020800
11.44391700
21.89587500
11.29266700
21.90695800
11.64825000
21.86591700
11.48775000
22.64816600
10.71570900
22.34708300
11.04179200
21.42033300
11.92762500
21.59175000
11.78920800
21.83670900
11.33950000
21.87979100
11.66837500
21.84962500
11.33545900
21.48504100
11.89020900
21.35125000
12.00683300
21.49933300
11.86737500
21.49795900
12.06462500
21.46145800
11.86275000
21.61529200
11.77387500
21.48387500
11.71491600
21.73637500
11.77262500
21.77391700
11.61662500
21.67825000
11.71191700
21.32754100
12.01970900
21.55016600
11.63829200
21.51904200
12.03787500
21.59616600
11.75866700
21.27366700
12.10145800
21.35929200
12.02650000
21.63908300
11.69275000
22.03300000
11.34391700
22.15845800
11.23729200
22.23445800
10.94804200
22.25541600
11.27558400
22.27991600
11.09550000
22.44762500
10.92629200
22.20250000
11.13750000
22.08083300
11.10570900
22.18733300
11.39145800
22.18666700
11.15112500
22.22983300
11.15245900
22.15679100
11.22487500
22.28679200
11.05037500
22.13095800
11.10645900
21.91129100
11.61108400
22.12425000
11.21562500
21.68220800
11.68287500
21.35595800
12.04750000
21.52341700
11.81391700
21.32212500
12.04512500
21.33966600
12.04616700
21.88800000
11.44700000
21.48000000
11.90250000
21.31245800
12.07270900
21.29533300
12.04162500
21.33254200
12.04029100
21.36575000
11.81195900
21.29083300
12.28154200
21.30604100
12.03912500
21.35154200
12.04000000
21.49083300
11.87345900
21.57266600
11.78100000
21.49562500
11.67970900
21.61275000
11.95895800
21.58962500
11.75816700
21.51004100
11.87600000
21.48179200
11.88775000
21.36675000
11.97641700
21.37945800
11.97816700
21.56241600
11.82541700
21.52116700
11.83441600
21.47154200
11.89954200
21.53812500
11.64129100
21.70704200
11.83129200
21.29233300
12.08754200
21.44258300
11.94316700
21.53154100
11.80700000
21.47679200
11.89433300
21.44962500
11.73420900
21.15754100
12.20650000
21.28070900
12.27991600
21.62650000
11.74879200
21.52133300
11.65633400
21.23491600
12.12741700
21.13508300
12.42333400
21.39412500
11.97162500
21.06904100
12.28862500
21.34358400
12.03291600
21.24454200
12.12795800
21.26104200
12.07579200
21.41129100
11.98616700
21.77116700
11.55191600
21.42966700
11.96954200
22.07729100
11.29445900
22.25495800
11.12775000
22.09320800
11.24170900
21.84804100
11.53179200
21.93870800
11.44345900
22.02295800
11.12862500
21.79104200
11.77425000
22.14525000
11.23920800
22.15479200
11.19295800
22.15408300
11.20462500
22.24566700
11.15450000
22.33775000
10.99741700
22.26245800
11.04750000
22.38687500
11.05754200
22.45612500
10.89770800
23.02175000
10.29100000
22.94550000
10.27554200
22.73954100
10.83533400
22.27637500
11.07158300
22.00425000
11.37833300
22.04850000
11.32012500
22.08391700
11.26308300
22.13229200
11.25179200
22.36366600
10.99929200
22.04000000
11.26912500
22.12245800
11.10058400
22.00650000
11.36000000
21.99062500
11.55783300
21.97225000
11.22283300
21.92950000
11.44033400
21.79537500
11.56012500
21.62254100
11.74445900
21.26233300
12.14758300
21.32050000
12.18704200
21.61241700
11.75587500
22.14266600
11.27095900
22.26512500
11.04658300
21.91070800
11.28441700
22.09533300
11.47454200
22.07516700
11.25587500
21.99808300
11.38391700
22.00237500
11.24929100
21.68795900
11.78733300
22.06975000
11.30083300
22.16933400
11.20979100
22.18487500
11.10375000
21.98408400
11.26087500
22.07495800
11.51654200
22.26279100
10.87712500
22.25004200
11.11637500
21.80879200
11.76820800
20.84045800
12.54150000
20.67620900
12.46483300
20.83375000
12.73470800
20.90529200
12.47100000
21.16441700
11.99087500
22.20179100
11.34141700
21.63804200
11.76625000
21.59054100
11.56187500
21.27212500
12.10029200
21.03908300
12.53316700
21.14129200
12.19954100
21.19904200
11.98241700
21.18204100
12.39358400
21.34145800
11.99491700
21.11516600
12.26375000
21.00595900
12.37508300
21.06945800
12.28145900
20.85504100
12.52120900
20.94450000
12.43637500
21.05975000
12.28454100
21.08883400
12.28308300
21.05787500
12.32358300
21.28375000
12.08020900
21.02191600
12.19075000
21.02037500
12.29179200
21.23679200
12.33725000
21.72750000
11.62529100
21.18079200
12.17770800
21.22241700
12.17362500
21.17845800
12.12633400
20.89333300
12.32841700
21.13420800
12.43108300
21.29862500
11.86279200
21.25191700
12.30412500
21.27458300
11.90137500
21.27575000
12.27545800
21.13037500
12.24245900
21.34575000
12.02133300
21.22600000
12.14233300
21.14291700
12.22166700
21.30829100
12.08191700
21.27962500
12.06145800
21.21516700
12.15079200
21.20779100
12.18504200
21.22683300
12.12062500
21.64633400
11.71083300
21.77533300
11.43133400
21.82275000
11.51962500
21.91091600
11.64858400
22.22300000
11.16429100
22.47212500
10.88733400
21.98612500
11.37583300
22.12650000
11.25783300
22.48587500
10.87708400
22.31662500
11.02720800
22.52191700
10.87020800
22.39700000
10.96987500
22.68541700
10.64887500
22.86545800
10.49095800
23.30820900
9.97612500
23.35133300
10.06225000
22.35837500
11.05879200
22.42170800
10.96445800
22.52183400
10.83154100
23.01250000
10.28725000
23.49395900
9.80275000
23.08300000
10.40841600
21.87625000
11.49400000
21.91725000
11.47158400
22.07966600
11.07616700
21.66775000
11.88637500
21.35862500
11.81975000
21.33733300
12.02925000
21.04362500
12.50900000
21.03829200
12.36062500
21.11537500
12.23987500
20.76079200
12.39916600
20.81600000
12.75895900
20.95058300
12.41662500
20.81191700
12.53258300
20.48591700
12.88983300
20.86700000
12.51500000
20.87091700
12.47375000
21.07512500
12.27704100
20.87950000
12.51900000
20.92058400
12.42983300
21.29020800
12.08183400
21.11683300
12.26258300
21.07075000
12.27679200
20.89029200
12.47983300
20.92045800
12.25354200
21.33895800
12.21712500
21.19583400
12.15754100
21.26033400
12.13591600
21.12537500
12.22475000
21.02429200
12.34587500
21.14529200
12.23700000
21.34441600
12.00487500
21.15404200
12.02179200
21.46679100
12.10216700
21.56587500
11.80104200
21.67408300
11.67941700
21.53770800
11.85279200
21.33279100
12.02695900
21.21566600
12.14166700
21.26395800
12.11187500
21.44270900
11.92508300
21.40945800
11.93350000
21.62808400
11.55504100
21.29179200
12.28366700
21.49054100
11.86195900
21.46962500
11.88725000
21.52845800
11.86425000
21.70033300
11.64650000
21.47566700
11.70004200
21.61691600
11.95762500
20.93825000
12.41100000
21.34933400
12.00950000
21.18370800
12.21754200
21.34920800
11.99450000
21.06737500
12.11033300
21.34045900
12.23333300
21.24320800
12.09745900
21.41341600
11.95912500
21.09070900
12.28941600
22.07400000
11.09700000
22.06941700
11.44458300
21.95266700
11.44929200
21.81337500
11.56804100
21.55245900
11.79416600
21.66141700
11.74879200
21.24966600
12.10612500
21.34970900
11.79683300
21.31775000
12.25654200
21.50575000
11.65316600
21.29870900
12.25970800
21.45000000
11.91195800
21.25833400
12.12804100
21.22029200
12.12391700
21.37966600
11.98775000
21.36879200
12.01387500
21.28133300
12.07370900
21.14058300
12.03791700
21.40408300
12.16195800
21.43912500
11.91375000
21.37300000
12.00966700
21.25745800
11.90758400
22.03950000
11.51516600
21.52037500
11.84495900
21.62858300
11.55204200
21.66433300
11.89408300
22.01808400
11.34829100
21.87412500
20.53525000
7.44733400
20.77779100
12.79783400
22.00804100
11.36095900
22.00254100
11.34804200
21.78258300
11.60370900
21.82041600
11.53925000
21.89337500
11.45466700
21.57787500
11.80441700
21.90687500
11.47216600
21.86608400
11.46670800
21.64104200
11.73195800
21.52191700
11.65500000
21.43183300
12.11429200
22.12850000
11.05887500
23.07141600
10.48100000
22.74087500
10.44004200
21.85495800
11.70966700
21.15633300
12.21187500
20.95137500
12.39462500
20.94066700
12.42779200
20.77312500
12.60891600
20.88554200
12.28612500
20.71645800
12.84258400
20.92904100
12.43712500
21.35000000
11.82383400
20.86566600
12.68004200
20.93008300
12.46683400
20.97820800
12.18554200
21.14595800
12.39654200
20.74491600
12.64350000
20.81795900
12.54195800
20.54700000
12.79962500
20.56650000
12.82141700
20.63633300
12.73004200
20.60950000
12.72112500
20.38279100
13.00958400
20.48483300
12.88400000
20.23683300
13.13058400
20.20050000
13.15104100
20.22087500
12.97066700
20.27429200
13.27283300
20.10225000
13.26462500
20.33908300
13.04845900
20.36212500
12.98029100
20.19341700
13.00329200
20.05395800
13.49395800
20.15212500
13.19762500
20.09495900
13.27962500
19.86304100
13.52141700
19.94954200
13.39408300
19.90845800
13.46154200
19.80412500
13.57058300
20.01654200
13.16383300
20.17716700
13.36358300
20.17020900
13.02237500
20.14695800
13.41504200
20.24933300
12.95404200
20.69666600
12.83220900
21.12983300
12.24033300
21.78125000
11.56433400
21.28541600
12.10641700
21.03016700
12.33033300
20.40675000
12.94258300
20.53662500
12.82687500
20.89466700
12.49562500
20.81520800
12.35258400
20.59200000
12.96833300
20.49108300
12.68200000
20.38220900
13.09204100
20.19766700
13.23754200
20.01600000
13.37095800
19.77416700
13.57004100
19.24337500
14.12245900
19.12050000
14.27929100
19.13083400
14.18579100
19.04395900
14.34108300
18.61104200
14.78233300
18.73225000
14.43704200
19.54670800
14.00179200
20.31033300
12.89062500
20.81083300
12.73512500
21.07683400
12.09258300
21.17433300
12.38591700
21.68962500
11.66545800
21.74329200
11.43925000
21.63429200
11.75600000
21.47920800
12.06570800
21.44408400
11.89875000
21.24558300
12.12091700
21.34408300
11.84900000
21.53854200
12.00375000
21.32012500
12.04904100
21.53291700
11.84375000
21.65250000
11.69770800
21.32104200
12.03837500
21.44458300
11.94575000
21.72029200
11.62516700
21.51025000
11.69845800
21.88291700
11.66075000
22.22158300
11.14308300
21.82087500
11.54479200
21.85133300
11.53658400
22.16970800
11.08912500
21.95620800
11.48900000
22.11300000
11.28379200
21.82383300
11.52204200
21.76129200
11.60708300
21.77595800
11.61037500
21.80779200
11.55929200
21.88700000
11.45920800
21.84579200
11.53079100
22.01941700
11.35908300
21.93550000
11.40075000
21.77733400
11.61266600
21.93608400
11.41950000
22.58787500
10.76362500
22.24500000
11.12045800
21.40262500
11.98616700
21.43029100
11.91345900
20.33100000
12.85950000
20.29262500
13.27008300
20.42666700
12.93295800
20.45837500
12.71920800
20.13841700
13.42416700
20.89533300
12.29337500
20.60779200
12.90845800
20.71904200
12.48804100
20.91908400
12.61279100
21.11779200
12.25608300
21.14454200
12.23095800
21.04862500
12.30454200
20.51916700
12.68150000
21.14629100
12.40662500
21.27354200
12.08870800
21.21879200
12.13370800
21.11541700
12.27270800
20.84108400
12.52200000
20.79891600
12.55187500
21.47016700
11.91295800
20.54670900
12.80187500
20.70495800
12.65975000
21.35250000
12.03387500
21.87812500
11.29329200
21.78170800
11.59020800
22.05783400
11.31329100
21.60762500
11.96225000
22.13066700
11.20070800
21.45925000
11.90066700
21.26825000
12.12300000
21.85283300
11.49870900
21.42016600
11.93862500
21.55766700
11.81612500
21.29233300
11.90283400
21.40612500
11.95254100
21.73679200
11.62954200
22.24158300
11.28754200
22.26429100
10.96641700
22.07466700
11.46016600
21.78183400
11.57237500
21.42212500
11.93995800
21.91854200
11.46862500
22.00733300
11.35079200
21.68041600
11.66391700
22.08595800
11.31133400
21.82433300
11.34445800
21.33270900
12.21054100
21.38479200
12.00425000
21.38195800
11.78587500
21.82475000
11.71725000
21.76008400
11.60920800
21.71850000
11.67237500
21.82095800
11.51508400
21.85683300
11.34333300
22.03079200
11.52337500
22.22191700
10.95233300
21.88579200
11.66108300
21.88875000
11.29750000
21.95020800
11.59112500
22.21354200
11.15658300
22.33320900
11.04554100
22.33420900
11.00925000
22.02712500
11.34479100
21.83254200
11.55716700
21.96087500
11.38941600
21.97000000
11.38116700
21.94595800
11.46204200
21.97000000
11.38766700
22.01575000
11.33166600
22.02112500
11.36904200
22.09925000
11.26137500
21.31354200
11.87758300
21.02120800
12.52058400
21.19241600
12.18012500
20.83837500
12.50045900
21.11445800
12.24616700
21.67045800
11.70325000
22.10466700
11.26070800
21.56604200
11.81037500
21.82208300
11.57604200
21.78583300
11.36837500
21.48166700
12.05795800
21.79395800
11.60941700
21.95183300
11.38287500
21.69562500
11.67091700
22.04816700
11.34529100
21.94941700
11.21283300
21.65383400
11.90179100
22.03679200
11.34804200
21.97195800
11.35654200
21.67316600
11.71325000
21.72416700
11.66025000
22.55129200
10.77491600
22.52995900
10.85008300
22.63887500
10.73450000
22.04112500
11.32212500
21.92012500
11.43825000
22.10016700
11.29462500
22.01687500
11.33875000
21.94570800
11.23083300
22.00412500
11.36137500
22.02370900
11.34283300
21.73995800
11.80637500
21.89700000
11.46675000
21.67520900
11.71208300
21.61658300
11.72879200
21.73466700
11.62708300
21.83416700
11.55587500
21.67554100
11.67854200
22.10570800
11.25166700
21.79879200
11.59416600
21.85733400
11.49937500
21.99566600
11.36575000
21.54308400
11.84400000
22.17029100
10.99341700
22.21508300
11.34170900
21.97370800
11.41283300
22.07725000
11.26070900
22.48445800
10.70129200
23.37495800
9.99154200
23.71604100
9.65129200
22.25062500
11.26270800
21.50520900
11.71475000
21.45725000
12.10966600
21.33804200
12.00200000
20.63616700
12.76504100
21.12487500
12.24262500
20.80145900
12.54983300
20.57833300
12.59391700
20.60391700
12.97175000
20.85920800
12.47054200
20.77141600
12.61300000
20.65645900
12.72745800
21.21208300
11.95129200
20.66020800
12.88654200
20.62050000
12.76825000
20.87075000
12.46145800
20.70920900
12.67500000
20.73029100
12.44616700
21.00479200
12.55120800
22.11433300
11.06291700
21.95104200
11.41587500
22.11475000
11.25162500
22.07291600
11.47983400
22.34837500
11.03966600
22.31508400
10.84429100
22.00416700
11.54566700
21.65904100
11.52541700
21.70375000
11.87833300
21.57416700
11.76658300
21.66108400
11.72633300
21.70112500
11.66358300
21.99270900
11.36183300
21.98154200
11.39804100
21.89158400
11.47062500
21.64716600
11.70883400
21.72237500
11.63691600
21.79554200
11.59345800
21.87554200
11.28116700
21.88837500
11.66770800
21.97854200
11.40995800
22.02754200
11.13083300
21.86783300
11.68045900
22.01650000
11.35883300
22.00958300
11.35429200
21.97775000
11.38779200
22.13900000
11.03833300
22.09037500
11.45691700
22.08308300
11.29308300
21.72412500
11.66554200
21.66800000
11.67670800
21.53416700
11.83020800
21.61983400
11.76033300
21.64408300
11.72829200
21.65358300
11.69354200
22.23212500
10.94645800
22.08712500
11.49904200
22.19633300
11.14741700
22.37183300
11.01075000
22.42420900
10.94325000
22.44483300
10.90062500
19.60712500
13.75529200
20.16629100
13.20920900
20.10270800
13.24650000
20.31575000
13.05304200
19.81491600
13.36987500
20.04533400
13.50100000
20.05033300
13.31741700
19.95379100
13.41154200
20.20370800
13.16433400
20.06700000
13.29012500
20.14400000
13.23733300
20.41520800
12.76562500
20.14212500
13.22441700
20.30404200
13.27229100
19.28675000
14.04979200
19.09837500
14.08875000
19.07575000
14.29458300
19.25254200
14.30608300
19.12320900
14.04791600
19.10616700
14.46945800
19.23495900
14.12358300
19.09329200
14.25891600
19.19650000
14.18720900
19.44487500
13.93154100
19.40566700
13.93995800
18.82362500
14.56054200
18.96566700
14.19145800
18.87045800
14.67320900
20.83508300
12.35450000
21.31629200
12.07054100
21.71295900
11.81900000
21.79650000
11.57395800
22.13258300
11.04483400
21.84241600
11.52937500
22.07566700
11.47795800
22.26812500
11.10887500
22.24795900
11.10495800
22.05175000
11.30945800
22.11695900
11.28850000
22.16112500
10.98362500
21.36783300
12.19033300
21.66454200
11.72829200
21.98366600
11.35266700
22.17508300
11.19287500
22.38662500
10.99012500
22.38383400
10.99020800
22.04154200
11.30741600
21.78954200
11.39520800
22.05595900
11.50495800
22.00341700
11.35520800
21.84766700
11.53029100
21.95816700
11.40779200
21.30075000
12.04779100
21.53008400
11.84858300
21.29208300
12.08891700
20.91837500
12.33062500
20.59537500
12.85050000
20.55287500
12.82979200
20.38858300
12.78908300
20.21629200
13.33645800
20.20012500
13.18820900
20.17908300
13.16762500
20.23595800
13.12650000
20.01208400
13.34883300
20.17825000
13.06233300
20.05479200
13.26000000
19.95479200
13.61462500
20.03762500
13.12929100
20.01708400
13.53408300
19.88991700
13.29004100
19.77529200
13.78937500
19.73212500
13.62791700
19.62929100
13.74637500
19.83079200
13.33466700
19.73195800
13.64025000
19.72637500
13.83887500
19.48258300
13.68012500
19.45208400
13.92208300
19.51387500
14.05033300
19.69629200
13.66970800
19.91029200
13.35554200
19.94845800
13.31458300
19.83916700
13.73762500
20.33937500
13.01258300
20.30125000
13.06533400
20.02854100
13.35304200
20.42554200
12.92216600
20.61104200
12.75570800
20.50058400
12.88387500
20.77687500
12.57225000
20.52908300
12.83083300
20.40366700
12.98754200
20.35704100
12.99075000
20.40300000
12.96095900
21.20045800
12.04812500
22.17895800
11.31137500
21.38779200
11.97937500
20.93979200
12.36070800
21.10304200
12.13583300
20.54483300
13.01500000
20.63995900
12.73133300
20.73833300
12.64554200
20.80400000
12.52483300
20.75241700
12.63454200
20.81583300
12.55125000
20.73425000
12.61016700
20.74854100
12.52570900
21.46804100
11.81612500
22.09966700
11.54200000
45.33341700
4.71145800
21.17212500
4.86283300
27.33804200
6.54600000
25.52045800
6.32808400
24.70720800
5.11408300
21.68275000
6.60783400
20.63937500
12.90262500
20.45462500
12.95158300
23.91804200
9.24170800
23.58912500
9.77229200
24.45708300
8.90787500
21.20591700
12.30954100
24.55445900
8.66316600
31.68470900
5.13670800
23.49316700
6.42904100
20.35308400
13.16791600
20.82404200
12.58875000
20.25987500
13.09650000
20.20187500
13.12495800
21.09750000
12.10983400
20.74000000
12.70841600
20.28400000
13.18916700
21.11204200
12.17637500
21.61012500
11.85000000
20.32783300
12.83375000
21.17320800
12.37020900
20.47854100
12.92529200
20.07970800
13.07420900
22.70895800
10.65683300
20.89483400
12.65070800
23.19966700
10.02791600
23.59350000
9.73283400
22.42283300
11.11800000
22.22400000
10.97012500
22.21541700
11.35570800
22.67741700
10.62575000
22.18470800
11.20479200
21.84175000
11.53112500
23.70595800
9.50016700
103.97933300
7.26716700
40.14695800
5.79779200
23.60904100
5.41045900
23.73579100
5.47091700
22.45529200
5.12862500
21.97941600
6.13600000
23.64516700
5.11279200
21.41033300
5.14620800
21.41166700
5.00320800
21.50687500
5.02550000
21.62016700
5.05858300
21.23650000
5.10883400
21.34683300
4.93416700
21.46200000
5.05150000
21.15266600
4.97312500
21.12620900
4.96195800
21.46341700
10.00979100
21.49345900
12.03100000
21.97245800
11.29254200
21.76670800
11.70583300
21.55858400
11.81470800
21.53587500
11.86212500
21.70000000
11.46495800
21.70475000
11.84150000
21.46929200
11.91808300
22.26895900
10.88879100
21.96016700
11.57666700
21.57225000
11.82595800
21.52441700
11.82583300
21.39458300
11.97191700
21.49320800
11.89025000
21.56770900
11.80479100
21.54100000
11.80916700
22.02991700
11.17470800
21.66750000
11.87816700
21.55204100
11.79487500
21.46845900
11.91350000
21.27008300
12.09675000
21.34812500
12.00341700
21.43991600
11.92825000
21.53566700
11.64066700
21.69445800
11.85450000
21.63158300
11.55358400
21.83083300
11.73237500
21.53545800
11.77925000
21.87950000
11.53941700
22.02079200
11.14825000
22.35491600
11.01179200
21.94895800
11.41762500
21.89770900
11.68820800
22.21858300
11.11595900
22.41558300
21.93766700
5.50941600
20.93770900
12.61862500
22.12608300
11.05108300
22.62387500
10.94487500
21.89854200
11.45000000
22.79279200
10.43820800
22.86887500
10.53625000
22.37616700
11.03679100
22.72254200
10.62420800
25.52820900
7.72541600
21.91116700
11.63437500
22.50220800
10.68554200
22.60058300
10.92679200
21.81091700
11.56295800
21.85216700
11.34658300
21.74037500
11.81908300
21.62775000
11.70895900
21.23466600
12.14333400
21.22870800
12.13566700
21.36933300
11.98445800
21.32066700
11.88695800
21.44920900
12.11204100
21.66179200
11.68208300
21.29995900
11.97491600
22.38945900
11.03808300
22.02950000
11.34770800
21.88783400
11.48483300
21.58591700
11.77908300
21.92520800
11.44679200
21.89504200
11.45725000
21.98191600
11.43479200
21.92012500
11.25470800
21.51645900
12.02312500
21.75929100
11.60250000
21.51029200
11.74225000
21.76654200
11.54145800
21.83716700
11.71112500
21.66362500
11.71775000
21.86875000
11.30700000
21.89075000
11.64283300
21.32608300
12.06712500
21.68708400
11.66137500
22.25500000
11.03945800
21.49966700
11.95408300
21.66620800
11.67691700
21.63120800
11.73587500
21.30762500
12.07729200
21.74887500
11.60379200
21.54016600
11.84033400
21.62625000
11.74358300
21.73283300
11.59912500
21.64958400
11.72837500
21.62620800
11.70437500
21.89550000
11.51541700
21.62275000
11.73545800
21.55020800
11.84225000
21.86600000
11.49704200
21.55658300
11.79120900
21.61662500
11.79670800
21.59120800
11.74970900
21.57091600
11.76137500
21.72200000
11.67187500
21.52112500
11.84420900
22.99200000
10.19041600
22.80870900
10.55825000
22.31575000
11.23933300
21.53387500
11.64254200
21.99166600
11.53679200
21.99612500
11.39979200
21.58908300
11.75691700
21.61645800
11.75704200
21.48837500
11.90254100
21.55004200
11.61529200
21.76954100
11.76641700
21.70387500
11.68833300
21.53620900
11.80475000
21.59333300
11.77304200
21.70454100
11.49666700
21.99354200
11.54170800
21.51504200
11.85250000
21.72229100
11.65975000
21.62062500
11.72933400
21.98150000
11.21416600
22.18237500
11.18375000
21.93129200
11.65179200
21.54050000
11.77683300
21.60033300
11.59920900
21.59987500
11.96008300
21.41266700
11.76075000
21.51508300
12.05245800
21.53312500
11.63262500
21.46079200
11.90583300
21.60225000
11.93075000
21.69491700
11.69766700
21.41020800
11.76550000
21.90283300
11.64225000
21.85650000
11.53991700
21.88337500
11.46120800
21.85937500
11.49945900
21.78320800
11.61266700
21.83391600
11.50429200
21.86100000
11.51287500
21.72683300
11.66466700
21.76170800
11.56962500
21.97320900
11.40637500
21.90016600
11.47466700
22.00525000
11.34854200
21.78891600
11.55279200
21.64812500
11.77012500
21.91808300
11.43433400
21.81833300
11.53825000
21.69691700
11.68166600
22.86683400
10.31550000
22.26645800
11.25062500
21.54287500
11.65837500
21.61475000
11.93762500
21.50820800
11.83429200
21.54858300
11.65658400
21.52100000
11.84550000
21.65879100
11.86229200
22.08166700
11.13620800
21.34875000
12.20670800
21.64383400
11.69420800
21.81458300
11.55716700
21.50629200
11.86120800
21.46204200
11.90616600
21.57045900
11.80766600
21.39345900
12.03120800
22.89458300
10.23991700
21.46337500
12.05195800
21.52520900
11.86804100
21.56766700
11.77508300
21.61504200
11.58987500
21.48400000
12.06983300
22.30354200
11.02162500
21.42633300
11.85408400
21.49525000
12.00254100
21.51908400
11.83329100
21.43241700
11.92608300
21.41554200
11.78304200
21.50058300
12.04879200
21.34470800
11.83916700
21.50025000
12.05954100
21.48937500
11.87691700
21.40425000
11.95258300
21.12091700
12.23004200
21.15504100
12.23391700
21.15383300
12.19216700
21.48908300
11.86320900
21.50429100
11.70808400
21.53616600
11.99779200
21.69441700
11.50483300
21.34629200
12.17116600
21.65954200
11.56554200
21.44637500
12.08612500
21.44516600
11.82204200
21.54245800
11.91175000
21.59562500
11.78012500
21.72366700
11.47095800
21.81654200
11.71329200
21.50420800
11.86875000
21.45850000
11.92716700
21.36879100
11.97112500
21.62950000
11.72429200
21.50362500
11.71875000
21.47445800
12.07570900
21.40616600
11.92591700
21.09541700
12.30841600
21.39850000
11.96283400
21.25241600
11.92954200
21.31070800
12.24266700
21.32562500
12.04054200
21.39391600
11.95354200
21.32412500
12.05450000
21.25875000
11.97595800
21.46362500
11.85520900
21.24379100
12.26875000
21.30250000
12.10783400
21.48770800
11.85458300
21.49712500
11.88270900
21.25795800
11.93037500
21.29750000
12.23495800
20.86287500
12.50375000
21.71341700
11.67654200
21.30212500
12.05466600
21.41179200
11.93112500
21.31741700
11.90433300
21.44125000
12.08725000
21.53487500
11.82470800
21.31383400
12.07708300
21.15562500
12.21158300
21.19929200
12.15575000
21.11225000
12.25191700
21.39133300
11.99808300
21.19608400
11.97195800
21.34066700
12.05737500
21.22445800
12.30870800
21.83500000
11.50704200
21.63450000
11.75025000
21.51658300
11.86929200
21.75225000
11.59087500
21.66254200
11.70645800
21.54058300
11.84975000
21.72737500
11.61912500
21.48458400
11.68925000
21.36641600
12.19925000
21.68854200
11.67000000
21.69833300
11.65879200
21.47650000
11.91404200
21.50354100
11.84883400
21.71266600
11.64616700
21.48125000
11.91070800
21.99725000
11.16095900
22.37708300
11.15200000
22.03645800
11.16787500
21.41095900
11.96200000
21.26350000
12.27095800
21.39429200
11.89470800
21.64666700
11.81479100
21.33337500
12.00508400
21.33820800
12.03908300
16.67170900
16.52870800
16.82170800
16.53762500
16.83500000
16.71758400
16.65812500
16.71975000
16.62420800
16.72245800
16.68825000
16.64208400
16.67145800
16.74450000
16.64316700
16.65704100
16.55962500
16.68333400
16.78983300
16.73550000
16.52470800
16.81250000
16.75479200
16.63875000
16.70087500
16.65033300
16.67220900
16.67691600
16.56025000
16.69429200
16.81437500
16.54137500
16.82270800
16.70029200
16.71287500
16.49750000
16.84183300
16.69991700
16.51175000
16.68008300
16.87091700
16.67491700
16.67850000
16.50916600
16.81470900
16.76012500
16.65041600
16.68429200
16.70333300
16.67304200
16.49720800
16.68633400
16.86079100
16.68304200
16.67154200
16.52295800
16.84620800
16.72066700
16.66695800
16.49845900
16.67729100
16.85612500
16.64662500
16.54616700
16.85679200
16.69075000
16.69708300
16.67254200
16.67754100
16.67691700
16.65383300
16.67200000
16.55279200
16.81133300
16.67879200
16.56095800
16.69616700
16.79083300
16.56545900
16.76504100
16.59958400
16.86075000
16.64679100
16.66845900
16.74100000
16.65854100
16.68691700
16.71750000
16.64520800
16.69204200
16.68441700
16.68445800
16.65529200
16.55020800
16.80420800
16.59183400
16.79533300
16.58062500
16.82891700
16.65141600
16.67808400
16.71258300
16.67770800
16.67641700
16.70670800
16.68445900
16.63487500
16.72512500
16.68745800
16.69454200
16.64800000
16.69104100
16.64483400
16.71766600
16.66850000
16.52883400
16.89133300
16.65208300
16.65220900
16.70933300
16.50666700
16.84020800
16.52595800
16.68337500
16.68316700
16.68345800
16.68325000
16.68325000
16.68325000
16.68333400
16.68329100
16.68333400
16.68350000
16.68316600
16.68945900
16.67729100
16.68325000
16.69120900
16.67558300
16.68316700
16.70487500
16.66183300
16.69025000
16.70087500
16.66025000
16.68329200
16.73295800
16.76216700
16.73641600
16.52804200
16.65575000
16.70937500
16.68329200
16.65720800
16.70120800
16.69425000
16.66575000
16.78100000
16.74337500
16.68633400
16.51166600
16.85033400
16.67133300
16.52820800
16.68650000
16.82725000
16.54970900
16.72654100
16.62658400
16.87183300
16.65333300
16.67566700
16.72925000
16.60012500
16.57433300
16.84612500
16.66875000
16.68212500
16.70587500
16.51225000
16.81595900
16.72287500
16.67050000
16.70541600
16.67816700
16.50408300
16.88150000
16.68683400
16.48883300
16.82945800
16.73704200
16.63045800
16.52933400
16.86066600
16.68725000
16.65391700
16.70741700
16.65720800
16.71370800
16.71004200
16.47795800
16.68179200
16.85479200
16.70170800
16.67495800
16.67683400
16.68375000
16.71895800
16.65145800
16.69254200
16.51995800
16.79941700
16.54445800
16.86270900
16.50179100
16.68329200
16.68337500
16.68325000
16.82754200
16.53912500
16.81812500
16.71645800
16.51591700
16.83800000
16.68641600
16.70950000
16.67283400
16.68983300
16.67666700
16.51800000
16.81925000
16.74916600
16.63416700
16.64525000
16.72225000
16.69808300
16.51058400
16.69287500
16.80883300
16.71929200
16.69295800
16.68520800
16.64429200
16.71129200
16.51062500
16.80512500
16.72837500
16.69266600
16.65712500
16.70433400
16.67920800
16.66275000
16.53683300
16.82891700
16.70629200
16.69416600
16.50166700
16.84879200
16.51804100
16.81904200
16.72762500
16.64458300
16.69579200
16.72541700
16.67412500
16.68212500
16.49870800
16.88512500
16.64120800
16.69870900
16.68962500
16.65841600
16.71958400
16.64637500
16.53354100
16.84654200
16.66200000
16.71370800
16.50591700
16.83245800
16.71491700
16.67512500
16.50920800
16.68329200
16.85141700
16.67829100
16.52029200
16.70445800
16.85562500
16.62058400
16.70987500
16.67416600
16.69333400
16.65262500
16.71633300
16.72670800
16.48000000
16.68316700
16.68337500
16.68329200
16.68316600
16.68341700
16.68337500
16.68329200
16.69979100
16.66695900
16.68337500
16.68325000
16.68337500
16.68325000
16.68345800
16.68325000
16.68329200
16.68341600
16.70954200
16.65700000
16.68329200
16.70633300
16.66425000
16.70695800
16.67945900
16.65962500
16.70825000
16.66804100
16.67391700
16.70804200
16.65854100
16.68325000
16.68350000
16.68308400
16.68354100
16.68425000
16.84800000
16.68083400
16.69204100
16.68112500
16.69179200
16.67308300
16.66170900
16.68225000
16.73891600
16.48250000
16.85616700
16.73504200
16.59470800
16.70341700
16.70437500
16.66937500
16.66470800
16.70333300
16.52554200
16.81754200
16.70725000
16.51929100
16.81804200
16.71508300
16.67108400
16.67762500
16.72850000
16.48962500
16.68266600
16.86504200
16.50158300
16.89200000
16.65658400
16.64700000
16.71933300
16.70500000
16.63729200
16.69283300
16.70616700
16.64741600
16.71554200
16.69125000
16.64520800
16.55412500
16.66275000
16.81187500
16.72733400
16.50495800
16.81733300
16.55787500
16.81429200
16.71641700
16.68504100
16.50904200
16.82166700
16.71654100
16.68220900
16.66458300
16.70754200
16.67037500
16.52279100
16.87945900
16.48487500
16.81383300
16.71325000
16.52316700
16.84883300
16.69379200
16.67679100
16.65075000
16.66129200
16.70987500
16.69170800
16.53325000
16.84016700
16.71125000
16.68241700
16.69658300
16.64129200
16.52845800
16.81925000
16.72487500
16.68883300
16.65170900
16.71287500
16.69620800
16.65429200
16.51850000
16.82666600
16.67445900
16.73341600
16.68508400
16.57270800
16.78479200
16.67141600
16.67770900
16.72675000
16.64200000
16.52170800
16.86633300
16.67695900
16.65441600
16.53566700
16.82454200
16.68304100
16.71704200
16.65816700
16.53379100
16.88241700
16.64500000
16.52270800
16.82595900
16.71100000
16.65654100
16.69912500
16.53475000
16.85808400
16.68575000
16.49550000
16.86004100
16.66916700
16.56158300
21.23441700
23.79662500
17.96475000
14.80062500
13.10375000
12.01591700
13.82625000
16.68345800
16.68329200
16.68329100
16.68333400
16.68333300
16.68341700
16.68333300
16.68337500
16.68320800
16.68337500
16.68337500
16.68333400
16.68358300
16.68300000
16.68345800
16.68320900
16.68341600
16.68337500
16.68320900
16.68333300
16.68333300
16.68333400
16.68337500
16.68329100
16.68337500
16.68354200
16.68316700
16.68325000
16.68333300
16.68345800
16.68458400
16.68195800
16.68466700
16.68200000
16.68329100
16.68341700
16.69000000
16.67658300
16.69091700
16.67595800
16.68329200
16.68337500
16.68312500
16.68341700
16.68937500
16.67725000
16.68337500
16.68337500
16.68337500
16.68862500
16.67791600
16.68354200
16.68316700
16.68337500
16.68329100
16.68345900
16.68316600
16.68341700
16.68408300
16.68470900
16.68916600
16.67525000
16.69470900
16.67479100
16.68150000
16.68245900
16.68337500
16.68320800
16.68341700
16.68329100
16.68337500
16.68333400
16.68341600
16.68312500
16.68362500
16.68320900
16.68329100
16.68325000
16.68933400
16.67745800
16.68587500
16.68075000
16.68320800
16.69700000
16.66983400
16.68320800
16.69445800
16.67225000
16.68433400
16.68229100
16.68337500
16.68420900
16.68420800
16.69270800
16.67220900
16.68329100
16.68616700
16.68587500
16.67795800
16.68333400
16.68341600
16.68325000
16.68600000
16.69275000
16.67133400
16.68333300
16.68329200
16.68329100
16.68350000
16.68333400
16.68325000
16.68325000
16.69600000
16.67079100
16.68329200
16.68995800
16.68200000
16.67820900
16.68683300
16.68004200
16.68291600
16.68912500
16.67762500
16.68325000
16.68337500
16.68333400
16.69204100
16.67458400
16.68562500
16.68108300
16.68725000
16.67941700
16.68329100
16.68333400
16.68333300
16.68795800
16.68941700
16.67329200
16.69250000
16.68266600
16.67433400
16.68320800
16.68916700
16.67754100
16.68329200
16.68475000
16.68183300
16.68366700
16.68295800
16.68725000
16.67954200
16.68337500
16.68695800
16.67966700
16.68808300
16.68941700
16.67583300
16.67995900
16.69358300
16.68954200
16.66887500
16.68250000
16.68850000
16.67708300
16.68333300
16.68629200
16.68029200
16.68333300
16.68337500
16.68341700
16.68333300
16.68333300
16.68320900
16.68333300
16.68329200
16.68350000
16.68320800
16.68337500
16.68333300
16.68337500
16.68329200
16.68333300
16.68320900
16.68337500
16.68337500
16.68333300
16.68329200
16.68337500
16.68333300
16.68329200
16.68337500
16.68341600
16.68325000
16.68333400
16.68329100
16.68329200
16.68345800
16.68325000
16.68362500
16.68320900
16.68312500
16.68350000
16.69279100
16.67391700
16.68333300
16.68408400
16.68262500
26.57283300
22.16033300
22.52679200
23.10262500
22.74558300
22.00645900
23.12583300
21.86825000
22.35150000
22.22954200
21.62987500
22.21925000
21.00170800
21.71212500
21.88487500
20.67312500
20.60666700
19.96175000
20.40229100
20.16137500
19.87141700
19.47800000
19.83050000
21.58708300
20.93687500
20.33725000
20.29566700
20.43558300
20.01629200
19.19500000
19.80066700
19.40679100
20.62166700
19.81058300
18.92229200
20.98641700
19.99750000
19.37495800
20.38558300
19.66212500
19.98395900
19.53037500
19.10991600
21.02320900
19.59266600
19.67716700
18.65229200
20.34687500
18.79829100
21.84416700
21.38129200
20.52900000
21.70504100
20.65733400
19.90512500
19.71995800
21.23483300
20.13470900
19.22554100
21.75170900
20.78591600
19.91504200
20.97720800
20.09604200
20.27641700
20.17916600
19.68500000
21.50629200
20.35520800
19.80512500
20.38654200
19.95862500
20.27108300
18.94337500
20.04750000
21.38575000
20.04470900
20.58183300
21.71483300
20.28933400
20.31575000
19.42404100
21.09033400
20.17170800
20.42529200
19.92641600
20.74791700
20.62725000
20.35650000
20.43312500
20.43625000
20.45620800
19.80687500
20.04216700
19.07633300
21.63679200
19.75766700
19.35320800
21.18962500
19.78370800
20.96104200
20.82987500
19.90000000
20.32766700
19.54333300
21.17662500
20.24837500
20.12350000
20.32129200
20.13604100
18.85687500
21.65154200
19.04437500
21.14908300
20.39120900
20.19350000
19.48566600
22.22487500
20.60412500
20.19625000
20.43000000
20.35012500
20.11787500
20.33454200
20.20129200
20.36366600
21.03704200
19.50554200
19.87508300
19.25820800
23.19212500
20.70479200
20.27558300
20.46887500
20.70104200
20.41870800
20.54358400
20.72241600
20.55775000
20.36883400
20.30250000
20.49216600
20.40350000
20.52495900
20.39508300
19.78212500
21.16033300
19.11637500
20.86304200
20.01654200
19.54283300
20.25383300
18.27083400
19.62116600
20.81133400
19.70725000
19.77870800
19.62041700
19.01941600
19.63512500
20.66054200
19.56591700
19.58758300
19.66350000
19.73283300
19.71083400
18.99770800
25.50795800
21.27650000
19.92379200
19.67416700
26.44087500
21.93012500
20.22512500
24.12204100
21.56020900
20.96120800
21.01287500
19.25950000
21.84004200
20.67020800
20.70687500
20.25287500
21.64683300
20.36845900
20.79145800
22.31187500
21.10983300
20.44887500
20.50237500
20.40970900
19.52283300
21.09829200
20.87504100
20.23350000
20.15233400
20.51333300
20.51287500
20.39233300
20.45079200
19.94208300
21.28512500
20.19862500
20.15945900
21.43100000
20.58883300
19.70987500
22.08616700
20.49012500
20.53820800
20.44412500
20.67950000
20.45912500
21.48979200
22.02662500
19.38429100
21.86237500
22.67666700
21.35008300
21.32612500
21.28570900
20.00766600
21.23962500
21.10795900
22.21287500
20.39458300
21.77733300
22.75529200
21.59420800
21.22579200
20.92254200
21.80733300
21.23304200
21.88904100
21.30058400
21.12437500
21.66562500
21.04579100
21.30500000
20.57816700
20.71925000
20.23095800
21.60937500
19.87791700
21.79066700
20.60933300
20.14016700
21.38841600
20.01116700
22.16387500
19.15662500
22.03037500
21.34104200
21.34633300
19.74945800
22.54325000
20.55954200
20.67720800
20.56166700
20.78875000
20.97537500
20.70479200
22.65920800
22.25908300
22.31075000
22.43120900
21.99579100
20.37383400
20.19795800
21.13533300
20.68966700
21.17741700
20.39987500
20.93391600
19.53566700
21.41887500
21.20191700
20.27333300
20.83612500
22.42429200
21.81270800
21.50320800
21.72866700
21.35700000
18.84679200
22.70666600
23.09433400
23.14229100
22.49654200
18.96812500
25.20054200
15.63233300
25.68420800
20.74433400
20.95504100
20.44637500
21.70845900
20.34287500
20.57562500
21.32212500
20.71891600
21.49645900
21.34975000
20.47275000
20.45841600
21.14600000
20.56675000
19.50162500
21.55408400
20.71741600
23.15750000
21.61837500
22.12537500
21.45083400
22.44491600
20.76725000
21.27641700
20.41587500
21.19429200
20.77112500
20.05158300
20.36745800
20.46108400
19.26983300
21.42245800
20.41125000
19.92933400
19.92504100
19.92666700
19.71354200
19.58179100
19.61220900
19.56450000
19.34441600
16.54495900
21.23916600
20.82808400
21.62458300
20.56862500
20.07020800
21.80541700
20.50595800
20.56725000
20.07208400
20.41658300
20.55900000
20.47400000
20.05533300
20.35654200
19.74450000
21.08616700
19.10945800
21.00450000
20.42879200
21.23120800
20.07350000
20.40633300
19.77016700
20.53750000
19.99104200
19.97133300
19.99804200
19.81495800
19.91137500
19.60983300
19.62691700
19.57329200
19.73887500
20.04145800
19.84558300
19.49487500
19.25220900
21.34650000
20.24187500
20.60637500
20.29704100
19.96341700
20.88008300
20.33008400
20.14470800
19.77570800
19.43987500
19.75270900
19.78225000
19.60604100
20.99025000
20.84650000
20.07091700
19.67250000
20.06733300
20.06262500
19.91604200
20.37445800
20.33020900
19.80175000
19.79583300
19.92100000
20.11341700
20.84916600
21.01904200
19.30687500
19.06920800
17.57512500
18.81958400
18.18033300
17.96225000
17.88833300
17.96262500
18.75366700
18.73879200
18.28070800
18.32033300
18.77283400
18.66645800
17.63241700
17.76291600
19.96987500
22.47045900
21.28833300
20.20591700
19.23054100
20.11341700
19.04312500
19.91604200
19.58891600
18.94429200
18.97866700
19.16612500
18.92225000
18.84437500
17.80708300
18.30904200
17.74479100
17.63495900
17.57075000
18.03820800
17.78883300
17.62183400
17.44058300
17.64704200
17.57487500
17.36179100
17.35541700
18.23450000
17.29554200
17.44250000
17.75175000
17.31133300
17.43375000
18.02233300
17.18950000
17.20183400
17.93512500
17.66720800
18.56116700
19.20041600
17.68820900
17.33716600
17.99887500
18.22333400
18.83012500
17.10520800
17.20583300
17.29179200
17.82441700
17.84416600
17.45654200
17.41145800
17.35691700
17.33041700
17.15216600
17.18329200
16.93583300
17.16766700
18.42429200
17.05625000
17.86233300
17.81100000
17.62479200
18.88762500
17.57716600
17.36637500
18.96020900
17.51891600
18.47520900
18.57345800
19.27929200
18.66620800
18.45504200
17.59258300
17.59166700
17.38241600
16.06545900
15.49441600
15.74416700
15.63133300
15.46862500
15.04600000
14.94091700
14.89270800
14.90658400
15.20420800
14.93983300
14.87762500
14.79329200
14.74716700
14.81333300
14.66733300
14.69583400
14.78833300
14.67225000
14.71495800
15.12495900
14.69000000
14.52237500
14.19087500
14.07237500
14.03445800
14.45925000
14.31012500
16.30887500
17.31729200
17.23875000
17.09912500
16.97379100
16.96254200
16.78375000
16.94729200
17.12750000
16.59612500
17.13216600
16.91700000
16.97020900
16.90583300
16.83470800
16.82029200
17.19025000
17.69037500
18.48620800
17.77591700
17.60583300
16.82400000
17.35604200
18.18095800
17.33850000
17.88575000
17.33395900
17.67520800
16.83866700
16.72670800
17.96216700
16.78250000
16.94887500
17.54504100
17.43141700
16.75379200
16.97958300
16.70337500
17.05062500
17.45487500
16.59604200
16.57466600
16.63754200
16.68345800
16.16783400
16.41079100
16.90179200
16.43108300
16.87929200
17.00487500
16.97658300
16.69895900
16.93091600
16.22029200
16.51587500
16.64750000
16.72654200
16.71150000
16.88779100
16.85733400
17.01200000
16.70312500
16.65512500
16.63141600
16.30150000
18.29758400
17.07595800
17.20820800
17.10758400
23.93829100
21.70983400
22.09420800
20.63945800
20.92983400
20.97595800
20.31120800
20.25433400
19.38908300
18.28554200
18.05108300
18.10237500
18.09950000
18.08479200
17.61737500
17.73783300
17.59629200
17.56025000
17.13750000
17.13641600
16.59429200
17.27687500
16.27100000
16.51704200
16.25408300
16.33070800
16.94912500
18.63420900
16.67116600
16.83320900
16.62541600
16.74245900
17.24358300
16.50720800
16.55258400
16.56041600
17.52425000
16.78279200
16.42700000
16.68212500
16.18829200
16.09562500
17.29737500
16.34612500
16.23625000
15.95683300
16.04916700
16.00241600
16.23712500
15.92191700
16.32012500
16.69704200
17.44391600
17.44179200
16.06675000
16.51412500
17.32541700
17.01625000
16.17220800
16.32158300
15.90704200
15.90916700
16.11466600
16.65712500
15.93850000
16.50554200
15.98537500
16.65512500
17.09220800
16.10716700
16.94725000
16.17400000
15.94591700
16.16533300
16.18400000
16.08404200
16.16041600
16.10050000
15.97000000
16.00679200
15.90091700
15.83795800
15.81233300
15.86462500
15.91450000
16.58575000
15.74566700
16.08754200
17.85683300
16.95270800
16.57300000
15.44883400
15.46800000
16.05970800
16.63129200
15.80100000
15.53537500
15.74637500
15.96183300
15.44862500
15.33675000
15.21129200
15.76329100
15.96250000
15.09125000
14.84133400
14.96383300
14.95233300
15.53537500
15.09450000
15.10395900
15.01145800
14.89316700
15.64441600
15.13691700
15.06191700
14.86287500
14.85575000
15.46995800
16.45458300
14.90487500
15.05345900
14.61187500
14.73987500
15.96200000
15.97000000
15.71904100
15.36279200
16.15641700
15.36687500
15.70425000
15.52095800
15.61454200
15.48720800
15.47250000
15.19050000
16.75470800
15.53862500
15.39675000
15.49116700
15.56766700
16.57183300
15.69391700
15.61950000
16.43212500
15.80233300
15.93550000
16.51733300
15.95512500
15.95487500
15.60479200
15.74637500
16.02958300
15.48683400
15.56795800
15.42066700
15.46312500
15.16550000
16.42216600
15.75770900
15.31583300
15.60758300
16.68345900
16.68329100
16.68333400
16.68329100
16.69920900
16.66891600
16.68183400
16.68454100
16.68229200
16.68329200
16.68695800
16.67962500
16.68337500
16.68341700
16.68329100
16.68512500
16.68525000
16.67958400
16.68420800
16.68683300
16.68570900
16.67658300
16.68966700
16.67695800
16.68350000
16.68929200
16.67729100
16.68333400
16.69133300
16.67533300
16.68325000
16.69483400
16.67179100
16.68529200
16.68229200
16.68254100
16.68454200
16.69758300
16.66791700
16.68320800
16.68337500
16.68341700
16.69279200
16.67383300
16.68325000
16.68950000
16.67858300
16.68208400
16.69033300
16.67758300
16.68495900
16.68733300
16.67625000
16.68383300
16.70470900
16.66170800
16.68312500
16.68337500
16.68333300
16.68341700
16.68337500
16.69370800
16.67595900
16.70412500
16.66058300
16.68212500
16.68333300
16.68341700
16.68337500
16.68320800
16.68329200
16.68562500
16.68116700
16.68833300
16.67837500
16.68316700
16.68333300
16.68337500
16.68345800
16.68329200
16.68329200
16.68329100
16.68800000
16.67875000
16.68316700
16.68566700
16.68250000
16.68504100
16.68016700
16.68612500
16.68070800
16.68316700
16.68579200
16.68091600
16.68341700
16.68320800
16.68333400
16.68337500
16.69170800
16.67625000
16.68766700
16.67766600
16.68345900
16.68691600
16.68066700
16.68470800
16.68112500
16.69950000
16.67320900
16.67720800
16.68704200
16.67962500
16.69412500
16.67262500
16.68329100
16.69266700
16.69183300
16.66558400
16.68320800
16.68350000
16.69166700
16.67475000
16.68341600
16.68820900
16.67850000
16.68416600
16.68241700
16.69312500
16.67337500
16.68341700
16.68333300
17.00816700
16.99829100
16.04504200
16.68987500
16.67529200
16.68362500
16.68320800
16.68416700
16.68237500
16.68608300
16.68170800
16.68216700
16.68345800
16.68337500
16.68325000
16.68345900
16.71783300
16.64870800
16.68312500
16.68337500
16.68333400
16.68366600
16.68295900
16.68337500
16.68366600
16.75187500
16.61466700
16.68337500
16.68304200
16.68345800
16.68329200
16.68345800
16.68333300
16.68333400
16.68329100
16.68329200
16.68329200
16.68329100
16.68341700
16.68337500
16.68341700
16.68325000
16.68325000
16.68366600
16.68712500
16.67937500
16.69200000
16.68795900
16.74058300
16.61266700
16.68791600
16.67895900
16.68304100
16.68358400
16.68312500
16.68345800
16.85612500
16.51954200
17.11570800
16.60508300
16.32050000
17.30450000
16.06191700
16.68320800
16.68350000
16.68929200
16.67720800
16.68350000
16.70866700
16.65787500
16.68387500
16.68279200
17.40941600
16.14079200
16.50000000
17.10779200
16.87541600
17.17833400
17.03729100
16.58125000
16.84904200
16.90675000
16.38537500
16.61279200
17.24775000
17.97170800
18.58341700
17.96108300
17.83450000
17.55595800
18.07745900
17.80762500
18.06754100
17.01525000
18.73504200
17.80841700
17.77537500
17.88520800
17.70200000
17.17770800
17.02725000
17.54587500
17.97833400
17.00395800
16.43433300
17.48729200
17.81870800
17.48204200
17.55945800
16.16812500
18.36520900
17.29512500
16.96066600
17.07250000
16.32358400
17.06804100
17.31629200
16.76404200
16.68366600
16.40200000
17.88616700
16.22104200
18.45375000
16.69970800
18.05508300
17.45558400
18.12904100
18.42245900
18.20416600
16.80320900
17.46658300
17.92308300
17.14350000
17.86137500
17.42720900
17.20775000
16.96712500
16.55270800
17.37158300
16.54737500
17.54825000
17.40750000
16.62433400
16.80025000
17.30700000
17.45645800
16.36141700
17.10387500
17.42562500
17.22812500
17.83883300
16.12479200
16.90070800
16.84945800
17.11825000
17.07670900
17.54162500
17.49837500
17.49420800
21.59920800
27.82087500
18.31533400
19.79383300
18.11637500
17.55508300
17.42850000
17.30700000
17.72108400
17.92766600
17.75420900
18.45279100
18.00408400
18.30479100
17.36875000
17.93812500
17.76812500
18.97637500
17.66854200
17.32383300
18.65804200
17.45141700
18.40962500
17.50391600
17.50812500
17.31566700
17.58583300
17.25604200
17.75287500
18.00195800
17.54533400
17.40691600
17.69779200
16.52725000
16.68225000
17.35470800
17.56620900
17.48412500
17.08420800
19.23587500
17.19587500
17.53300000
17.02116700
18.57479100
18.33616700
17.48112500
17.12000000
16.30962500
17.98070800
17.48795900
17.51012500
16.79004100
17.08079200
17.32525000
16.54400000
17.00412500
16.42925000
18.30087500
17.32008300
17.02487500
17.17041700
17.43529200
17.16933300
16.96291700
17.72012500
17.76075000
17.10191600
16.62033400
16.59191600
15.92754200
15.50004200
16.08583300
15.64620800
16.24112500
15.39541700
15.50450000
15.72662500
15.64270800
15.58437500
15.56387500
15.59391700
15.74066700
15.55987500
16.63216600
15.70295900
15.08900000
15.08979100
15.73562500
15.73725000
15.92687500
15.57029200
15.30500000
15.35104200
15.40087500
16.68158300
15.93904200
15.56125000
15.12125000
15.58408300
16.74508300
15.96245900
15.83341600
16.38691700
15.70929200
19.39250000
21.91108300
17.82895800
18.25641700
17.42583300
18.24808400
17.38783300
17.12600000
17.35683300
17.64258400
17.09200000
17.44345800
17.40558300
17.27491700
17.22966700
17.40470800
18.13187500
17.28629200
16.91025000
17.55695800
17.64854200
18.63575000
17.62375000
18.36391600
17.69562500
17.41095900
17.08391600
17.74287500
17.63591700
17.54633300
17.54629200
18.49695800
18.42450000
18.46079200
18.30725000
19.02637500
18.27937500
18.58491700
18.96341600
18.08483400
18.42945800
19.51933300
19.35554200
19.33612500
18.38370800
18.44837500
17.81225000
18.81525000
19.41662500
21.04287500
20.49004200
20.12004200
21.79462500
19.59466600
19.38820900
4.96641600
12.05816700
12.83520800
12.13191700
11.95766700
12.16679100
12.13687500
11.97566700
11.98733300
11.99020900
12.02162500
12.05520800
11.90833300
11.86925000
10.94712500
6.03016700
9.84841700
16.72529100
16.64941700
16.67375000
16.68329200
16.68325000
16.68350000
16.68320800
16.68333300
16.68325000
16.69275000
16.67425000
16.68320900
16.68429100
16.68229200
16.68337500
16.71770800
16.64875000
16.68370900
16.68304100
16.71958400
16.64737500
16.68304100
16.69429200
16.67250000
16.68337500
16.68312500
16.68612500
16.68312500
16.68233300
16.69454200
16.67104200
16.68562500
16.68158300
16.68279200
16.69325000
16.67358300
16.68283300
16.68320900
16.68354100
16.68337500
16.68366700
16.68400000
16.68237500
16.68345800
16.69329200
16.67300000
16.68900000
16.67770800
16.68954200
16.68791700
16.67350000
16.68237500
16.68362500
16.68291600
16.68370900
16.68308300
16.68333300
16.68320900
16.68341600
16.68329200
16.69354200
16.68308300
16.68212500
16.67462500
16.68470800
16.69016700
16.67566700
16.68312500
16.69262500
16.67362500
16.68679100
16.68000000
16.68329200
16.68341700
16.69754100
16.66912500
16.68333400
16.68750000
16.67912500
16.68608300
16.68075000
16.68312500
16.68333300
16.68325000
16.68337500
16.68800000
16.68245900
16.68004100
16.68287500
16.68329200
16.68366700
16.68304100
16.68329200
16.68345800
16.68320900
16.68350000
16.68325000
16.68329100
16.68333400
16.68341600
16.68320900
16.68345800
16.68329200
16.68345800
16.68316700
16.68337500
16.69783300
16.66883300
16.68333400
16.68325000
16.68341600
16.68325000
16.68329200
16.68337500
16.68329200
16.68333300
16.68354200
16.68325000
16.68337500
16.68325000
16.70162500
16.66900000
16.67950000
16.68329100
16.68333400
16.71329100
16.65329200
16.70787500
16.68745800
16.67912500
16.65929200
16.70675000
16.65983300
16.70962500
16.65766700
16.68245800
16.68616700
16.68054200
16.68329100
16.68408400
16.68258300
16.68325000
16.71650000
16.65633300
16.70366700
16.67770800
16.69679200
16.68666700
16.73358300
16.65612500
16.71100000
16.70250000
16.65362500
16.69758300
16.70400000
16.67779200
16.68400000
16.68845800
16.58808400
16.74629100
16.71145900
16.71495800
16.68416700
16.73125000
16.61950000
16.71758300
16.65975000
16.73700000
16.49362500
16.68358300
16.84383400
16.71029100
16.68400000
16.49595900
16.68233300
16.86458300
16.69262500
16.70137500
16.68116700
16.65208300
16.70704200
16.48958300
16.85804200
16.50341700
16.85850000
16.69312500
16.69929100
16.66316700
16.68975000
16.70320800
16.47637500
16.86695900
16.49966600
16.86137500
16.67758400
16.70537500
16.66116600
16.69420900
16.70979100
16.65970900
16.66483300
16.72304200
16.65800000
16.68029100
16.69716700
16.67025000
16.67516700
16.51587500
16.85283300
16.68633300
16.71187500
16.60458400
16.72695800
16.70841700
16.66733300
16.68770800
16.69620900
16.65470800
16.70212500
16.70308300
16.66395900
16.64662500
16.72233300
16.49445800
16.68337500
16.88745900
16.65991600
16.50295900
16.90525000
16.64675000
16.69770800
16.69179200
16.47579100
16.82808400
16.53762500
16.85466600
16.72679200
16.65166700
16.55304100
16.81658400
16.67970800
16.68854200
16.51033300
16.85437500
16.67541700
16.50562500
16.85600000
16.51429100
16.87654200
16.48637500
16.85879200
16.59225000
16.75075000
16.69066600
16.52416700
16.86350000
16.66745800
16.52020900
16.85512500
16.68270800
16.71633300
16.62516700
16.70529200
16.69783300
16.66362500
16.68016700
16.73191600
16.47425000
16.86562500
16.50200000
16.85033400
16.70516600
16.65137500
16.65241700
16.70525000
16.53433300
16.79970900
16.71979100
16.67362500
16.67654200
16.69179200
16.69937500
16.64195800
16.56379200
16.78508300
16.71308300
16.69670900
16.69362500
16.65050000
16.71083300
16.67162500
16.67175000
16.71545800
16.65220900
16.55575000
16.84887500
16.51791600
16.81012500
16.70387500
16.67225000
16.67300000
16.71179200
16.65479200
16.69812500
16.68695800
16.55275000
16.67670800
16.82883400
16.67458300
16.69841700
16.71258300
16.66208300
16.68641700
16.70829200
16.67762500
16.49695800
16.87900000
16.63083300
16.71866700
16.50195800
16.68658400
16.84062500
16.53295800
16.83125000
16.70029200
16.70975000
16.64083300
16.54141700
16.84466600
16.68945900
16.69362500
16.68954100
16.65275000
16.51291700
16.88845800
16.47820900
16.68341600
16.68800000
16.85925000
16.71087500
16.48450000
16.67404200
16.84429200
16.69895800
16.67458300
16.73620900
16.62945800
16.68912500
16.71500000
16.64150000
16.70279200
16.69300000
16.67045800
16.66579200
16.71308300
16.64245800
16.70350000
16.68787500
16.67666700
16.51512500
16.68350000
16.69091700
16.84937500
16.71770800
16.47912500
16.86379200
16.49895800
16.85958300
16.67783400
16.69229100
16.67875000
16.55583400
16.83220800
16.48687500
16.87004200
16.70600000
16.63529100
16.69058400
16.51833300
16.83304200
16.72450000
16.48883300
16.86087500
16.69137500
16.67966700
16.50137500
16.68341600
16.85416700
16.51245800
16.86304200
16.69070800
16.49625000
16.85154200
16.70745800
16.49095900
16.88295800
16.64533300
16.70787500
16.67850000
16.68154200
16.67545800
16.71179200
16.48333300
16.85179200
16.72079200
16.62366600
16.71737500
16.70808400
16.66533300
16.67920800
16.69229200
16.66366700
16.68208300
16.71912500
16.66604200
16.67895800
16.70350000
16.66441700
16.50354100
16.87758400
16.66750000
16.69491600
16.69745900
16.66020800
16.67420800
16.70758400
16.66979100
16.49400000
16.68337500
16.68337500
16.68829200
16.67841700
16.84758300
16.72975000
16.68708300
16.65783400
16.68675000
16.49100000
16.86454100
16.71920900
16.67045800
16.64566700
16.71708300
16.48308300
16.85841700
16.69770800
16.69404200
16.67008300
16.70191700
16.47912500
16.69229200
16.88662500
16.64650000
16.68300000
16.70575000
16.66350000
16.50595800
16.85187500
16.62154200
16.68129100
16.69587500
16.66845900
16.68333300
16.70700000
16.66395800
16.67358400
16.71000000
16.66266600
16.68004200
16.70408300
16.66662500
16.68529200
16.70279200
16.66112500
16.68145800
16.70829200
16.66420800
16.57479200
16.81054100
16.65970900
16.68375000
16.70795800
16.65779200
16.69508300
16.69370800
16.65995900
16.71062500
16.67833300
16.63116700
16.73962500
16.67679100
16.64308400
16.66241600
16.74100000
16.75516700
16.57504200
16.81541600
16.65458400
16.70408300
16.68495800
16.65908400
16.51408300
16.66954200
16.85325000
16.72516600
16.65370900
16.68862500
16.69937500
16.47983300
16.86700000
16.71075000
16.64912500
16.67541700
16.72308300
16.65779200
16.68833300
16.69816700
16.48108300
16.87066700
16.70133300
16.47725000
16.87845800
16.65775000
16.58100000
16.79891700
16.50050000
16.68329200
16.84454100
16.69962500
16.68841700
16.67408300
16.71254200
16.67329200
16.66608300
16.70454200
16.67675000
16.69020800
16.70616700
16.46737500
16.68166600
16.88341700
16.67700000
16.68087500
16.49691700
16.85341600
16.71816700
16.65520800
16.68408400
16.70979100
16.67466700
16.67029200
16.68979100
16.69300000
16.68200000
16.66987500
16.65720900
16.66695800
16.53533300
16.84533400
16.52129100
16.72987500
16.82091700
16.69404200
16.71791600
16.62662500
16.67900000
16.72562500
16.64558400
16.68587500
16.71812500
16.66345800
16.68050000
16.68375000
16.68337500
16.63070800
16.54800000
16.68341700
16.87133300
16.70075000
16.47787500
16.68329200
16.88741700
16.48045800
16.88608300
16.68954200
16.66275000
16.68691700
16.69441600
16.65804200
16.71008300
16.47854200
16.87108300
16.69533400
16.68758300
16.66350000
16.69550000
16.68695800
16.67112500
16.49462500
16.88708400
16.66579100
16.70525000
16.70479200
16.63391700
16.71770800
16.46891700
16.86191600
16.71075000
16.66920900
16.49250000
16.68270800
16.87700000
16.66925000
16.70545800
16.66341700
16.67291700
16.51150000
16.86508300
16.67487500
16.70670800
16.65666700
16.51620800
16.68379200
16.68004200
16.69029100
16.67633400
16.68629100
16.68033400
16.68587500
16.68083300
16.69191700
16.67475000
16.68329100
16.70229200
16.66454200
16.68316600
16.68333400
16.68337500
16.68854100
16.67812500
16.68629200
16.68050000
16.68458300
16.68229200
16.68300000
16.68337500
16.68337500
16.68325000
16.68341700
16.68329100
16.68337500
16.68320900
16.68337500
16.68333300
16.68325000
16.68341700
16.68329100
16.68341700
16.68325000
16.68329200
16.68345800
16.68333300
16.68325000
16.68337500
16.68329200
16.68341700
16.68329100
16.68341700
16.68329200
16.68329100
16.68341700
16.68754200
16.67904100
16.68337500
16.68337500
16.68325000
16.68337500
16.68325000
16.68579200
16.68100000
16.68320800
16.68441700
16.68229200
16.68741600
26.89470900
26.98650000
26.08720800
26.14975000
26.58716700
26.37600000
26.01841600
25.76300000
25.66691700
25.19925000
25.58870800
25.33333400
24.51204100
23.92558400
23.98412500
23.91829100
23.89566700
23.00333300
23.76437500
23.67654200
23.53012500
23.67925000
24.06520800
24.25654200
24.19329200
24.27712500
23.70037500
23.71512500
23.42762500
23.47945800
23.51195800
23.56887500
23.51787500
23.25516700
23.01875000
23.52079200
24.47575000
23.77470800
23.69354200
24.08900000
23.62216600
23.71975000
23.95416700
24.00270800
23.94370900
23.83450000
39.77808300
32.83916700
27.23320800
26.57458300
26.58962500
25.78658400
24.64533300
24.76450000
25.39000000
25.08120800
24.39912500
23.94862500
24.06583400
23.84841600
24.08987500
23.99633400
23.34083300
24.40141700
23.70695800
23.66791700
23.57129100
24.08495900
23.06033300
23.84970800
23.40950000
23.73170900
23.57887500
23.54037500
23.55904100
22.88800000
23.87150000
23.44375000
23.37795900
23.46475000
23.98162500
24.18508300
23.65995800
23.25570900
24.04204100
23.38266700
23.02587500
23.86795800
23.56929200
23.37891700
23.34475000
23.48229100
24.19200000
24.51737500
24.10866700
23.44187500
23.71825000
23.88541700
23.22875000
24.02629100
23.25883400
23.58004100
22.85729200
24.02375000
23.17287500
24.39991700
23.28837500
23.25487500
21.87512500
24.09104100
23.42495900
23.31695800
23.13787500
23.67045800
23.55345900
23.57375000
22.96216600
24.56445900
23.51487500
23.37054100
23.65387500
23.44937500
23.93954200
24.21866700
23.83316600
23.10583400
23.87062500
24.39366600
22.69308400
23.19204100
22.38579200
21.48137500
23.01754200
22.14016600
21.65233400
22.43633300
22.77120800
21.82320900
22.84783300
21.90983300
23.07495900
22.92691600
22.34208400
21.46795800
22.54716700
23.08595800
23.00795800
20.77208400
21.60508300
21.26183300
22.17512500
19.61912500
23.99216700
20.73675000
23.64929200
23.02125000
22.78391600
22.29304200
22.28650000
22.30470800
21.96291700
20.52795800
21.75037500
23.49670900
24.35058300
21.84541700
24.34950000
22.06650000
24.18179100
20.85120900
23.76504100
21.98329200
22.16270800
22.12820900
21.41129100
24.33500000
23.04670900
22.62987500
22.20254100
21.64470900
22.84050000
22.76337500
22.22966600
20.92233400
22.43370800
23.00733300
21.95675000
22.32270900
22.35383300
22.51754200
22.11883300
21.27566700
23.03475000
23.86729100
23.67708400
22.86750000
25.41983300
23.75375000
24.43441700
23.75633300
