19.90229200
13.07679100
19.93770900
13.55804100
20.33245900
13.16345800
20.62258300
12.81750000
20.51341700
12.86362500
21.21520800
12.09987500
19.85541700
13.43912500
19.80004200
13.57879100
19.99441700
13.40850000
19.95225000
13.39029200
19.90091600
13.37945900
20.13345800
13.28158300
19.99554200
13.23112500
20.09650000
13.32729200
20.34283300
13.10091700
20.12087500
13.45345800
20.51162500
12.74454200
20.60604100
12.66050000
19.72125000
13.58083400
19.70033300
13.46608300
19.57345900
14.08145800
19.82237500
13.45016700
19.60020800
13.81808300
19.68387500
13.53087500
19.81775000
13.75545900
19.59270800
13.84483300
19.58583400
13.62766600
19.38712500
13.86312500
19.26487500
14.20579200
19.13670800
14.20166700
19.36204200
13.96666600
19.27004200
14.27141700
19.54954100
13.71304200
19.34237500
14.09191700
19.36933300
14.06829200
19.38666600
13.92583400
19.48400000
13.76500000
18.92983300
14.83129200
19.11179100
13.85120900
19.29741600
14.31379200
19.14604200
14.16066600
19.09754200
14.25412500
18.80708300
14.51633400
19.10625000
14.33875000
19.67670800
13.60200000
19.28854200
14.17220800
19.16000000
14.28154200
19.05758300
14.13566700
19.06891600
14.23775000
18.92054200
14.51575000
19.29962500
13.99337500
19.40245800
13.95958400
19.28725000
14.17887500
19.48687500
13.65558300
19.77775000
13.65429200
20.03350000
13.47275000
20.19916600
12.95091700
19.72537500
13.83583300
19.57625000
13.79304200
19.76720800
13.47675000
19.73791700
13.51662500
19.97325000
13.60750000
20.50375000
12.83037500
20.34037500
12.97016700
20.26687500
13.00254100
19.77995900
13.43837500
19.62525000
14.01770800
20.81720800
12.43745900
20.05179100
13.29400000
20.02437500
13.42525000
20.06645900
13.43979100
19.58712500
13.77795900
19.64429100
13.49291700
19.63720800
13.97479200
19.29700000
13.87675000
19.13891700
14.52066600
19.34816700
13.83645800
19.22545900
14.07745800
19.02629200
14.46783300
19.23091700
14.05883300
19.46479200
13.91404100
19.52525000
13.90991700
19.37533300
13.93191700
19.80579200
13.56937500
19.85695800
13.60037500
19.75587500
13.62037500
19.70270800
13.61970900
19.59637500
13.81108300
19.52166700
13.68000000
19.75362500
13.70645800
19.67462500
13.73554200
19.63941600
13.71329200
19.86000000
13.55616700
19.90808300
13.27604200
19.85316600
13.53154200
19.80625000
13.48616700
19.52783300
13.98600000
19.51129200
13.75404100
19.52979200
13.78391700
19.40220800
14.11300000
19.33750000
14.11504200
19.74566600
13.87687500
20.21637500
12.85308400
20.24983300
13.24400000
20.43633300
12.80491700
20.20175000
13.23791700
20.02437500
13.30333300
19.91704200
13.17820800
19.94941700
13.50395800
20.16670800
13.32612500
20.20741700
13.15700000
20.58920800
12.78354200
20.42208300
12.94112500
20.19920900
13.06787500
20.25687500
13.30041600
20.09412500
13.16141700
20.10150000
13.07929200
20.11045800
13.49879200
20.12566600
13.45554200
20.63479200
12.63362500
20.44975000
12.70362500
19.83687500
13.73604100
19.72116700
13.55154200
20.07350000
13.11329100
20.18554200
13.32195800
20.14912500
13.10375000
19.66062500
13.73612500
19.59945900
13.81033300
19.62712500
13.75470800
19.60925000
13.86766700
19.67775000
13.75158300
19.70391700
13.59970800
19.64537500
13.47783400
19.96975000
13.60095800
20.03929200
13.40437500
19.78408300
13.51937500
19.54283300
13.89783400
19.74700000
13.41675000
19.67383300
13.83337500
19.74791700
13.67408300
19.46991700
13.87866600
19.49700000
13.83070900
19.86270800
13.36845800
20.44120900
12.96250000
20.40829100
12.87937500
20.61691700
12.66166700
20.61054100
12.97825000
20.53404200
12.80683300
20.68737500
12.66225000
20.60858400
12.72037500
20.38962500
12.67104100
20.59033400
13.21945800
20.49495800
12.79041700
20.49075000
12.94329200
20.35487500
12.98625000
20.52300000
12.75616600
20.43191700
12.82770800
20.18370900
13.27820800
20.52908300
13.02750000
19.88712500
13.54412500
19.41933400
13.95733300
19.61837500
13.79308300
19.43704200
13.82783300
19.49454200
14.03216700
19.91654100
13.44387500
19.48745900
13.81795800
19.29020800
13.91554200
19.48816700
13.96712500
19.49979100
13.91970900
19.39604100
13.67666700
19.44845800
14.20945900
19.44800000
13.89400000
19.37975000
13.87954100
19.69500000
13.80645900
19.67500000
13.60966600
19.59070900
13.51812500
19.78445800
14.02933300
19.57254200
13.68850000
19.52154200
13.74125000
19.65658300
13.78458300
19.49904200
13.78062500
19.53704200
13.90308300
19.64512500
13.73558300
19.59520900
13.67116600
19.67683400
13.79941600
19.60500000
13.50537500
19.82483400
13.78583300
19.38125000
14.05000000
19.43945800
13.73283400
19.75795800
13.74762500
19.59645800
13.75016700
19.53612500
13.48112500
19.38850000
14.06958300
19.53516700
14.18395800
19.64366700
13.55175000
19.70137500
13.51087500
19.53933300
13.77137500
19.35675000
14.18391700
19.63291700
13.81237500
19.22987500
14.10683300
19.50541700
13.74779100
19.53083400
14.00045800
19.48887500
13.80058300
19.61745900
13.70975000
20.07908300
13.40304200
19.63133300
13.65233300
20.17812500
13.20741700
20.32650000
13.01987500
20.23016700
13.09270800
19.98700000
13.40595800
20.05016700
13.27562500
20.20891700
12.91000000
20.07666600
13.59504200
20.25100000
12.98287500
20.40700000
13.01612500
20.57966700
12.78891600
20.41479200
12.95995800
20.52966700
12.80241700
20.52854100
12.81287500
20.54829200
12.83429200
20.67962500
12.70408300
21.44420800
12.12987500
20.97391700
12.07945800
21.07150000
12.52679200
20.54054200
12.68504100
20.30775000
13.06050000
20.38695900
13.04929100
20.63041700
12.60775000
20.45829200
12.98945800
20.64637500
12.73254200
20.42666600
12.85395900
20.39391600
12.72695900
20.40891600
13.06300000
20.34420900
13.30841600
20.15570900
12.95020800
20.20800000
13.27458300
19.94541700
13.39191700
19.82075000
13.53870800
19.47679200
13.91508300
19.57058300
13.96300000
19.90383400
13.32308300
20.51779200
12.93012500
20.57204100
12.78870900
20.21625000
12.88154100
20.42437500
13.14495900
20.38991600
12.91720900
20.46070800
12.98979200
20.30545800
12.78541700
20.12112500
13.47395800
20.48820800
12.94575000
20.43437500
12.87387500
20.55508400
12.72062500
20.42458300
12.92104200
20.33583300
13.19241700
20.62629100
12.60279200
20.57879200
12.70854100
20.14495900
13.44958300
19.13025000
14.33837500
18.95604200
14.18525000
19.04870800
14.59437500
19.00733300
14.46345900
19.21891600
13.90079200
20.36970800
13.32258400
19.71312500
13.50970800
19.77829200
13.36200000
19.44745800
13.87712500
19.23120800
14.20429200
19.43383300
13.97762500
19.51154200
13.73183300
19.35454200
14.09695800
19.62620900
13.71354100
19.49437500
13.97016700
19.19491700
14.10320800
19.38050000
14.04708300
19.13754200
14.28054200
19.13495800
14.09954200
19.35695800
14.16075000
19.34479200
13.96145800
19.26516700
14.04870800
19.55300000
13.91612500
19.28491700
13.87270800
19.24179200
14.04925000
19.46466600
14.19783400
20.15941600
13.29712500
19.22029200
14.04912500
19.37679200
13.93429100
19.47037500
13.82937500
19.15804200
14.24291700
19.16425000
14.22437500
19.53395800
13.71050000
19.43795800
14.00579200
19.54791700
13.69000000
19.43966600
14.16129200
19.40212500
14.13104200
19.37908300
13.72641700
19.46616600
14.13850000
19.19658400
14.14212500
19.34400000
13.85208300
19.53116700
13.88275000
19.44041600
13.89770900
19.41129100
13.82479200
19.61162500
13.82475000
20.01137500
13.46383300
19.90179200
13.09816700
20.25916600
13.50345900
19.96479100
13.30795900
20.33854100
13.05175000
20.58441700
12.78941700
20.16495800
13.17212500
20.24750000
13.14787500
20.60145800
12.78312500
20.48266700
12.85212500
20.62212500
12.77850000
20.48020800
13.13137500
20.55804200
12.59266700
21.10816600
12.68991700
21.12716700
11.90208300
21.40795800
11.84216700
20.44495800
12.89729200
20.50995800
12.86804200
20.61583300
12.79970900
21.33275000
12.15400000
21.48208300
11.77562500
21.06783300
12.27000000
20.12616700
13.24475000
20.06308300
13.23470900
20.33645800
12.91654200
19.89525000
13.62933300
19.57591700
13.61641600
19.47225000
13.94908400
19.18604100
14.32412500
19.15462500
14.20854200
19.31329200
14.10254100
18.95500000
14.29625000
18.80770900
14.62529100
19.09716700
14.40116700
18.90233300
14.43450000
18.44962500
14.80104200
18.99045800
14.49841700
19.00233300
14.40458300
19.04554200
14.30970800
18.84733400
14.39895800
19.00820800
14.47525000
19.35416700
14.12075000
19.02875000
14.15641700
19.15520800
14.24504200
18.99091600
14.39995900
18.95595800
13.92920800
19.64529200
13.89241700
19.59287500
13.78637500
19.56070800
13.76820800
19.47750000
13.90579200
19.39329200
13.97170800
19.47125000
13.84116700
19.74016600
13.76720900
19.50404100
13.61183400
19.72554100
13.73745900
19.96929100
13.62179200
19.95925000
13.40916700
19.72862500
13.44604100
19.71379200
13.65950000
19.73320800
13.75525000
19.46929200
13.86370800
19.75212500
13.62950000
19.83141700
13.62700000
19.84879200
13.32275000
19.50133300
13.97170800
19.87141700
13.56904200
19.70075000
13.69266600
19.75475000
13.57983400
19.93020800
13.46208300
19.74183400
13.39916600
19.85983400
13.67016600
19.19033400
14.21108300
19.63000000
13.80337500
19.33570800
14.00050000
19.69458400
13.73491600
19.25812500
14.02295900
19.35637500
13.98691600
19.52266700
13.99825000
19.55683300
13.80462500
19.18916700
14.16066700
27.11579100
6.31870900
20.09250000
13.20012500
20.10441600
13.25025000
19.98975000
13.54275000
19.60033400
13.77662500
19.57591600
13.59770900
19.42562500
14.09154100
19.45475000
13.65687500
19.35075000
14.03933400
19.77429100
13.50650000
19.49270900
14.08104100
19.54825000
13.86595900
19.35095800
13.77095800
19.52779200
13.81062500
19.73891700
13.66795800
19.66462500
13.73883300
19.55145900
13.79254100
19.47970900
13.70737500
19.70916600
13.80454200
19.76662500
13.70104200
19.64670800
13.55845800
19.62883400
13.79620800
20.12091700
13.20591600
19.98329200
13.39825000
20.11120800
13.32966700
19.79225000
13.64566700
20.16683300
13.06416700
21.64266600
19.04770900
9.04737500
19.09537500
14.58304100
20.21600000
13.32783400
20.11516600
13.19112500
19.84637500
13.30662500
20.11891700
13.46683300
20.04875000
13.25591700
19.69583300
13.66300000
20.05295900
13.40537500
19.99575000
13.37279100
19.66741700
13.70229200
19.55379100
13.50816700
19.57362500
14.13445800
20.16208400
13.18916600
20.99779200
12.42733300
20.79341700
12.77662500
19.59179200
13.55391600
19.23062500
14.01179200
19.14287500
14.22745800
19.16458400
14.22275000
18.93437500
14.39679100
19.06466700
14.14233300
18.95045900
14.72362500
18.96891600
14.29637500
19.59116700
13.65441700
19.03108300
14.56533300
18.99483400
14.32341600
19.07412500
14.30216700
19.14558300
14.29958400
18.71491600
14.62325000
18.85529200
14.62020800
18.56966700
14.80825000
18.46529200
14.78433300
18.66041700
14.80316600
18.64933400
14.69820800
18.31433300
15.16266700
18.32970800
14.95320900
18.15908300
15.20175000
18.14079200
15.19662500
18.17345800
14.89716700
18.30512500
15.15620800
18.32370800
15.08208400
18.45875000
14.78983300
18.59070800
14.81966700
18.48958300
14.95050000
18.00795900
15.38441600
18.25145900
15.28700000
18.04979100
15.29129200
17.76791700
15.49925000
17.99283300
15.43187500
17.96279200
15.50062500
17.66833300
15.57029200
18.04275000
15.20375000
18.31266600
15.22308400
18.23108300
14.89633300
18.19604200
15.43408300
18.29945900
14.75350000
18.81308300
14.57291700
19.36579100
14.53016700
19.66425000
13.34758300
19.36187500
13.88783400
19.19483300
14.42670800
18.39616700
14.78716700
18.67562500
14.68612500
19.04612500
14.20075000
19.09141600
14.20533400
18.78595800
14.79800000
18.55741700
14.49145800
18.65383300
14.87187500
18.46387500
14.99625000
18.16691700
15.19295800
17.94195900
15.53120800
17.35937500
16.03587500
17.12295800
16.28591700
17.11391700
16.36904100
16.95300000
16.60225000
16.29241700
16.94058300
16.49483400
16.69995800
17.42937500
15.87995800
18.37604200
14.59391700
19.09512500
14.52425000
19.36041600
13.83800000
19.33775000
14.10779200
20.02766700
13.32045800
20.20800000
13.10933300
19.79091700
13.54958300
19.66920900
13.95129100
19.69741700
13.57300000
19.48012500
13.83354200
19.57845800
13.69187500
19.71604200
13.90520800
19.45025000
13.80520800
19.69808400
13.69137500
19.84095800
13.47912500
19.64033300
13.78700000
19.59708400
13.73929100
19.95904200
13.43587500
19.77083300
13.67533400
19.91570800
13.62979200
20.08050000
13.05241600
19.97641700
13.45954200
19.85133300
13.43295800
20.27179200
12.96670800
20.15758400
13.27537500
20.24779100
13.13200000
19.97287500
13.54070900
19.82220800
13.44104200
19.86716600
13.51625000
19.89450000
13.44183400
20.08575000
13.33491600
19.91925000
13.34804200
20.17354200
13.35279100
20.02300000
13.24875000
19.86550000
13.44900000
20.21233400
13.46212500
20.56104100
12.75104200
20.22216700
12.96362500
19.53216600
13.94091700
19.51420800
13.62850000
18.62654200
14.58020800
18.56779200
15.02420800
18.60925000
14.58066700
18.88466700
14.44891600
18.36225000
15.15595900
19.17525000
14.06108300
18.95504200
14.59433300
18.93712500
14.21025000
19.18579200
14.37662500
19.36770800
14.04179200
19.26695800
14.11700000
19.27845800
14.06262500
18.80733400
14.45416600
19.25920900
14.08237500
19.59575000
13.83700000
19.55916600
13.83229200
19.30325000
14.11404200
19.01216600
14.51845900
18.94320800
14.32283300
19.60208400
13.74983300
18.67179200
14.64737500
18.94933300
14.39358300
19.56095900
13.84433300
20.11570800
13.09025000
19.93212500
13.30687500
20.38120900
13.10866600
19.79733400
13.66841600
20.41404200
12.95154200
19.81975000
13.62508300
19.42950000
13.86150000
20.10516700
13.30425000
19.69545800
13.68108300
19.75829200
13.57533300
19.49820900
13.75633300
19.64112500
13.68208300
19.92683400
13.31220800
20.67612500
12.98237500
20.57058300
12.54933400
20.35341600
13.19429200
20.06666700
13.30087500
19.74091600
13.68433400
20.07450000
13.20433300
20.31629200
13.18008300
19.99129200
13.25125000
20.33037500
13.36629100
19.79741700
13.34408300
19.38520900
14.13270800
19.42512500
13.91425000
19.46804200
13.88816600
19.77137500
13.78079200
19.63929200
13.61050000
19.69891600
13.75187500
19.75758400
13.57208300
19.88833300
13.24975000
20.05512500
13.36566700
20.42325000
12.96608300
19.90037500
13.62616700
19.81620800
13.30908400
19.93991600
13.78579200
20.15762500
13.18320800
20.20095900
13.02445800
20.34000000
13.09787500
20.02316700
13.28970800
19.77091700
13.47400000
20.02454100
13.60354200
19.91304200
13.37520800
19.85983300
13.37691700
20.02933300
13.53029200
19.97104200
13.35725000
19.89562500
13.32045800
20.16670800
13.03383400
19.61091600
13.72720900
19.09379100
14.32320900
19.35700000
14.03725000
19.09808300
14.40391700
19.23491600
14.28979200
19.57662500
13.84112500
19.85066700
13.36500000
19.44679100
13.83941700
19.78054200
13.60937500
19.75287500
13.49708300
19.42150000
13.97187500
19.80933300
13.53700000
20.03195900
13.30950000
19.84666600
13.64837500
20.07408400
13.15416600
20.06150000
13.19854200
19.73179200
13.91287500
19.95566600
13.23687500
20.09841700
13.17925000
19.90275000
13.69625000
19.66250000
13.61629200
20.73279100
12.92595900
20.44829100
12.90495900
20.44962500
12.33737500
20.48425000
12.94300000
20.40000000
13.04966600
20.37095900
12.90962500
20.42329100
12.97525000
20.37154200
12.85820800
20.30075000
13.03020900
20.38625000
12.96179100
20.17958400
13.38066600
20.23200000
13.15445900
19.98970800
13.28825000
20.05858300
13.31204200
20.16862500
13.24270800
20.21412500
13.09929200
20.12737500
13.27245800
20.55950000
12.65595900
20.28612500
13.18833300
20.29287500
13.10333300
20.46100000
12.89050000
19.95829200
13.33987500
20.67787500
12.53754200
20.78475000
12.85708300
20.32345800
13.09370900
20.42158300
13.13512500
21.12141700
13.34066600
20.44712500
13.66670900
20.00650000
11.59887500
20.42420800
12.98958300
19.58208400
13.63133300
19.50470800
14.03354200
19.46104200
13.63533300
18.85158300
14.45558400
19.44645800
14.22320800
18.91587500
14.23045900
18.81179100
14.49020900
18.70054100
14.90275000
18.90204200
14.31950000
19.00995800
14.43645900
18.77058300
14.50104200
19.41641600
13.70270900
19.03825000
14.62441600
18.71766700
14.62937500
19.02987500
14.35929200
18.93054100
14.43620900
18.91870800
14.11200000
19.28595800
14.36541700
20.37537500
12.72300000
20.29337500
12.99158300
20.54604200
12.89683300
20.44020900
13.10675000
20.66045800
12.67816700
20.71537500
12.51637500
20.35533300
13.13387500
19.96741700
13.20312500
20.07183300
13.49116700
20.01645800
13.36091700
19.98745800
13.35587500
20.09137500
13.39320800
20.35445900
13.07616600
20.18933400
13.11304100
20.15441700
13.17433300
19.97775000
13.36412500
20.04466700
13.32725000
20.08554200
13.35079100
20.14675000
12.99033400
20.27575000
13.26412500
20.28837500
13.02558300
20.35800000
12.91779200
20.22625000
13.32941600
20.22658400
13.04845800
20.33108300
13.09112500
20.37091700
13.00908300
20.44020900
12.68750000
20.40541600
13.07687500
20.56887500
12.80495900
20.15495800
13.21666700
20.07425000
13.32004100
19.95070900
13.40558300
19.98429200
13.33787500
20.05066600
13.39550000
20.11033400
13.23141600
20.68383400
12.65900000
20.30041600
13.33012500
20.33445900
12.87008300
20.56295800
12.82741700
20.61500000
12.72625000
20.71433300
13.30545900
17.11950000
16.41050000
17.56491600
15.65291700
17.61529200
15.79779100
17.77462500
15.56658400
17.28883300
15.73654200
17.67416600
16.10758400
17.52225000
15.72400000
17.46120800
15.87383300
17.74095900
15.68700000
17.62783300
15.85745800
17.50379200
15.54979200
18.29591600
15.31308400
17.57020800
15.85045800
17.57920900
15.52525000
17.05179100
16.37175000
16.83216700
16.35437500
16.72983300
16.53287500
17.08008400
16.55341600
16.92766700
16.25304200
16.79241600
16.68341700
17.03129200
16.46525000
16.82062500
16.48795800
16.88966700
16.31025000
17.38112500
16.41604100
17.06020900
16.00262500
16.57358300
16.76579200
16.74354100
16.45012500
16.62462500
16.66225000
18.85329200
14.30970800
19.36308400
13.99825000
19.77937500
13.65870800
20.06345800
13.31604200
20.33637500
12.78470800
20.05383400
13.51479100
20.25379200
13.22354200
20.41558300
12.77650000
20.58141700
12.84470800
20.38516700
12.95683300
20.33766700
13.00583300
20.45733300
12.72562500
19.67700000
13.80450000
19.98891700
13.40766700
20.31587500
13.11666600
20.50695900
12.92758300
20.56475000
12.66979200
20.73616600
12.70991700
20.39633300
13.01716700
19.98383300
13.18858400
20.25762500
13.34895800
20.23133300
13.13770900
20.03237500
13.38050000
20.03141600
13.30166700
19.55812500
13.87062500
19.62250000
14.00862500
19.07333300
14.04083400
18.96862500
14.34391600
18.57350000
14.81033400
18.63683300
14.67958300
18.48508400
14.68187500
18.44250000
15.08375000
18.36941600
14.95462500
18.41404200
14.99729200
18.45304100
14.98162500
18.06516700
15.30600000
18.26029200
15.13237500
18.04300000
15.21350000
17.89966600
15.46679200
18.21137500
15.09700000
18.13120800
15.43225000
17.96545900
15.19879100
17.84366700
15.86608300
17.71187500
15.57087500
17.60670900
15.64129100
17.95570900
15.36737500
17.72125000
15.64337500
17.67062500
15.71700000
17.59645800
15.55929200
17.67529100
15.68854200
17.64220800
15.87720900
17.82962500
15.55125000
18.05112500
15.20379100
18.14900000
15.06379200
18.08837500
15.59879200
18.55162500
15.05975000
18.22895800
14.86041700
18.16279100
15.07220900
18.71016600
14.76804200
18.86820800
14.50783400
18.66970800
14.66345800
18.97529200
14.49250000
18.74133300
14.60758400
18.46566600
14.76270900
18.61720800
14.84808300
18.64595900
14.97016600
19.38991700
14.06616700
19.96491600
13.45495900
19.27462500
13.94858300
18.75825000
14.42558300
19.04600000
14.31000000
18.42945900
15.12795800
18.51291700
14.63720800
18.76829200
14.68279100
18.85416700
14.52362500
18.65995800
14.63000000
18.81987500
14.57245900
18.84262500
14.55900000
18.67200000
14.76454100
20.31495900
13.34233300
19.90179200
23.52225000
33.20595800
6.76425000
19.15345800
6.94720900
25.88437500
9.31883300
22.50958300
9.04025000
21.82158400
7.23800000
19.26687500
8.46800000
18.83612500
14.78254100
18.42591700
15.99687500
21.14241700
11.27583300
22.05962500
11.31400000
23.18445800
9.96629200
19.24275000
15.34354200
21.83512500
10.86370800
29.25629200
7.06812500
21.47066600
8.25095900
18.49925000
15.19850000
18.74541600
14.34675000
18.44491700
15.07412500
18.33487500
15.12916700
19.09591600
13.96266700
18.79500000
14.66129200
18.38020800
14.92729200
19.41354100
14.22508400
19.56362500
13.74720800
18.36158300
14.90795900
19.12575000
14.40700000
18.39645800
14.94616700
18.18108300
15.32133300
20.60512500
12.54445900
18.91854100
14.50841700
21.37708300
11.78329200
21.85850000
11.66837500
20.30287500
13.01191700
20.57820800
12.94779200
20.18645800
13.19054200
20.91612500
12.35287500
20.47945800
12.91258300
19.91933400
12.37616600
23.88012500
10.60866700
103.08662500
15.06637500
31.87112500
6.64550000
22.50112500
6.39670800
22.84950000
6.38125000
21.45766700
6.02387500
21.56875000
7.35675000
21.98612500
5.92966700
20.63604100
5.92145900
20.54270800
5.64454200
20.85970800
5.81725000
20.86779200
5.72945800
20.54141700
5.82466600
20.62191700
5.63050000
20.86458300
5.82704200
20.30229200
5.58970800
20.51766700
5.52875000
20.95025000
10.91133300
20.62583300
13.06054200
20.83616700
12.14095800
21.22033300
12.09170900
20.92062500
12.35533300
20.96016700
12.37612500
21.10516600
12.35829200
20.95808300
12.33637500
20.87462500
12.93333400
21.31895800
11.63616700
21.28441600
11.99283400
20.96837500
12.37658300
20.98308300
12.44512500
20.93229200
12.36725000
20.93775000
12.36183300
21.09475000
12.35583400
21.15616600
12.51420900
21.28725000
11.50579100
21.23733400
12.26237500
21.24041600
12.05654200
21.11183300
12.26616700
20.95666700
12.35937500
21.03237500
12.32487500
21.09225000
12.28220800
21.25650000
12.07087500
21.21295800
12.22050000
21.32541700
11.97029200
21.34058300
11.91025000
21.53795800
12.08945900
21.51883300
11.62758300
21.70883400
11.47337500
22.02850000
11.51787500
21.49558300
11.81570800
21.41487500
11.91479200
22.08583300
11.26387500
22.45787500
21.84829200
5.72820800
20.43341700
12.96033300
22.02808400
11.25233300
22.42950000
10.95662500
21.56008300
11.83637500
22.80687500
10.54091700
22.73316700
10.74604100
22.12495900
11.33145800
22.39020800
11.10245900
24.97341600
8.08312500
21.38141700
11.97737500
22.22716700
11.13362500
22.24341600
11.09175000
21.55016700
11.82612500
21.55212500
11.81854200
21.20275000
12.15845800
21.24795800
12.12208400
20.68812500
12.69783300
20.75350000
12.59745800
20.92012500
12.45741700
20.78291700
12.61779100
20.77212500
12.53762500
21.17812500
12.22066700
20.75525000
12.60712500
21.80887500
11.56012500
21.43712500
11.90758300
21.41216700
12.01175000
20.94658300
12.37691700
21.35108300
12.01591700
21.40966700
11.96712500
21.42333300
11.97216700
21.36466600
11.94920900
20.80454100
12.59025000
21.12679200
12.20804200
20.89691600
12.46712500
21.12729200
12.25912500
21.00920800
12.35091700
21.03808300
12.32529200
21.42054200
11.94616600
21.12079200
12.28029200
20.59616600
12.74962500
21.01779200
12.31975000
21.68195800
11.70358400
20.75595800
12.59408300
21.06087500
12.33291700
21.10925000
12.24345800
20.66595900
12.68916600
21.11679200
12.27216700
21.02300000
12.32166600
21.03275000
12.35270900
21.13675000
12.22966600
21.06408400
12.28520800
20.99604200
12.40979100
21.22179200
12.11366700
21.09000000
12.29558300
20.87929200
12.46091600
21.26408400
12.11879100
20.99837500
12.38545900
20.96066600
12.37841700
21.02379200
12.37062500
20.96850000
12.37975000
21.07266600
12.30358400
20.91108300
12.44108300
22.62512500
10.75500000
22.11645900
11.28225000
21.53454100
11.78566700
20.90979200
12.46429100
21.26429200
12.12441700
21.36662500
11.96120800
20.98020800
12.41283400
21.05120800
12.32370800
20.84791700
12.51991700
20.97587500
12.37741600
21.04825000
12.31425000
21.06808400
12.28100000
20.93470800
12.43050000
21.00975000
12.37912500
21.06312500
12.33266700
21.16350000
12.16316600
20.96616700
12.39800000
21.12179200
12.28229100
20.96045900
12.39550000
21.99712500
12.35591600
20.96333400
12.21825000
20.86704100
12.66366700
20.62045800
12.75450000
20.54620900
12.63579100
20.51620900
13.05270800
20.48158300
12.66970900
20.43054100
13.07525000
20.48004200
12.74458300
20.47391700
13.00104200
20.46145800
13.06937500
20.56441700
12.69908300
20.42558300
13.04720900
20.73345800
12.87012500
20.35725000
12.69470800
20.70112500
12.72754200
20.70983300
12.63987500
20.53250000
12.69195900
20.74262500
12.77400000
20.67629100
12.54325000
20.69033400
12.81583300
20.53991700
12.85775000
20.78166600
12.56820900
20.64762500
12.62337500
20.85245800
12.56025000
20.80716700
12.58583300
20.46412500
12.91354200
20.76033300
12.61916700
20.68558300
12.59591700
20.68033300
13.05516700
21.60041600
11.37066700
21.21404200
12.21841600
20.49791700
12.62070800
20.68600000
13.03416700
20.43779200
12.86045800
20.47712500
12.69941700
20.41962500
12.96708300
20.78679200
12.77112500
20.95966600
12.20720900
20.29958300
13.17920800
20.64483400
12.74366600
20.89841700
12.47687500
20.41337500
12.87554200
20.48841600
13.05979200
20.49908300
12.84012500
20.27591700
13.64354200
21.34679100
11.30770900
20.40162500
13.06529100
20.38520900
12.92708300
20.53066700
13.05745800
20.50537500
12.51658300
20.47629200
12.96204200
21.44420800
12.02529200
20.45125000
12.85020800
20.38233300
13.03279200
20.51879200
12.88891600
20.41541700
12.92508300
20.30712500
12.88600000
20.40391700
13.20454200
20.33954100
12.83375000
20.37570900
13.05629100
20.50291700
12.98208300
20.39579200
12.89104200
20.03054100
13.33262500
20.09225000
13.23937500
20.15966700
13.27879200
20.42250000
12.96866600
20.36533400
12.80625000
20.48716600
13.11820900
20.60029100
12.58550000
20.24533400
13.11341600
20.71595900
12.65912500
20.35941600
13.21037500
20.25829200
12.95333300
20.43275000
13.06400000
20.53825000
12.97479200
20.51954200
12.60816600
20.75387500
12.70212500
20.40812500
12.90675000
20.33295900
12.97183300
20.31483300
13.31058400
20.37016600
12.88962500
20.30050000
12.81395900
20.37170800
13.17637500
20.37350000
12.99558300
19.90150000
13.46291700
20.23583300
13.10954200
20.19858300
13.11312500
20.07429200
13.43500000
20.17495800
13.15608400
20.19779100
13.17704200
20.12312500
13.22841700
20.05337500
13.20937500
20.30000000
12.99800000
20.16054100
13.28425000
20.21408400
13.23312500
20.32441600
13.09470900
20.41325000
12.95054100
20.00629200
13.08512500
20.15037500
13.36595800
19.85408400
13.55116600
20.64691700
12.69700000
20.23062500
13.27100000
20.28929200
13.06541600
20.11554200
13.03295800
20.30254200
13.29633300
20.39029200
12.88479200
20.17458300
13.18979200
20.00512500
13.40712500
20.09862500
13.22458300
19.98987500
13.40933300
20.21162500
13.27358400
19.94470800
13.07491700
20.38583300
13.13383300
20.02245900
13.57983300
20.55375000
12.72633300
20.29383400
13.05133300
20.19954200
13.22887500
20.38858300
12.91475000
20.40166700
12.95450000
20.21425000
13.14091600
20.46600000
12.88791700
20.28937500
12.90920800
20.05087500
13.38220900
20.52641600
12.98483400
20.43579100
12.75125000
20.30329200
13.13987500
20.29129200
13.13795800
20.59570800
12.81750000
20.12929200
12.97141700
21.12420800
12.40154200
21.21791600
12.33425000
20.77412500
12.15650000
20.38287500
13.13733400
20.20050000
13.27062500
20.30158300
13.10833300
20.39554200
13.05512500
20.23891700
13.06487500
20.20862500
12.37016600
16.38375000
16.64154200
16.82312500
16.53950000
16.68025000
16.87683300
16.48987500
16.73891700
16.63725000
16.67758300
16.69320900
16.69262500
16.66445800
16.85512500
16.54429200
16.68808300
16.67695800
16.65383400
16.68570800
16.72854200
16.63412500
16.72225000
16.82929100
16.49591700
16.71591700
16.81833300
16.52241700
16.67325000
16.71079100
16.66391700
16.72870800
16.63225000
16.69854200
16.71591700
16.77983300
16.55925000
16.77604200
16.75783300
16.50862500
16.67950000
19.13741700
14.25095800
16.64966700
16.73829100
18.02387500
15.36612500
16.73787500
18.63004200
14.74675000
16.64050000
16.64087500
16.63208300
18.47241700
14.92150000
16.80329200
16.55445800
16.72145800
17.98633400
15.41466600
16.59029200
17.39216700
15.98808300
16.73558300
16.65404200
16.69225000
16.72212500
16.74475000
18.34837500
14.97266700
16.72925000
16.57162500
16.66895800
16.69820800
16.67195900
16.73416600
19.31245900
14.33404100
17.05645900
16.45983300
17.38945800
15.69225000
18.01545900
15.47995800
16.58470800
16.60558400
16.58300000
18.35408300
15.20741700
17.86875000
15.31358300
16.88895800
16.40945900
17.18683300
16.26150000
16.83375000
16.47104200
16.77529100
16.57670900
16.69850000
16.73462500
17.75958300
15.58395800
16.72270900
20.39533300
13.13529200
16.66816600
16.60012500
16.64495900
19.17816600
14.19616700
16.55079200
16.78545800
16.70041700
16.67650000
16.72608300
16.58491700
18.44666600
14.93662500
16.60354200
16.77904200
16.83875000
17.73275000
17.80908300
15.49475000
16.45591700
16.74258300
16.12762500
16.80100000
16.77450000
16.52350000
16.51775000
16.80479200
16.60358300
16.56491700
16.81637500
16.48425000
16.72850000
16.86912500
16.38366600
16.64120900
16.87775000
16.50658300
16.81525000
17.06687500
16.61675000
16.58387500
16.55637500
16.51016700
16.83041600
16.63795900
16.58083300
16.65616700
16.73716600
16.83295900
16.98779100
16.40412500
16.53212500
16.45600000
16.77116700
16.61233300
16.64591700
16.81454200
16.59670800
16.63704200
16.73895800
16.71200000
16.61716700
16.68395800
16.66170800
16.82300000
16.60670900
16.60983300
16.83737500
16.59720800
16.62612500
16.78550000
16.61329200
16.68604200
16.74591600
16.59325000
16.69620900
16.75316600
16.62650000
16.67587500
16.74620900
16.63062500
16.68804100
16.93029200
16.41466700
19.00954100
14.53750000
16.50929200
16.65337500
16.82716700
16.57608300
16.67333300
16.74545900
16.60141600
18.82754200
14.74279200
16.48495800
16.69504200
19.22004100
14.14270900
16.66212500
17.49254100
17.28583400
15.29166600
16.78208400
16.57295800
16.67604200
19.53666600
13.83787500
16.70208400
16.68762500
16.67404100
16.66008400
16.71737500
16.65570800
16.67541700
16.76795800
18.74512500
14.67045800
16.65562500
16.67162500
16.68925000
18.81629200
14.46529200
16.76358300
16.60245800
18.05533400
15.40912500
16.57900000
16.69487500
16.70995800
18.90187500
14.43737500
16.69770800
17.75191700
15.61041700
18.61770800
14.78658300
16.66645900
16.71312500
16.60683300
16.70370800
18.97979200
14.37850000
16.70116700
17.93387500
15.43029100
16.68820900
16.65041600
16.69179200
16.69725000
18.95875000
14.39208300
16.71220900
16.64566600
16.69954200
18.62604200
14.84604100
16.60979200
16.64266700
16.79820800
16.56787500
18.75975000
14.72158300
16.56520900
18.06291600
15.36029200
17.53029200
15.80575000
16.67841600
16.69120900
16.65437500
18.12679100
15.24475000
16.67500000
19.07429200
14.33333300
16.70866700
16.61941700
16.69295800
16.82683300
16.58704200
16.66370800
16.64641700
16.78366700
16.66170800
16.67579200
16.64920800
19.03404200
14.66575000
16.57795800
19.31558300
15.24370900
16.64150000
16.22170800
16.75783300
16.32737500
16.62395900
16.81295800
16.44362500
16.51745800
16.80741700
16.51575000
16.74550000
16.82158300
16.53425000
16.66795900
16.84391600
16.55425000
16.64570900
16.70025000
16.63291600
16.56795900
16.79291600
16.72637500
16.47229200
16.80450000
16.56720800
16.68045900
16.79837500
16.55341600
16.75987500
16.61175000
16.86516700
16.82933300
16.53845900
16.75458300
16.33929200
16.80504100
16.57200000
16.84262500
16.62462500
16.59970900
17.00808300
16.44054200
16.64845800
16.81120800
16.51454200
16.69083300
16.83120900
16.50591600
16.72316700
16.84566700
16.44795800
16.72445800
16.94387500
16.39729200
16.71579200
16.76775000
16.66754100
16.58066700
16.80125000
16.58050000
16.79229200
16.91891600
16.43904200
16.60704200
16.84241600
16.48754200
16.82533300
16.68833400
16.52225000
18.75129100
14.77600000
16.59441700
18.40404200
15.08462500
16.58950000
16.72770800
16.60870800
16.63854200
16.66470800
16.68641700
16.68237500
18.37595800
14.99300000
16.72062500
16.64425000
17.47608400
15.89541600
16.76008400
16.60729100
16.68300000
18.08166700
15.29845800
16.65595900
16.83204100
16.63241700
17.83391700
15.92000000
16.21575000
16.67600000
16.79958300
16.55937500
16.72087500
18.64870800
14.73983400
16.67220800
16.74137500
16.58091700
16.68466600
16.67291700
18.36087500
15.09604200
18.56958300
14.73254200
16.68362500
16.69450000
16.69233300
16.85537500
16.65795800
16.54058400
19.07475000
14.43158300
16.53725000
16.64950000
16.67087500
18.92320800
14.54308400
16.66366600
16.67233400
16.66475000
16.76120800
18.79391700
14.47379100
16.73062500
16.64220900
18.04866600
15.30270900
16.70362500
16.64770800
16.70370800
16.68620900
16.77091600
16.57604200
16.67683300
16.91079200
18.32741700
14.82120800
16.78875000
16.72150000
16.59020800
16.64333400
18.92520800
14.58354200
16.70416600
16.50570900
16.73045800
17.08491700
16.26933300
3597.89441700
22.37054100
22.51395900
23.26329100
22.93054200
22.20145800
23.02275000
22.02333400
21.82100000
22.45662500
21.80891600
21.81995900
20.78558300
21.95950000
21.85775000
20.77779200
20.41858300
20.12570800
20.37629200
20.13466700
19.72825000
19.63850000
19.63966600
21.75091700
20.95754200
20.41875000
20.12358300
20.44095800
20.04425000
19.19216700
19.82379200
19.44104100
20.56341700
19.88500000
18.16579200
21.64995800
19.98487500
19.40125000
20.44408300
19.63941700
19.85908300
19.63612500
19.03329200
21.00066700
19.67608300
19.63100000
18.72416700
20.25391600
18.17937500
22.50558400
21.43487500
20.59854100
21.56920900
20.73487500
19.83437500
19.70933300
21.30479200
20.09979100
19.17895900
21.86504100
20.71966700
19.92462500
20.94020800
20.12912500
20.19725000
20.16000000
19.70454200
21.54541700
20.30308300
19.82266700
20.37245800
20.00516700
20.27541600
19.01016700
20.06379200
21.35066600
20.02658400
20.52995800
21.78700000
20.29995800
20.39650000
19.26729200
21.13520800
20.10845900
20.58237500
19.77133300
20.71545800
20.62408400
20.44866600
20.38020900
20.37283300
20.44579200
19.89287500
20.00104100
19.26512500
21.49595900
19.77458300
19.34825000
21.27045800
19.66475000
21.19179200
20.72787500
19.82137500
20.37741700
19.45195800
21.29995800
20.19854200
20.22858300
20.20466700
20.09404200
18.81045800
21.73754200
18.98950000
21.30041600
20.30050000
20.31766700
19.35379200
22.26979100
20.68262500
20.10558400
20.45920800
20.32616700
20.12250000
20.42050000
20.12062500
20.35433300
21.04050000
19.46008300
19.88370900
18.54366600
24.07341700
20.60483300
20.23387500
20.71629200
20.48512500
20.38612500
20.61308300
20.75754200
20.53570800
20.33258400
20.24612500
20.60800000
20.42816600
20.56162500
20.45900000
19.50737500
21.12645900
19.03845800
21.10870800
19.90791700
19.50329200
20.29233300
18.02287500
19.73700000
20.86783300
19.70954200
19.74183300
19.65200000
18.87633400
19.72966600
20.78950000
19.46129200
19.64395800
19.67970900
19.63129100
19.80091700
20.52708300
24.21445900
20.97337500
19.93362500
19.67075000
26.70137500
21.94354100
20.10612500
24.29320900
21.44262500
21.05225000
20.90025000
19.10341600
21.90566700
20.71666700
20.78908300
20.06304200
21.86625000
20.24841600
20.71341700
22.53695800
21.13929200
20.28229200
20.57516600
20.34200000
19.55979200
21.07775000
20.86995800
20.24187500
20.11895900
20.60612500
20.49908300
20.41604200
20.38416600
20.01500000
21.25825000
20.27504200
20.04512500
21.43595800
20.63766700
19.75704200
21.98379100
20.42562500
20.59125000
20.40316700
20.76804200
20.44454100
21.63479200
21.87725000
19.36970800
21.92637500
22.79958400
21.20216600
21.36491700
21.16891700
20.04575000
21.27600000
21.12541600
22.38145900
20.26266600
21.74454200
22.97641700
21.21404100
21.20804200
21.05279200
21.83291600
21.39208400
21.75395800
21.26979200
21.29750000
21.55108300
21.15875000
21.14970800
20.66758400
20.54658300
20.34375000
21.56787500
19.90300000
21.75875000
20.27220800
20.39170900
21.51158300
19.90762500
22.30554200
19.03200000
21.76787500
21.71266600
21.23262500
19.71195900
22.34000000
20.34200000
20.53354100
20.97425000
20.51054200
21.31266700
20.98262500
22.44650000
22.10937500
22.39187500
22.34354100
21.69720900
20.26008300
20.80816700
20.49487500
20.87916600
21.07995900
20.35520800
20.84950000
20.38137500
20.46750000
21.90195800
20.39595900
21.05312500
22.35804100
21.10479200
21.26245800
21.81850000
21.23687500
19.72695900
22.74020800
23.19291700
22.68370800
22.16962500
19.85025000
23.99337500
16.47933300
24.70187500
20.77387500
21.32158400
20.44608300
21.54091700
20.33537500
20.51891600
21.13254200
20.95433300
21.17737500
21.38662500
20.51429200
20.45316700
21.07200000
20.72666600
20.46950000
20.47033400
22.11358300
21.61783300
23.03062500
22.02629200
21.41141700
21.36370800
21.21887500
20.84308300
20.70291700
21.68566700
20.17325000
20.10058300
20.63350000
20.12662500
20.07920800
20.66187500
20.33275000
19.88375000
19.92391700
19.76112500
19.55400000
19.46491700
19.48779100
19.60250000
19.35787500
17.95850000
20.58491700
20.91620800
20.70458400
20.94962500
20.87770800
20.56575000
20.72604200
20.35420800
20.10366700
20.47254100
20.43891700
20.53837500
20.00345800
20.42666700
20.54675000
20.24595800
20.28558400
20.31829100
20.91125000
20.31504200
20.07341700
20.35545800
20.19395800
20.18320900
19.92012500
19.91854100
20.10712500
19.74554200
19.91695800
19.64358400
19.53195800
19.64754200
19.91741600
19.86516700
19.78929200
19.55712500
20.25991600
20.54279200
20.60729200
20.02654100
20.27462500
20.60050000
20.28262500
20.53216700
19.95583300
19.69062500
19.47150000
19.84987500
19.68304200
20.39566700
20.27858300
20.78270800
20.09308400
19.68341600
20.07166700
20.00050000
20.01154200
20.34395800
20.28804200
19.88841600
19.69616700
19.94225000
20.13154200
20.85445800
21.08066700
19.27904100
18.98191700
17.65429200
18.81008300
18.13583300
18.03175000
17.83133400
17.94475000
18.80445800
18.66420800
18.32308400
18.45962500
18.63912500
18.64479100
17.67558400
17.70391600
20.26283400
22.45062500
22.00808300
19.36195800
19.29729200
20.03679200
19.01370800
19.95645800
19.51216700
18.84254200
19.15150000
19.17325000
18.76750000
18.93379100
17.78195900
18.26379100
17.76979200
17.60587500
17.59925000
18.03645800
17.78975000
17.65716700
17.41687500
17.62166700
17.60220800
17.36350000
17.32579200
18.20145800
17.34220800
17.42408400
17.74237500
17.41754100
17.31825000
18.03912500
17.15937500
17.20120900
18.04100000
17.59120800
18.63175000
19.13529200
17.71979100
17.32325000
17.98591700
18.30812500
18.75300000
17.14695800
17.16783400
17.28908300
17.84637500
17.82037500
17.42233300
17.46516700
17.27591700
17.39258300
17.17391700
17.15683300
16.88875000
17.32466700
18.31966600
17.00954200
17.97887500
17.69529200
17.62408300
18.92812500
17.51979200
17.37200000
19.03379100
17.48283400
18.46941600
18.70920900
19.22175000
18.65191600
18.47587500
17.48454200
17.59795800
17.40037500
16.04337500
15.46554200
15.81629200
15.55745800
15.42579200
15.05362500
14.92479100
14.90166700
15.00895800
15.09279200
14.93279200
14.89762500
14.79120800
14.74416700
14.80416600
14.69383400
14.69512500
14.79983300
14.64012500
14.79287500
15.05625000
14.73475000
14.50304200
14.15283300
14.07912500
14.04987500
14.46245800
14.33995900
16.31820800
17.39570800
17.17904200
17.14850000
16.97462500
16.93479200
16.79200000
16.90270800
17.17050000
16.61708300
17.09587500
16.90850000
17.03466700
16.81358300
16.89883400
16.79716600
17.16425000
17.77412500
18.56362500
17.68883400
17.60654100
16.79475000
17.32925000
18.24991700
17.41766700
17.76433300
17.33041700
17.72987500
16.73237500
16.77479100
18.04854200
16.71579200
16.98950000
17.62295800
17.31758300
16.70675000
17.00225000
16.67437500
17.03745900
17.51645800
16.56466700
16.57937500
16.62016600
16.68454200
16.18633300
16.35637500
16.95066700
16.47737500
16.82679200
16.97808300
16.99137500
16.69037500
16.95516700
16.27691600
16.47125000
16.60491700
16.85875000
16.63633300
16.84837500
16.90970900
16.98904100
16.69566700
16.72304200
16.57533300
16.26000000
18.37420800
17.01937500
17.32600000
17.15570900
24.12787500
21.44045800
22.28316700
20.57408300
21.09970800
20.92908400
20.25583300
20.19358300
19.30312500
18.24933400
18.11966600
18.05841700
18.07437500
18.12487500
17.62245800
17.70891700
17.58016700
17.63100000
17.10670800
16.99233300
16.68308400
17.22333300
16.26262500
16.51887500
16.21133300
16.34937500
17.09295900
18.51929100
16.65745900
16.79808300
16.63412500
16.86441700
17.12470800
16.49291700
16.57145800
16.54587500
17.62441700
16.72054100
16.44750000
16.67512500
16.18575000
16.04829200
17.36262500
16.32358300
16.20225000
15.93833400
16.06675000
16.02400000
16.28375000
15.87041600
16.33825000
16.76383400
17.45837500
17.37162500
16.06258300
16.54079200
17.37783300
16.91175000
16.18637500
16.27737500
15.89745800
16.00220900
16.04287500
16.69254100
15.97350000
16.45845900
15.97479100
16.65650000
17.12604200
16.07941700
17.02350000
16.10675000
15.95079100
16.14279200
16.18329200
16.11066600
16.13800000
16.11754200
16.02970800
15.98841700
15.81416700
15.85191600
15.80558400
15.85675000
15.94204100
16.54325000
15.74200000
16.16920900
17.91150000
16.92379100
16.57454200
15.35004200
15.46895800
16.09837500
16.62262500
15.78600000
15.55016700
15.71358300
15.97537500
15.43845800
15.29195900
15.25141600
15.74437500
15.98795900
15.07691600
14.87554200
14.88575000
14.94479200
15.58237500
15.11308300
15.09100000
15.00491700
14.87925000
15.65541600
15.15804200
15.05479200
14.85583300
14.88458300
15.45204200
16.47975000
14.88658300
15.03170900
14.60225000
14.90408300
15.86062500
16.03429200
15.62362500
15.38237500
16.13345800
15.37087500
15.72329200
15.59037500
15.54008300
15.50887500
15.49379200
15.10004100
16.87241700
15.50958300
15.36529200
15.50700000
15.58312500
16.54208300
15.68983400
15.65712500
16.40233300
15.78283300
16.02900000
16.46420900
15.95587500
15.96012500
15.57529100
15.69450000
16.10412500
15.45920900
15.55525000
15.45304100
15.42479200
15.19045800
16.43233400
15.77983300
15.27637500
15.81108300
16.72691700
16.64816700
16.66979100
16.72212500
16.67087500
16.67825000
16.67608400
16.68879100
16.66408400
16.71075000
16.66129100
16.71691700
16.64158300
16.72379200
16.66583300
16.66041700
16.68500000
16.69191700
16.68658300
16.68004200
16.71708300
16.65387500
16.67666700
16.71566600
16.65554200
16.70375000
16.67533300
16.66425000
16.68275000
16.68087500
16.71233400
16.65083300
16.68295800
16.70808400
16.66187500
16.71841600
16.66937500
16.66800000
16.69391700
16.67166700
16.69950000
16.67558300
16.67116700
16.74754100
16.67320900
16.66216600
16.65370900
16.73304100
16.63237500
16.73904200
16.73854200
16.63983300
16.68420800
16.64904200
16.70895800
16.80279200
16.62341700
16.74241600
16.60812500
16.67558400
16.73591600
16.61366700
16.75983300
16.63691700
16.70079200
16.67200000
16.72804100
16.72879200
16.62983300
16.72975000
16.65062500
16.65616700
16.69700000
16.69250000
16.70125000
16.71745800
16.62700000
16.73158400
16.62504100
16.71795900
16.70616600
16.70304200
16.66545800
16.72841700
16.73370800
16.64770900
16.60604100
16.75950000
16.59454200
16.70179200
16.68641600
16.65004200
16.71162500
16.70920800
16.61754200
16.82783300
16.54100000
16.83895900
16.59629100
17.14512500
16.57633400
16.34579100
16.67750000
16.80841700
16.68262500
16.59995800
16.79404200
16.75062500
16.57400000
16.81516700
16.62170800
16.67962500
16.76408300
16.69070900
16.75716600
16.68250000
16.63512500
16.69466700
16.70137500
16.82033300
16.75175000
16.58758400
16.61962500
16.89279100
16.58912500
16.78287500
16.67212500
16.71420900
16.32312500
17.10062500
16.34208300
16.85408300
17.52350000
16.23116700
16.48329200
16.69575000
16.54783300
16.61454200
16.68162500
16.75820800
16.56858300
17.40175000
15.59933400
16.95854100
16.75787500
16.64266700
16.11479200
17.23225000
16.69125000
16.66262500
16.67316600
16.73220900
16.61458300
16.90404200
16.10970800
16.47304200
17.10545800
16.51612500
16.91233300
16.21979200
17.17375000
16.82554200
16.62525000
16.67837500
16.59391600
16.75829200
16.68100000
16.66533300
16.79237500
16.61775000
16.63912500
16.73879200
16.66220800
16.69745900
16.66466600
16.87479200
16.66650000
16.67900000
16.62945800
16.79483400
16.57816600
16.65591700
16.78487500
16.60700000
16.50412500
16.17475000
16.69962500
17.33504200
16.21308300
16.91995800
17.31758400
16.14095800
17.57758300
15.83508400
16.85712500
16.74095800
16.52070800
16.44333400
16.94795800
16.64516700
16.76541600
16.73025000
16.65212500
17.42545900
16.20800000
16.18012500
16.84387500
16.99550000
17.20475000
17.37220800
16.61945800
16.71541700
16.97062500
16.29220800
16.59745900
17.47950000
17.66937500
19.14712500
17.96004100
17.78354200
17.21000000
18.37729200
17.73558300
18.03783300
17.06962500
18.64120900
17.91037500
16.98462500
18.64212500
17.71466600
17.14445900
16.31454100
17.74666700
18.50150000
16.81916700
16.59625000
17.05125000
18.03829100
17.23708400
17.95920800
15.96008300
18.79212500
17.13520900
16.97312500
16.94033300
16.34750000
17.02033300
17.31929200
16.68541700
16.82770800
15.55354200
18.75445800
15.91908300
18.72062500
16.34416700
18.29683300
17.60345900
17.42925000
18.46141600
18.73462500
17.09562500
17.34112500
17.47558400
17.55704100
17.77150000
17.51650000
17.22041700
16.71720800
16.85675000
17.34341700
16.26000000
17.87887500
17.34170800
16.45570900
16.88725000
17.48695800
17.28075000
16.31566700
16.73570800
17.51704200
16.85283300
18.50616700
16.12358300
17.03316700
16.73491600
17.19850000
17.16970900
17.42270800
16.83141700
17.91620800
21.41637500
28.56375000
18.81429200
19.37362500
17.78958300
17.60695800
17.31220900
17.38662500
17.85737500
17.83916600
17.21616700
18.24087500
18.68887500
18.18250000
16.76029200
18.30829100
17.85737500
18.75925000
17.93750000
16.78258400
19.32012500
17.48966600
18.58650000
17.45662500
17.58766700
17.20045800
17.51879200
17.10433300
18.11841700
17.95250000
17.34116700
16.97687500
18.18625000
16.39775000
16.89483300
16.72750000
17.70383300
17.73250000
17.25262500
19.40475000
17.32566700
17.43170800
16.39512500
19.22316700
18.29383300
17.44837500
17.09216700
16.25070800
17.93033400
17.52766600
17.51387500
16.58475000
17.29362500
17.17616700
16.07195800
17.37200000
16.53512500
18.63750000
17.18566700
17.09179200
17.00933300
17.40691700
16.77829100
17.42870900
17.23137500
18.07650000
17.06162500
16.59908300
16.53183300
15.89737500
14.70354200
16.76045800
15.81716700
16.33533300
15.31304200
15.46145800
15.70308400
15.51845800
15.63137500
15.62829200
15.54545800
15.75458300
15.49766700
16.54695800
15.76675000
15.14400000
14.46837500
16.02383400
15.78808300
16.13275000
15.79458300
15.10966700
15.39679200
15.35845800
16.82062500
16.00933300
15.44254200
15.10175000
15.76583300
16.90533400
15.93708300
15.19108300
16.96237500
15.61837500
20.14129200
21.45337500
17.76820800
18.31695900
16.43462500
19.02712500
17.42237500
17.12812500
17.23491600
17.75425000
17.12087500
17.37925000
17.33608400
17.38416600
17.16033400
16.90000000
18.77537500
17.13808300
17.07433300
17.53920900
17.25983300
18.96600000
17.55691700
18.52462500
17.73716600
17.46754200
16.71533300
17.96520900
17.62283300
17.31704200
17.62262500
18.58425000
18.22483300
18.63887500
17.57862500
19.60712500
18.53475000
18.23008300
19.10591700
18.31116700
17.68800000
19.98566600
19.55666700
19.43662500
18.52620800
18.30658400
17.76537500
18.93750000
19.42395800
21.27887500
20.23116700
20.24416600
21.55479200
19.64091700
17.60483300
5.56150000
217.60141700
16.65287500
16.70537500
16.67933300
16.70562500
16.64454200
16.67487500
16.69804100
16.66875000
16.71575000
16.65350000
16.68975000
16.67154200
16.69283300
16.70170900
16.65833300
16.67866700
16.68429100
16.69937500
16.67108400
16.70637500
16.68125000
16.68108300
16.69062500
16.66125000
16.69729200
16.69929100
16.65583400
16.72341600
16.65208400
16.68170800
16.71679200
16.64312500
16.72637500
16.66941600
16.67979200
16.67491700
16.69629100
16.71558400
17.13133300
16.26083300
16.64908400
16.63366600
16.71162500
16.64000000
16.69737500
16.67000000
16.68583400
16.69695800
16.67329200
16.71616600
16.64637500
16.68433400
16.68683300
16.68970800
16.67962500
16.68537500
16.68862500
16.66529200
16.68429200
16.70425000
16.68929100
16.68791700
16.65691700
16.68733300
16.69479200
16.67370800
16.68433300
16.67391700
16.71895800
16.64725000
16.69429200
16.67620800
16.71516700
16.67245800
16.65895900
16.68100000
16.69112500
16.69175000
16.70595800
16.64616700
16.72633300
16.64779200
16.67595800
16.71458300
16.74308400
16.60645800
16.68779200
16.67600000
16.68591600
16.66095900
16.70070800
16.68679200
16.68433300
16.68066700
16.66341600
16.70662500
16.67725000
16.67041700
16.68975000
16.67412500
16.68779200
16.68350000
16.68187500
16.67962500
16.69975000
16.68383300
16.68520800
16.66708400
16.69537500
16.67037500
16.68383300
16.68462500
16.68091700
16.68150000
16.70050000
16.68495800
16.68275000
16.67720800
16.69808400
16.67216600
16.71837500
16.69912500
16.62487500
16.68916700
16.67525000
16.69358300
16.72070900
16.64325000
16.71012500
16.68491600
16.67491700
16.68100000
16.68200000
16.67475000
16.68945800
16.67204200
16.68487500
16.67941700
16.67600000
16.71366600
16.66333400
16.69170800
16.67695800
16.68454200
16.68062500
16.69191700
16.70912500
16.65720800
16.66679200
16.74704100
16.62795900
16.68437500
16.68245800
16.69029200
16.77741600
16.73762500
16.56758400
16.82825000
16.77541600
16.49729200
16.66629200
16.61845800
16.69516700
16.68016600
16.68641700
16.70416700
16.63395800
16.68991700
16.68345800
16.72470800
16.64408400
16.71875000
16.64891600
16.82404200
16.53566700
16.72633300
16.67787500
16.63920800
16.77183400
16.62900000
16.66116600
16.68312500
16.67308400
16.68412500
16.72825000
16.65250000
16.68437500
16.71991600
16.64429200
16.85179200
16.51054100
16.75725000
16.62529200
16.69887500
16.71954200
16.68329100
16.66491700
16.64250000
16.68408300
16.73716700
16.61779200
16.70304100
16.68741700
16.67150000
16.70804200
16.65054100
16.68758400
16.69737500
16.71316600
16.65333400
16.70941600
16.66825000
16.65833400
16.75295800
16.65387500
16.62741700
16.76566600
16.72012500
16.56804200
16.69983300
16.83687500
16.51416700
16.71425000
16.78862500
16.54320800
16.70658400
16.71337500
16.68070800
16.66912500
16.67408300
16.66437500
16.72825000
16.64170900
16.70129100
16.69779200
16.70375000
16.62062500
16.72100000
16.64233300
16.70625000
16.67383400
16.70620800
16.64795800
16.72687500
16.69004200
16.64229200
16.73004100
16.64258400
16.72720800
16.69562500
16.63970800
16.70529200
16.65616700
16.80258300
16.56016700
16.66795800
16.74279200
16.70408300
16.67162500
16.62420800
16.67116700
16.70820800
16.69845900
16.65095800
16.77012500
16.59633300
16.72825000
16.65837500
16.70087500
16.89362500
16.54437500
16.62750000
16.76325000
16.56483400
16.67395800
16.76595800
16.72070900
16.68712500
16.65645800
16.65987500
16.70479200
16.60083300
16.93783300
16.44425000
16.71920900
16.77562500
16.60679100
16.71091700
16.72916700
16.59454100
16.77187500
16.62025000
16.60483400
16.76108300
16.60195800
16.77087500
16.68266700
16.71195800
16.62720900
16.74595800
16.61245800
16.90012500
16.59295900
16.56437500
16.65275000
16.77925000
16.53916600
16.69858400
16.78191600
16.58533400
16.68870800
16.73241700
16.67075000
16.65504100
16.78191700
16.57300000
16.67212500
16.70204200
16.69616600
16.64445900
16.72275000
16.66370800
16.69212500
16.72454200
16.65287500
16.66104100
16.72066700
16.68941700
16.64645800
16.74179200
16.60575000
16.68366600
16.71158400
16.69291600
16.64416700
16.68279200
16.68354100
16.79695900
16.57266600
16.68233400
16.72875000
16.68512500
16.64804100
16.77575000
16.67804200
16.63158300
16.66504200
16.65229200
16.75820800
16.65387500
16.64120800
16.68816700
16.75595800
16.60329200
16.78995800
16.65550000
16.60408400
16.68708300
16.68808300
16.68491700
16.69120800
16.77254200
16.61045800
16.66358400
16.69304100
16.66358400
16.67825000
16.72437500
16.69958300
16.67412500
16.73354200
16.65241600
16.62645900
16.77812500
16.58162500
16.76787500
16.60666600
16.72733400
16.69045800
16.62200000
16.69908300
16.67629200
16.71279200
16.65058300
16.68208300
16.69433400
16.68616600
16.71779200
16.66612500
16.65591700
16.71604100
16.73658400
16.58800000
16.80162500
16.59758300
16.70529200
16.65358300
16.67666700
16.67300000
16.69504100
16.71983400
16.64270800
16.78737500
16.57825000
16.67783300
16.67866700
16.69800000
16.66991700
16.73662500
16.64966600
16.71104200
16.62925000
16.68404200
16.70875000
16.67033300
16.71387500
16.71112500
16.62870800
16.69000000
16.66604200
16.67483300
16.72312500
16.67025000
16.74879200
16.59462500
16.71158300
16.65650000
16.71862500
16.64637500
16.71241700
16.68075000
16.65512500
16.71916700
16.68687500
16.64670800
16.69395800
16.70300000
16.65195900
16.71608300
16.66416700
16.68537500
16.68691600
16.68020900
16.68529100
16.68816700
16.68208300
16.65850000
16.72095900
16.67908300
16.66129200
16.68916600
16.66895900
16.71233300
16.65554200
16.69508300
16.71566700
16.67820800
16.78341700
16.58683300
16.65612500
16.71379200
16.70908300
16.61866700
16.67816600
16.78037500
16.58487500
16.68995900
16.73595800
16.66350000
16.65820800
16.70620900
16.67000000
16.66016600
16.80970900
16.56900000
16.74616600
16.64487500
16.68408400
16.67575000
16.82779100
16.53408400
16.66933300
16.76950000
16.59912500
16.70716700
16.69420800
16.63541700
16.77212500
16.72608300
16.62695800
16.64491700
16.70325000
16.63420800
16.70579200
16.73200000
16.62412500
16.68487500
16.71358300
16.63537500
16.73287500
16.65795900
16.65454100
16.69687500
16.72358400
16.62904100
16.68837500
16.69829200
16.67554200
16.70679100
16.65108400
16.68087500
16.68929100
16.70483400
16.66100000
16.71579100
16.67679200
16.67787500
16.65487500
16.71270800
16.76820900
16.62962500
16.64883300
16.70529200
16.64345800
16.71954200
16.65341600
16.72954200
16.62416700
16.68883300
16.69991700
16.66054100
16.69583400
16.70062500
16.66570800
16.67279200
16.74866600
16.62733400
16.71870800
16.65754200
16.66529100
16.69329200
16.67729200
16.69958300
16.67516700
16.67141600
16.68504200
16.69679200
16.68079100
16.66833400
16.68370800
16.72933300
16.65704200
16.69716700
16.70370800
16.68762500
16.64858300
16.66970900
16.71166600
16.66679200
16.69075000
16.66358300
16.91908400
16.47441600
16.70370900
16.68666600
16.67962500
16.63433400
16.72362500
16.66833300
16.65687500
16.75625000
16.61695800
16.72191700
16.65770800
16.69383400
16.68708300
16.65120800
16.71445900
16.66400000
16.74400000
16.63366600
16.70608400
16.71654100
16.65804200
16.67562500
16.70445800
16.63816700
16.69266700
16.67504100
16.70554200
16.75366700
16.70616600
16.63075000
16.82179200
16.62129200
16.71100000
16.64966600
16.78220900
16.63166600
16.79245900
19.30587500
14.07525000
16.70154100
16.59008400
16.79087500
16.63379100
18.32112500
15.07804200
16.70700000
16.74750000
16.65491700
16.68654100
16.70495900
16.72904100
16.59558400
16.64550000
16.76087500
16.65816600
16.27870900
16.70491600
1061.97816700
26.32875000
26.49862500
25.79154200
26.84295800
26.30766700
25.89970800
25.98883300
25.76266700
25.23933300
25.46166700
25.31287500
25.00258300
24.01183400
24.02104100
23.78000000
23.68604200
23.08212500
23.70241700
23.84950000
22.72433300
23.76675000
24.81883300
24.34195900
24.27158300
24.18958300
23.62829200
23.63450000
23.37187500
23.73575000
22.98200000
23.38708300
23.24583400
24.08954100
23.01275000
23.66108400
24.34787500
23.97112500
23.61725000
24.11225000
23.72595800
23.60387500
23.91962500
24.07441700
23.69904100
24.07012500
40.44112500
32.58583400
27.19412500
25.63508300
27.02375000
25.69333300
24.82600000
24.65487500
25.38816700
25.13450000
24.15191700
24.19879100
24.09700000
23.75670900
24.16654100
24.02304200
23.29100000
23.91829200
24.31670800
23.63570800
23.06529200
24.72287500
22.54220800
24.42037500
22.61262500
24.44979200
23.57245800
23.58795900
23.54666600
22.57779200
23.26608300
24.47870900
22.59029100
23.32533400
24.77416600
24.48958400
23.83954100
22.80379200
24.37600000
23.26845800
22.09216700
24.82412500
23.59616700
23.24375000
23.48200000
22.19120800
25.62725000
24.61725000
23.82945800
23.20237500
24.06408400
23.75745800
22.83708300
24.37058400
23.36833300
23.50641700
22.46820800
24.40808300
23.00329200
24.75487500
23.35804200
23.12712500
21.39070800
24.52387500
23.41766700
23.42662500
22.81154100
23.90641700
23.71458300
23.67533400
21.23670800
26.12941700
23.48841600
23.28766700
23.83383300
22.16837500
25.12758400
24.20275000
23.70350000
23.33550000
23.98933300
24.13345800
22.64658400
23.19358300
22.20095800
21.16845900
23.49470800
22.00862500
21.31400000
22.45200000
23.01541700
21.53325000
23.25929100
21.02687500
24.13729200
22.79670800
22.33812500
19.90620900
22.63962500
24.02029100
23.39545900
20.29741600
22.08675000
21.28125000
22.04750000
19.88670900
24.02275000
20.68287500
24.17516600
22.75191700
22.63412500
22.35104200
22.16616600
22.29054200
21.96158300
20.12233400
21.74104100
23.89641700
24.58858300
21.77866700
24.30933300
21.80129200
24.37066700
20.98675000
23.62691600
21.96570900
22.12583300
22.07104200
21.18166600
24.57833400
23.04625000
22.51695800
22.30537500
21.77058300
22.69195900
22.75233300
22.25916700
21.01404100
22.61529200
22.75350000
21.81279200
22.37066600
22.51545900
22.42500000
22.16720800
21.40958300
23.03645900
23.76187500
23.64391600
23.15316700
25.14829200
23.85558300
24.26537500
23.94395800
24.37570900
23.70554100
23.58791700
25.00291700
23.75787500
23.54433300
23.83258300
23.49154200
24.05929200
23.40475000
23.94833300
23.08983300
23.32037500
23.35229200
23.31787500
22.65954200
24.83775000
24.51250000
26.49170800
24.08129200
23.51950000
23.89616600
23.73375000
23.42962500
25.42870900
23.28741600
25.07983400
24.10450000
24.02900000
23.75141600
23.83008400
22.77966600
24.46991700
24.14520800
22.55391700
24.47400000
25.24758300
22.49075000
22.28370900
21.79787500
23.92508300
26.97441700
23.53308300
23.43608300
22.29912500
22.83066700
21.23966700
23.68579100
22.80816700
21.67933300
23.45350000
22.44395900
22.27395800
22.20991700
21.76812500
22.44683300
22.71341700
22.15500000
22.28800000
21.84829100
22.49258400
22.84062500
22.05520800
21.37754200
22.88687500
21.81275000
22.34987500
22.44850000
22.46800000
21.42904100
24.92733400
23.52116600
23.73354200
23.51375000
22.53737500
25.15162500
23.62200000
29.75800000
24.15750000
24.45520800
24.70720900
22.46679100
24.98137500
23.63433400
24.16100000
22.59883300
22.40408300
26.61233400
23.43770800
23.70320800
22.26683400
23.68020800
25.95541700
25.21316600
23.59375000
20.75637500
23.97720900
21.74566600
24.41650000
22.23458400
23.02608300
21.45925000
25.01387500
19.95408300
24.55100000
25.01408400
23.72533300
22.14283300
24.89866700
23.54400000
23.18920800
23.42341700
22.83316700
22.63883300
22.48200000
23.37579200
22.60016600
22.27025000
23.84470900
23.83258300
21.73650000
25.59683300
22.96100000
23.32241700
23.62345800
23.77650000
24.10687500
