16.58070800
16.81266700
17.50595800
20.28512500
17.42879200
19.61025000
20.53504200
22.95591600
25.35087500
28.32437500
18.15800000
17.45212500
18.05262500
18.49950000
18.82350000
17.53775000
16.79604200
16.47091700
16.79666600
16.49837500
15.62337500
14.67179200
16.07195800
15.09058400
15.27770800
14.92833300
16.30862500
15.14808400
15.65791600
15.99041700
17.96450000
16.23616700
15.41729100
15.57150000
14.79558400
14.19679100
15.68279200
15.37275000
16.46600000
17.49325000
16.39795800
16.02491700
16.23954200
15.54016600
16.12720900
15.93037500
16.28766600
15.62845900
15.57287500
15.29733300
15.74454200
15.22883300
16.31637500
15.09462500
14.72379200
14.62591600
14.39137500
14.52516700
14.55883300
14.38250000
14.85600000
16.19208400
16.25283300
17.10891700
16.77291600
16.81791700
16.88283300
16.65520900
16.05741600
16.94133400
16.77491600
16.70166700
16.86891700
16.79175000
16.23908300
16.77333300
16.66429200
16.40291700
16.93679100
16.63991700
16.72483300
16.81691700
16.84333300
16.44591700
16.93454200
16.32779100
16.76487500
16.87012500
16.58866700
16.86420800
16.75341700
16.30262500
16.71070800
16.70962500
16.62187500
16.71645900
16.74279100
16.58987500
16.73645900
16.67091600
16.59229200
16.78079200
16.66725000
16.61345800
16.78158300
16.69550000
16.61491700
16.74800000
16.59212500
16.72362500
16.13591700
17.26270800
16.64450000
16.21012500
17.27345800
16.57541700
16.48804200
16.91975000
16.53758300
16.97845800
16.53554200
16.63354200
16.66841600
17.08266700
16.44570800
16.46045900
16.73704100
16.65604200
16.74633300
17.52833400
16.11654100
16.70995900
16.35641600
16.55637500
16.40816700
17.01454200
16.76129100
16.61570900
16.67091600
16.18966700
17.11000000
16.70608300
16.77016700
16.66320800
16.56633400
16.46112500
16.93887500
16.68458300
16.25595800
17.02237500
16.66750000
16.67870900
16.73358300
16.65258300
16.75104200
16.67070800
16.63516700
16.82658300
16.74270900
16.57008300
16.78016700
16.72958300
16.59025000
16.74604200
16.71366600
16.45800000
16.86583400
16.66550000
16.60708300
16.50800000
17.02841700
16.53579100
16.60487500
16.90458400
16.71104100
16.33625000
16.91908400
16.82545800
16.34270800
17.02954200
16.66695800
16.65462500
16.69658400
16.72558300
16.69391700
16.58158300
16.78100000
16.60945800
16.74391700
16.64275000
16.65420800
16.79066700
16.62358300
16.69525000
16.58508400
16.78570800
16.73725000
16.56529200
16.73654100
16.72470900
16.58075000
16.32754100
17.12625000
16.68216700
16.68408300
16.67004200
16.64995800
16.25183400
17.10737500
16.62608300
16.77912500
16.61516700
16.62737500
16.92741600
16.55116700
16.58425000
16.73916700
16.65204100
16.64408400
16.53216600
16.90883400
16.60316600
16.81575000
16.75650000
16.51529200
16.10475000
17.26408300
16.45750000
16.45154200
17.10054200
16.75470800
16.30962500
16.75779200
16.41112500
16.64400000
17.08345800
16.83212500
16.65720800
16.19358400
16.65441600
17.19208400
16.65300000
16.76920800
16.54566700
16.73425000
16.77350000
16.78429100
16.61066700
16.81595800
16.47158400
16.72950000
16.74850000
16.64108300
16.64900000
16.73945800
16.80050000
16.57445900
16.69633300
16.59716700
16.70045800
16.69687500
16.74970800
16.61125000
16.65908400
16.62829100
16.73358400
16.69845800
16.75979200
16.66633300
16.63262500
16.67512500
16.59520800
16.80387500
16.15112500
17.16200000
16.78150000
16.69320900
16.53491600
16.76020900
16.45287500
16.96500000
16.60083300
16.70050000
16.73458300
16.63183400
16.64725000
16.68054100
16.68575000
16.77291700
16.65454200
16.69925000
16.56095800
16.78504200
16.64391600
16.65750000
16.67654200
16.66875000
16.73220800
16.64137500
16.77525000
16.62812500
16.76037500
16.74125000
16.56100000
16.76204200
16.62116700
16.63520800
16.74675000
16.66666700
16.62620800
16.76554200
16.62079100
16.73566700
16.67341700
16.69687500
16.87475000
16.44208300
16.67041700
16.64645800
16.85033300
16.56833400
16.64641600
16.83075000
16.59933400
16.64945800
16.76733300
16.64791700
16.61762500
16.76954200
16.60945800
16.67141700
16.95454100
16.51491700
17.02104200
16.18637500
16.73866600
16.69966700
16.59770800
16.67433400
16.70616600
16.66700000
16.69162500
16.68216700
16.68754200
16.61587500
16.72179100
16.73729200
16.60404200
16.74479100
16.65150000
16.65958400
16.66345800
16.69587500
16.66283300
16.73958400
16.47183300
16.86666700
16.69366600
16.74616700
16.72520800
16.85308400
16.19525000
16.91975000
16.69462500
16.68254100
17.05420900
16.87712500
16.34058300
16.65208300
16.68295900
16.40045800
16.88716700
16.72333300
16.68116700
16.72929100
17.53979200
15.77212500
16.95216700
16.41587500
16.73075000
16.75612500
16.99787500
16.65666600
16.52337500
16.44208400
16.69916600
16.70195900
16.66391600
16.74950000
16.59700000
16.68137500
16.77620900
16.63458300
16.66808300
16.74045900
16.62387500
16.64362500
16.71966600
16.72866700
16.65112500
16.60250000
16.69616700
16.74695800
16.33275000
17.13625000
16.68437500
16.12837500
17.26395800
16.55229200
16.20825000
17.23345800
16.61200000
16.61712500
16.74437500
16.64483400
16.71170800
16.67870800
16.67645900
16.57875000
16.76041600
16.66204200
16.75545800
16.67829200
16.59512500
16.96900000
16.53270800
16.55558400
16.67379100
16.73720900
16.67750000
16.66291600
16.70183400
16.66162500
16.37266600
16.96929200
17.24616700
16.40895800
16.77783300
16.73945900
16.19212500
16.82229100
16.79075000
16.61329200
16.71108300
16.67325000
16.63712500
16.67712500
16.62845900
16.57158300
16.47087500
17.05629200
16.67687500
16.47825000
16.88408300
16.63966700
16.76329100
16.63450000
16.69183400
16.69454100
16.67008400
16.60275000
16.78416600
16.66908400
16.72195800
16.66087500
16.64737500
16.73583300
16.71783400
19.26104100
14.06908400
16.62729100
16.66391700
16.70945800
16.77200000
16.55808400
16.73541600
16.70979200
16.75083300
16.04533400
17.22654100
16.64612500
16.76900000
16.27450000
17.00508400
16.82550000
16.81962500
16.44733300
16.70012500
16.65262500
16.60641700
16.78116600
16.65766700
16.67766700
16.61175000
16.85045800
16.61133300
16.29854200
17.11016700
16.73929100
16.62870900
16.66333300
16.22066700
16.81579100
17.00554200
16.68887500
16.69375000
16.62937500
16.41150000
16.94641700
16.67600000
16.72775000
16.66720800
16.34529200
17.04037500
16.71541600
16.63187500
16.75262500
16.61141700
16.32583300
16.47795900
17.27166600
16.77391700
16.91808300
16.68029200
16.34100000
16.70700000
16.69804200
16.61508300
16.79604200
16.71625000
16.59308300
16.71900000
16.65975000
16.37129200
16.66158300
17.05558300
16.59304200
16.78037500
16.61062500
16.42866700
16.98862500
16.64295800
16.57170800
16.67325000
16.85204200
16.79779200
16.40670800
16.38454200
16.94095800
16.71450000
16.70500000
16.68383300
16.63975000
16.35012500
17.04225000
16.93966700
16.73245800
16.33650000
16.75266700
16.64145800
16.69750000
16.70816700
16.57720800
16.79233400
16.19745800
17.11845800
16.60312500
16.74608400
16.63491600
16.73354200
16.64425000
16.70679200
16.67033300
16.97866700
16.54145800
16.29454200
17.14391600
16.61766700
16.74870800
16.69737500
16.58100000
16.25512500
17.15879200
16.54687500
16.80820800
16.73854200
16.62570800
16.58408400
16.77645800
16.63345800
16.67945900
16.70791600
16.61183400
16.89608300
16.56329200
16.70012500
16.74337500
16.55933300
16.80341700
16.67483300
16.66200000
16.56683300
16.79962500
16.62491700
16.77112500
16.98858300
16.33375000
16.74904200
16.69566700
16.58066600
16.70912500
16.68316700
16.65541700
16.70216600
16.69562500
16.84587500
16.55512500
16.67012500
16.66304200
16.69166700
16.78208300
16.56329200
16.68887500
16.65016600
16.73220900
16.63487500
16.79645800
16.58091700
16.75945800
16.63362500
16.62516700
16.82620800
16.60883300
16.64633400
16.80891600
16.57741700
16.65795800
16.75416700
16.66645800
16.60758400
16.75387500
16.68987500
16.61804100
16.74612500
16.71462500
16.54337500
16.77791700
16.76012500
16.56979200
16.65104100
16.78366700
16.69170800
16.65033400
16.63566600
16.82141700
16.58200000
16.72170800
16.59820900
16.78745800
16.60225000
16.77716700
16.63800000
16.59370800
16.72083300
16.88325000
16.60454200
16.63491700
16.64150000
16.64087500
16.63916600
16.63950000
16.77625000
16.60570900
16.72033300
16.72808300
16.72900000
16.67216700
16.56970800
16.76112500
16.67462500
16.54387500
16.76037500
16.66875000
16.66708400
16.83033300
16.62233300
16.62883400
16.71512500
16.77879100
16.59729200
16.71954200
16.72975000
16.55533300
16.80041700
16.60266600
16.70000000
16.77637500
16.59029200
16.65829200
16.75162500
16.70779100
16.56879200
16.78720800
16.63787500
16.68575000
16.70241700
16.67345800
16.69870900
16.63537500
16.67658300
16.67483300
16.68608400
16.71258300
16.65058300
16.73958400
16.61758300
16.72812500
16.60304200
16.69108300
16.72345800
16.36141700
17.00600000
16.73987500
16.65337500
16.93608300
16.68212500
16.12479200
17.10070800
16.82862500
16.49125000
16.95883400
16.73883300
16.34487500
16.63545800
16.82854200
16.63887500
16.52462500
16.80195800
16.66604200
16.65750000
16.65750000
16.71645800
16.60800000
16.84558400
16.04250000
17.24341600
16.70162500
16.67608400
16.63383300
16.77070800
16.65350000
16.95795900
16.44533300
16.64229200
16.06900000
17.18650000
16.40625000
16.64212500
16.70433300
16.90829200
16.64737500
16.73291600
16.62616700
16.55587500
16.61670800
16.84916700
16.74383300
16.67883400
16.64670800
16.68158300
16.69679200
16.58837500
16.69120800
16.72783400
16.65366600
16.72983400
16.66408300
16.64137500
16.67637500
16.70000000
16.72091700
16.69425000
16.64433300
16.68700000
16.72566700
16.85895800
16.15129200
17.16750000
16.65791600
16.29262500
17.15550000
16.67012500
16.61258400
16.76816600
16.64466700
16.24416700
16.86470800
17.03716700
16.65058300
16.44837500
16.93808300
16.67275000
16.35904200
17.03600000
16.63829200
16.49862500
16.88975000
16.63462500
16.75112500
16.55900000
16.77237500
16.86608300
16.47325000
16.76650000
16.58720800
16.66708400
16.49641600
16.89358400
16.58254100
16.73279200
16.64279200
16.75791600
16.61358400
16.70370800
16.65154200
16.66766600
16.77979200
16.75437500
16.82025000
20.33833300
15.30037500
15.64708400
15.23329100
16.61362500
16.60516700
16.74320800
16.61804200
16.72037500
16.81054200
16.53283300
16.71508300
16.65483400
16.69066600
16.73158400
16.58295800
16.82000000
16.34516700
16.92062500
16.72137500
16.63595800
16.57183300
16.74616700
16.44341700
16.94391600
16.79704200
16.70591700
16.61100000
16.62187500
16.75145800
16.70575000
16.65000000
16.86537500
16.69045800
16.41929200
16.81862500
16.52737500
16.78600000
16.67633300
16.75400000
16.74795900
16.74820800
16.49833300
16.92091700
16.47204200
16.57716600
16.80854200
16.68900000
16.67333300
16.95879200
16.60345800
16.67058400
16.48308300
16.85879200
16.52495800
16.75154200
16.77766600
16.60037500
16.66075000
16.77287500
16.61870900
16.72016600
16.52945900
16.65387500
16.70562500
16.68791600
16.69525000
16.26858400
16.96258300
16.78816700
16.72462500
16.68712500
16.64750000
16.66391600
16.47966700
16.84666700
16.83100000
16.66470800
16.45179200
16.85133300
16.27700000
16.69850000
17.08058300
16.72937500
16.63266700
16.83375000
16.48329200
16.70045800
16.71129200
16.95495800
16.45870800
16.68408400
16.43962500
16.92345800
16.72650000
16.59245800
16.77754200
16.72883300
16.45645900
16.77087500
16.75687500
16.56033300
16.83029200
16.72666600
16.51258400
16.77175000
16.63666600
16.68508400
16.70962500
16.72562500
16.58408300
16.75695800
16.61550000
16.71487500
16.65595900
16.64925000
16.67683300
16.69462500
16.70641700
16.62629100
16.72837500
16.71104200
16.58729200
16.79266600
16.77979200
16.49241700
16.79633300
16.71883300
16.55745900
16.77445800
16.68720800
16.27816700
17.08200000
16.77120800
16.53525000
16.79025000
16.78154200
16.26662500
16.91250000
16.65887500
16.76425000
16.64866700
16.73562500
16.68700000
16.55695800
16.78545800
17.38116700
16.17370800
16.30566700
16.94812500
16.72795800
16.68475000
16.84904200
16.40558300
16.45912500
17.03229200
16.71466700
16.50291600
16.89879200
16.37483300
16.62325000
16.92133400
16.68504100
16.59720900
16.80270800
16.44604200
16.66454100
16.70266700
16.72408300
16.62433400
16.77979100
16.69279200
16.57191700
16.77087500
16.65970800
16.64241700
16.69900000
16.75758300
16.62812500
16.69329200
16.63350000
16.69929100
16.72425000
16.72279200
16.56004200
16.70258300
16.94675000
16.56125000
16.79912500
16.67729200
16.67741600
16.40329200
16.89783300
16.20695900
17.15625000
16.67408300
16.73512500
16.72687500
16.65579200
16.56370800
16.77100000
16.74779200
16.68291600
16.56045900
16.73987500
16.73850000
16.71658300
16.61425000
16.73020800
16.57787500
16.66425000
16.58316700
16.89683300
16.63670900
16.69616600
16.74220900
16.60291600
16.67991700
16.69458300
16.66504200
16.71737500
16.68370800
16.58583400
16.91241600
16.55729200
16.64250000
16.62475000
16.85991700
16.48050000
16.80787500
16.63779100
16.62962500
16.73275000
16.73625000
16.35875000
16.93887500
16.74587500
16.66720900
16.70612500
16.73254100
16.50820900
16.81987500
16.58966600
16.76120900
16.68783300
16.64908300
16.68262500
16.61712500
16.74979200
16.67329200
16.66575000
16.65004100
16.77912500
16.66720900
16.64366600
16.67104200
16.78645800
16.58833400
16.58600000
16.94170800
16.65633300
16.62050000
16.63633400
16.76566600
16.71537500
16.66937500
16.59854200
16.72870800
16.72645900
16.66562500
16.70404100
16.66958400
16.75641600
16.42437500
16.96920900
16.73225000
16.67100000
16.74779100
16.56491700
16.45658300
16.91558400
16.64275000
16.77541600
16.60704200
16.63591700
16.75270800
16.75945800
16.60095900
16.78587500
16.68237500
16.54212500
16.77495800
16.78091700
16.54308300
16.72254200
16.67537500
16.66237500
16.70087500
16.69566600
16.67820900
16.71904100
16.67450000
16.69825000
16.69741700
16.70320800
16.70520900
16.59520800
16.59987500
16.78545800
16.76770900
16.49400000
16.89225000
16.62954100
16.46558400
16.88387500
16.77229100
16.56462500
16.78533400
16.64112500
16.58087500
16.77441600
16.78208400
16.44616600
16.84025000
16.61329200
16.69404200
16.81416600
16.66725000
16.43770900
16.87108300
16.71358300
16.20908400
16.91525000
16.34345800
16.94887500
16.84854200
16.66170800
16.54229200
16.75179100
16.45783400
16.81658300
16.74637500
16.69575000
16.63887500
16.69229200
16.69979100
16.58387500
16.76400000
16.70466700
16.67362500
16.75050000
16.60304200
16.69729100
16.68845900
16.58787500
16.79666600
16.65245900
16.67650000
16.66058300
16.80775000
16.67300000
16.55720800
16.79112500
16.61529200
16.70758300
16.68400000
16.62200000
16.69483400
16.70354100
16.65387500
16.71712500
16.76362500
16.67800000
16.87708400
16.45083300
16.65862500
16.79591700
16.60145800
16.84058300
16.54704200
16.66216700
16.53166600
16.69291700
16.71916700
16.58283300
16.80983300
16.70950000
16.56079200
16.70466700
16.70395800
16.62679200
16.52625000
16.82329100
16.63533400
16.70712500
16.77762500
16.62829100
16.67566700
16.71391700
16.60854100
16.71670900
16.71579100
16.61487500
16.72787500
16.71491700
16.73320800
16.63183400
16.65820800
16.74500000
16.62645800
16.69250000
16.62091700
16.84437500
16.67854200
16.68966600
16.66150000
16.68912500
16.75883400
16.63733300
16.66041700
16.70179100
16.64425000
16.73270900
16.64595800
16.72520800
16.64491700
16.74929200
16.67800000
16.68937500
16.63645800
16.72770800
16.58229200
16.84495800
16.63779200
16.68716700
16.63829100
16.68929200
16.69608300
16.76645900
16.52962500
16.68162500
16.76191600
16.71608400
16.57016600
16.71916700
16.74891700
16.67345800
16.70454200
16.65887500
16.65075000
16.74808300
16.60929200
16.65550000
16.80308300
16.64508300
16.69900000
16.73437500
16.57141700
16.80804200
16.73212500
16.53679100
16.77666700
16.58879200
16.64158300
16.71620800
16.71387500
16.73633400
16.59045800
16.73320800
16.66566700
16.68716700
16.76650000
16.55879100
16.86925000
16.54791700
16.60362500
16.72770800
16.71575000
16.82758400
16.52429100
16.67666700
16.66125000
16.90208300
16.46150000
16.67058400
16.77329100
16.61891700
16.66845800
16.73912500
16.67408400
16.69216600
16.72783400
16.67745800
16.57791700
16.75041600
16.63212500
16.63375000
16.77458400
16.74395800
16.58004200
16.80862500
16.57237500
16.59708300
16.85216700
16.56845800
16.65458300
16.71762500
16.70204200
16.69970800
16.65958400
16.71866600
16.84162500
16.48083400
16.68412500
16.72887500
16.68391600
16.66320900
16.70433300
16.67062500
16.58729200
16.74066600
16.72787500
16.60041700
16.71420800
16.77308400
16.56537500
16.73100000
16.76566600
16.69550000
16.62091700
16.68945800
16.60550000
16.76791700
16.61612500
16.67816700
16.74704100
16.70641700
16.57012500
16.76175000
16.64829200
16.62608300
18.53266700
18.02100000
17.99416600
24.08754200
23.12437500
19.53395800
20.92604200
18.36237500
15.97620800
16.25016700
15.92245800
15.78975000
16.14600000
16.16137500
15.74679200
15.82245800
15.47487500
14.75833400
17.02908300
15.10937500
14.66058300
14.92558400
15.68375000
15.58837500
15.77054100
15.56920900
15.01066600
15.84358400
15.19516600
15.84945900
15.40895800
15.62662500
16.52612500
15.16070800
16.51845900
16.63220800
16.79479200
16.49558300
16.76391700
16.83316600
16.44150000
16.82504200
16.60820800
16.86004200
16.58279200
16.73645800
16.48912500
16.78179200
16.68508300
16.70245800
16.59475000
17.40112500
16.72475000
16.97079200
15.88054200
16.02025000
17.11041600
16.70366700
16.27433300
17.43591700
16.82608300
16.08637500
16.79562500
16.60008400
16.51333300
16.78608300
16.66508400
16.28504100
16.98650000
17.44075000
16.17133400
16.59300000
17.27666600
15.70395900
17.01933300
16.82612500
16.46020800
16.36620900
17.17387500
16.64370800
16.88987500
16.51204200
16.65304100
16.70933400
16.61450000
17.16770800
16.33520800
16.64458400
16.66629100
16.30045900
16.57783300
16.96237500
16.90783300
16.72404200
16.73708300
16.22466700
16.58816700
17.40666600
16.42975000
16.65991700
16.42791700
17.22666600
16.49354200
16.76350000
16.56541700
16.63904100
16.76908400
16.70370800
16.58054200
16.71541600
16.80958400
16.05925000
17.00295800
16.87779200
16.57741600
16.52829200
17.08079200
16.67612500
16.71066600
16.72745900
16.56083300
16.49000000
17.12729200
16.44825000
16.16550000
17.21920800
16.77566700
16.79825000
16.60708300
16.73266700
16.70458300
15.79791700
17.63204100
16.24525000
16.81970900
16.79875000
16.71312500
16.62150000
16.66812500
16.48100000
16.21716600
17.37512500
16.47016700
16.69220800
17.64270900
16.22104100
16.27625000
16.74129200
16.64395800
16.88491700
16.45795800
16.65920900
16.68358300
16.79466700
16.67354100
16.68004200
16.51520800
16.93633400
16.60879100
16.58429200
16.66533300
16.76025000
16.63033400
16.82791600
16.66912500
17.17716700
15.86325000
16.87450000
16.78175000
16.68612500
16.67158300
16.82704200
16.59850000
16.31766700
16.57225000
16.72937500
16.82666600
16.66991700
16.66212500
16.95550000
16.28633300
16.97595900
16.38745800
17.66979200
16.65925000
15.98100000
16.99566600
16.74325000
16.39979200
17.03016700
15.81570800
17.21304200
16.79862500
16.62979100
17.01308400
16.25616600
16.78212500
16.55733400
16.81733300
16.85179200
16.59508300
16.15716700
18.03766600
15.90379200
16.73508300
16.63733400
16.75137500
16.57775000
16.26345800
17.17383300
16.69933400
16.57308300
16.68925000
16.71141700
16.14279100
17.22083400
16.69066600
16.50066700
16.88100000
16.63145800
16.64500000
16.64150000
16.72775000
16.61325000
16.88116700
16.62704200
16.65866600
16.60125000
16.80279200
16.60566700
16.15345800
17.34604200
16.51575000
16.73233300
16.73979200
16.65887500
16.78316600
16.65245900
16.48470800
16.30395800
17.29400000
16.60766700
16.81895800
16.39166700
17.03833300
16.11162500
16.60387500
17.35333400
16.49833300
16.42383300
16.26345900
17.21795800
16.86816700
16.83008300
17.04325000
16.77495800
16.42354200
16.61816700
16.41179100
16.95791700
16.63991700
16.54375000
16.87695800
16.77687500
16.22366700
16.64150000
16.72533300
16.55420800
16.99541700
16.57470800
16.50645900
16.85245800
16.66100000
16.43704200
16.90854100
16.94062500
16.27383400
16.63308300
16.66958300
16.60000000
16.74229200
16.65945800
16.51745900
16.86358300
16.66825000
16.62816700
16.70325000
16.75808300
16.71850000
16.60720800
16.67683400
16.67145800
16.72745800
16.05766700
16.83254200
17.15891600
16.57091700
16.74600000
16.72616700
16.04770800
16.93991700
17.00904100
16.59175000
16.79062500
16.87687500
16.45575000
16.12237500
17.44000000
16.75479200
16.75133300
16.56266700
16.60483300
16.30308400
17.21554100
16.84583400
16.49483300
16.72883300
16.27825000
16.89279200
16.82154200
16.53933300
16.72554200
16.65850000
16.76220800
16.29695800
17.10350000
16.66379200
16.65375000
16.62650000
16.76375000
16.24050000
17.11441700
16.59704100
16.74062500
16.15812500
17.15416700
16.74379200
16.75862500
16.69462500
16.65950000
16.18120800
17.31145800
16.46595900
16.03212500
17.54883300
16.78541700
16.41462500
16.72220800
16.69700000
16.55970800
16.85737500
16.66095900
16.52187500
16.91929100
15.99145900
17.22316600
16.84845900
16.51716600
16.65979200
16.71150000
16.77112500
16.38987500
16.83137500
16.73958300
16.58654200
16.68133300
16.72379200
16.84220800
16.62516700
16.67537500
16.61350000
16.77116700
16.67866600
16.73862500
16.44466700
17.01666700
16.59612500
16.55791600
16.76433400
16.68004100
16.40025000
16.96929200
16.49320800
17.03708400
16.53591600
16.64845900
16.12687500
17.30125000
16.53745800
16.00941700
17.46533300
16.71525000
16.17858300
17.06470900
16.73700000
16.79295800
16.53983300
16.66304200
16.78629200
16.60900000
15.93408300
16.70770800
17.29179200
16.77379200
16.68704100
16.54604200
16.88379200
16.57350000
16.58483300
16.71404200
16.86033300
16.56333300
16.74675000
16.61329200
16.60350000
16.63658300
16.78316700
16.50104200
16.80741600
16.75041700
16.62495800
16.70283400
16.59370800
16.56562500
16.82629200
16.73420800
16.48700000
16.86079200
16.91341600
16.61170900
16.63712500
16.32170800
16.80379200
17.20583300
16.31387500
16.85154200
16.73912500
16.33570800
16.83300000
16.87012500
16.39066700
16.90358300
16.72045800
16.57387500
17.44454200
16.61220800
16.40341700
16.40075000
16.65625000
16.29250000
16.50220800
17.07870900
16.72233300
16.64112500
16.62508300
16.77295900
16.50954100
16.70775000
16.69558400
16.82325000
16.65854100
16.67841700
16.55783300
16.69237500
17.04475000
16.35566700
16.53212500
16.94337500
16.72950000
16.65216700
16.68404100
16.63816700
16.53037500
16.68991700
18.19300000
16.51808300
16.14995800
16.05695900
16.40154100
16.74379200
16.64870800
16.57191700
16.72775000
16.67466700
16.67641600
16.75741700
16.43395800
16.89054200
16.66700000
16.76354200
16.59654100
16.61245900
16.80225000
16.70804100
16.81250000
16.56245900
16.65108300
16.69650000
16.71383300
16.63075000
16.66612500
16.96712500
16.43804200
16.72454200
16.66495800
16.65808300
16.68887500
16.83062500
16.64850000
16.73058400
16.60712500
16.62920800
16.81483300
16.70645900
16.59062500
16.68862500
16.73062500
16.58279100
16.77033400
16.64491600
16.68520900
16.66841600
16.71137500
16.61008400
16.74683300
16.76320800
16.53162500
16.81754200
16.68450000
16.58987500
16.73112500
16.63158300
16.61900000
16.80466700
16.61854200
16.65695800
16.74091700
16.70416600
16.63608400
16.73879100
16.68537500
16.60000000
16.80104200
16.69616700
16.58087500
16.77400000
16.72150000
16.52058300
16.75862500
16.79487500
16.69758300
16.70462500
16.64541700
16.71912500
16.71175000
16.57070800
16.44258400
16.48479100
17.14733400
16.72895800
16.57104200
16.79633300
16.65304200
16.78175000
17.40141600
17.67554200
16.70737500
16.42045800
17.26116700
16.35870800
16.34516700
17.37400000
16.44425000
17.74554200
16.50683300
16.06108300
16.69704200
15.32500000
15.93654200
16.45058300
16.73637500
16.62416700
16.92937500
16.55441600
16.65941700
16.77362500
16.71258300
16.39616700
16.76975000
16.68733300
16.80712500
16.78004200
16.61429200
16.42516600
17.13379200
16.71570800
16.54970900
16.58854100
16.78270900
16.40162500
16.84154100
16.78900000
16.68966700
16.71300000
16.57475000
16.72545800
16.71775000
16.59566700
16.78208300
16.64458400
16.35279100
16.92691700
16.80412500
16.70100000
16.80137500
16.49020800
16.56833400
16.75262500
16.71554100
16.68404200
16.64095800
16.86483400
16.56933300
16.57833300
16.59370900
16.82787500
16.64875000
16.71700000
16.70454100
16.60462500
16.41983400
16.92262500
16.71670800
16.71337500
16.65825000
16.64404200
16.72362500
16.67541600
16.64254200
16.75725000
16.70425000
16.51487500
16.88825000
16.55770800
16.78279200
16.63391700
16.74283300
16.60883300
16.70766700
16.68854200
16.51383300
16.60850000
16.74950000
16.72733300
17.04933400
16.51154100
16.64837500
16.66304200
16.52608300
16.72137500
16.69312500
16.75395900
16.60650000
16.77608300
16.65875000
16.63175000
16.74250000
16.59658300
16.67045900
16.75808300
16.63312500
16.68008300
16.65883400
16.71645800
16.77612500
16.81683300
16.60350000
16.62170900
16.53266600
16.64216700
16.72629200
16.67483300
16.52616700
16.82966600
16.83570900
16.44666600
16.89304200
16.47066700
16.68779100
16.70733400
16.67616600
16.57875000
16.80112500
16.68962500
16.57362500
16.86558400
16.57883300
16.56116700
16.77216600
16.71979200
16.60625000
16.79495800
16.63370900
16.58741600
16.75354200
16.70937500
16.61345800
16.77933400
16.61566600
17.04304200
16.28620800
16.67025000
16.84766700
16.32658300
17.19495900
16.37170800
16.93845800
16.52591700
16.76741700
16.80612500
16.61750000
16.53366600
16.90245900
16.67975000
16.72225000
16.14404100
17.08325000
16.45895900
16.97837500
16.78029100
16.91741700
16.17991700
17.03625000
16.48154100
16.55291700
16.68400000
17.10112500
16.46937500
16.73970800
16.22058400
16.54450000
16.81208300
16.89033300
17.04070900
16.60804100
16.47304200
16.29116700
17.39604100
16.36112500
17.11550000
16.60054200
16.65716700
16.75787500
16.64679100
16.77691700
16.70375000
16.62466700
16.81650000
16.52587500
16.59137500
16.49641600
17.06416700
16.68912500
16.66729200
16.48800000
16.79608300
16.53983300
16.74070900
16.79791600
16.61816700
16.64662500
16.82337500
16.69833300
16.69287500
16.60425000
16.75200000
16.55962500
16.70558400
16.83683300
16.56079200
16.55183300
16.68041700
16.79358300
16.61641700
16.63979100
16.87091700
16.65862500
16.36245800
16.91366700
16.77279200
16.65837500
16.70912500
16.18495800
17.53487500
16.70000000
16.42308300
16.49533400
16.76041600
16.53645900
17.39787500
16.24079100
16.35166700
16.79900000
16.64266700
19.44070800
32.57866700
23.05162500
18.15579100
17.46175000
17.01095900
17.11962500
16.31229100
16.44270900
16.63479100
16.35720900
16.28645800
15.90604200
16.15433300
16.57837500
15.91708300
16.33258400
16.46204100
15.97745900
17.59104100
16.19754200
16.31829200
16.14412500
15.27295800
14.96591700
16.52708300
15.64712500
15.33020800
14.50820900
16.58750000
15.28712500
15.26425000
15.08020800
15.11845800
14.98979200
15.20525000
14.90908300
14.99987500
15.13204200
16.10458300
16.63741700
16.65654200
16.70016600
16.37187500
16.80825000
16.83795900
16.69854100
16.71500000
17.04058400
20.08395800
23.19500000
21.69645800
20.29275000
68.29270900
24.50658300
25.78712500
23.94216700
21.51104100
19.87329200
21.18895800
18.16983400
17.51687500
17.64920800
19.29687500
18.07675000
19.65187500
17.06520800
17.16179200
17.32704200
17.01483300
16.47441700
15.85229100
15.24416700
14.96975000
15.04654200
15.18679100
14.81766700
14.79791700
14.67895800
14.59820800
14.52537500
13.73504200
13.76141700
13.53275000
13.68916600
13.72341700
13.72879200
13.54408300
13.74437500
13.72095800
13.62145900
13.85029100
14.95220900
13.66979100
13.38933400
13.86945800
15.41762500
13.47508300
15.92158400
14.90095800
14.99008300
15.03970900
15.42295800
15.10270800
15.78200000
15.84012500
16.54025000
16.59829200
16.00191700
16.78587500
16.05333300
15.73975000
16.16983300
15.84158400
16.07425000
15.57041600
15.32445900
16.13037500
15.72154100
15.53370900
16.46329100
16.70333400
16.38362500
18.03958300
20.81337500
17.95904200
19.59537500
21.16966600
18.18629200
18.64945800
17.70195900
17.23983300
17.54416700
16.10566600
16.30870900
16.42633300
16.36000000
15.92783300
16.06129200
16.88695800
16.30675000
16.34479200
16.30837500
15.90395800
16.13504200
16.30104200
16.11433300
16.27279200
16.18825000
16.36962500
19.35737500
16.71562500
16.39141600
17.24645900
16.28070800
16.70516700
17.06237500
16.92108300
16.45666700
16.74120800
16.31450000
16.67879200
17.19833300
17.28941700
16.82720800
16.57654200
17.84683300
17.58866700
16.58620800
17.00066700
16.74062500
16.66475000
16.74212500
16.82545800
16.42379200
16.99654100
16.87579200
17.31475000
16.76020800
17.33783400
16.77995800
17.17400000
16.95887500
16.57845800
16.63929200
16.57362500
16.47933300
16.72454200
16.43266700
16.31316600
16.62416700
16.66762500
16.51629200
16.55820800
16.13316700
16.23525000
15.77600000
16.10350000
17.45979100
17.24962500
16.03908400
15.28258300
16.34400000
15.13916700
16.31362500
16.34658300
16.82054200
15.57900000
16.54816600
16.11129200
17.08012500
17.58191700
17.58612500
16.95412500
16.83833300
16.66091700
16.15475000
16.70945800
16.32012500
16.54825000
16.48470800
16.73425000
17.06329200
16.70966700
19.59266600
17.45720900
19.39087500
18.99750000
18.55179100
17.14475000
17.32366700
17.10937500
17.18912500
16.60812500
17.88241700
18.63150000
17.75425000
17.21366600
16.41333400
17.74058300
16.80783300
16.75495900
16.46129100
17.47720900
16.96808300
16.83241700
16.60108300
16.62220800
16.38000000
17.27625000
16.42470900
16.56016600
16.95825000
16.78529200
16.98875000
17.00645800
16.85545900
16.57808300
16.91987500
17.17833300
16.71429200
17.08075000
16.98108300
16.27454200
16.60312500
17.14537500
16.96204200
16.82275000
16.61441600
16.21537500
16.75316700
16.77483300
16.60279200
16.00141700
16.72687500
15.95125000
16.84708300
16.75400000
15.92929200
16.73637500
17.02291600
17.22795900
16.64612500
16.79179100
16.96462500
16.99375000
17.98341700
17.27529200
17.01083300
16.34675000
16.21937500
16.13087500
15.63566700
15.42687500
15.46916600
15.65858400
16.44291600
15.50087500
15.07183400
15.24145800
15.28791700
15.31795800
15.31670800
14.80575000
14.22870900
14.03854100
14.35279200
14.21487500
14.76858300
14.14883400
14.91429100
14.23500000
14.10245900
14.23308300
14.62233300
14.18212500
14.25770900
16.35791600
16.73566700
16.68379200
16.63387500
16.71458300
16.95404200
16.62570800
16.67450000
16.49829200
16.88012500
16.79270800
16.66050000
16.70950000
16.59445800
16.61425000
16.74954200
16.60008300
16.76679200
16.71166700
16.69325000
16.82154100
16.47366700
16.77004200
16.57520800
16.79350000
16.75108300
17.31125000
17.01541700
16.86600000
16.84912500
18.30583300
17.36433400
16.92879100
17.09154200
16.79920800
17.71412500
18.06937500
17.68529200
17.58929200
17.93650000
17.67920800
18.68700000
17.46450000
17.46716700
17.56587500
17.39937500
17.53316600
17.40300000
18.07383400
18.38070800
17.42016700
17.42650000
17.24095800
16.25500000
18.03575000
16.94845800
16.28875000
17.46487500
16.42395900
16.60108300
16.71770800
18.29550000
16.64729200
16.58520800
17.38120900
16.76816600
16.66370900
18.33783300
17.63225000
17.38708300
17.29645900
16.61295800
17.01312500
17.32541700
17.24208300
17.08950000
17.08295800
16.75470900
16.28483300
17.09908300
16.99120900
17.68795800
16.58575000
16.90029200
17.60183300
16.34479200
15.35616600
16.71200000
16.65287500
16.86925000
16.23825000
15.87737500
15.37575000
15.66533400
15.03545800
14.99808300
15.07158400
16.82770800
15.23620800
16.30454200
17.17525000
14.79041700
14.33654100
13.84712500
13.60112500
13.76862500
14.26304200
14.25862500
14.00312500
14.15150000
16.06504200
16.63962500
16.79920800
16.61141700
16.70054100
16.74129200
16.57816700
16.68500000
16.79433300
16.61933300
16.60212500
16.84912500
16.34712500
16.92337500
16.77766700
16.57525000
16.30291700
17.10154100
16.53604200
16.90895800
16.70454200
16.72800000
16.32329200
16.76612500
16.94479100
16.75937500
16.69866700
16.53950000
16.76325000
16.66995800
16.66079200
16.47000000
16.77045800
16.72650000
16.31825000
17.12670900
16.64525000
16.33616600
17.11962500
16.71791700
16.26420800
17.17995900
16.64783300
16.21029200
17.04225000
16.76991600
16.54433400
16.79787500
16.59608300
16.18829200
17.03837500
16.69400000
16.70850000
16.72620800
16.63866700
16.28954100
16.78429200
16.93608300
16.77750000
16.58166700
16.99508300
17.25179200
23.19366700
19.44233300
15.61816700
15.67054100
15.24120900
15.47095800
15.10820800
14.93516700
16.49591700
15.78112500
15.95008300
16.23725000
16.58066700
16.64950000
16.84654100
16.63537500
16.69333400
16.60654100
16.65029200
16.62895800
16.78729200
16.57516700
16.86637500
16.71062500
16.64075000
16.69229100
16.75441700
16.52975000
16.75950000
16.69833300
16.73587500
16.61891700
16.50329200
17.00945800
16.72562500
16.76258300
16.70175000
16.42529200
22.84104200
23.55325000
22.05079100
17.47858400
17.40008300
17.12550000
17.66325000
16.87479200
18.27037500
17.23929100
19.05820900
18.16670800
17.67779200
18.07950000
17.44625000
18.40670800
17.17316700
16.91466600
17.73387500
17.04316700
17.34262500
17.16862500
17.14504200
17.25875000
16.81120800
17.86983300
17.36637500
17.66295900
17.22016600
17.17537500
17.17562500
17.13762500
17.68433400
17.72658300
16.99191700
17.38916600
17.11429200
17.00054200
17.21266600
17.02025000
17.03700000
17.04462500
16.85245900
17.18566600
17.01862500
17.08516700
16.62225000
18.23012500
16.95595800
18.37237500
17.68833400
17.40520800
16.94450000
18.06025000
17.67787500
16.84166700
18.46366600
19.02487500
17.41716700
17.19550000
17.03237500
17.02570800
17.06575000
16.03262500
17.72716700
16.65804200
18.22045800
17.92191700
16.94933300
17.34875000
17.12920800
17.21175000
17.12758400
16.95841600
17.09829200
16.42658300
18.26637500
16.77375000
16.42550000
17.73108400
16.68545800
16.01520800
16.66262500
16.62920900
16.32466600
17.01816700
16.55850000
16.23154200
17.08308300
16.16625000
16.19562500
16.97220800
17.21150000
16.39754200
16.48433300
16.94716700
16.27212500
17.17750000
16.06616700
17.84670800
16.44175000
16.92525000
16.89375000
17.38650000
17.30425000
17.14525000
18.00450000
17.70025000
16.68012500
16.41258300
16.17308400
17.44450000
16.53150000
16.54712500
18.10391600
16.93420900
17.50454100
17.40545900
18.02137500
16.35183300
17.02570800
17.58029200
15.85816700
16.40870800
17.82591700
15.65495800
16.73075000
17.17937500
16.82204200
16.11620800
15.77362500
15.42745800
16.34508400
15.98029100
17.09241700
17.54079200
16.07866600
16.97545900
15.84062500
15.95345800
16.23154200
15.59858300
16.11633300
16.56554200
16.30362500
15.89612500
15.78629200
16.61704100
16.88216700
17.24687500
16.49141700
16.79783300
16.89575000
17.04566700
17.00550000
16.29379100
16.78841700
16.63504200
16.32600000
16.88341600
17.16470900
16.56554100
16.79066700
16.42850000
15.54254200
15.37625000
15.28362500
14.91750000
16.15341600
15.15850000
15.17225000
15.39945900
15.02275000
15.27575000
15.22100000
14.05358300
15.23670800
15.51070900
15.10145800
14.46470800
14.24095900
15.08487500
15.31120800
15.20600000
14.65895800
15.06025000
14.80895900
15.37212500
16.02950000
15.95725000
15.64408300
15.16595800
16.02050000
15.27491700
14.92820800
16.30087500
16.09495900
17.06133300
17.00916700
16.42725000
16.16841600
16.62233400
16.04320800
15.94250000
16.20991700
16.21425000
16.75925000
16.30270800
17.37391700
16.83479100
17.21175000
17.19920900
17.41133300
17.26045800
17.48612500
17.52595900
17.43087500
17.42479100
17.23850000
17.27150000
19.23345900
17.65925000
17.83945800
17.67700000
18.78862500
18.80283300
17.62004200
17.82312500
17.49595800
17.90125000
17.57750000
17.46375000
17.38733400
17.49333300
16.81566700
18.37095800
16.55008300
18.45291700
16.75220800
15.77175000
16.90800000
16.25554200
15.75941700
16.10433300
16.02262500
16.13775000
17.34904200
16.79612500
17.37370800
16.94891700
16.27754100
17.07191700
16.10866700
16.04820800
16.89612500
16.54641700
16.37908300
15.05645800
15.19483400
15.24545800
15.20104200
14.92662500
15.09604100
14.78450000
14.68891700
14.82329200
14.65287500
14.92816600
15.03829200
14.65120800
16.08262500
15.28395900
15.11400000
14.74125000
15.68829100
14.97791700
14.98075000
15.05575000
14.61279200
15.40929100
15.25779200
13.84083300
14.90545900
14.82229100
14.77233400
16.62225000
16.79291600
16.38162500
17.36479200
16.42250000
16.41062500
16.88458300
16.54237500
16.61654200
16.75929200
16.57495800
16.73954200
16.58045800
16.78300000
16.51829200
17.11433300
16.44575000
16.67312500
16.64829200
16.76683300
16.41200000
16.72725000
16.68679200
16.57129100
16.67225000
16.95579200
16.54933300
16.62495900
16.67954100
16.91612500
16.21429200
16.74879200
16.85525000
16.70766600
16.75012500
16.51141700
16.71712500
16.76120800
16.51437500
16.89708400
16.63995800
16.61379200
16.80400000
16.68791600
16.51941700
16.86283300
16.56520900
16.79562500
16.65325000
16.66087500
16.68937500
16.72133300
16.72050000
16.51579200
16.84175000
16.53541600
16.81283400
16.64312500
16.60991600
16.79133400
16.64329100
16.84204200
16.72825000
16.57108300
16.60270900
16.62470800
17.73504200
15.87045800
16.64870800
16.53754200
16.65704200
16.60395800
16.79895800
16.57958400
17.00925000
16.55658300
16.54937500
18.92254200
17.28579100
16.70100000
16.76070900
16.51387500
16.35516600
16.55791700
17.26237500
17.86337500
18.21704200
17.07841600
17.35125000
18.27195900
17.55812500
17.42833300
17.38975000
17.23591700
18.78675000
17.28770800
16.98225000
17.51925000
17.19862500
16.91079200
16.95845800
16.79133300
16.77462500
16.53400000
15.71270900
15.58641600
16.06491700
15.79379200
15.60754100
15.95866700
16.20995800
16.12941700
16.32220800
16.59216700
16.35595800
20.43841700
14.06154200
17.31450000
17.38854100
17.05366700
16.76841700
16.99000000
16.97100000
16.66354100
17.52133400
17.17550000
17.10300000
17.55337500
17.25075000
16.82987500
17.17779100
17.20145900
16.89575000
17.21825000
17.77395800
16.68495800
16.46950000
17.83579200
16.63541700
16.91004100
17.09416700
16.89175000
16.78200000
17.25545800
17.14587500
16.96966700
17.19150000
16.76683300
16.49700000
17.92183400
18.14025000
17.08554100
17.46075000
17.53891700
16.63145800
19.30854200
17.59691700
16.61454100
16.76520900
18.30120800
17.84479200
17.64429100
17.31550000
16.89125000
16.99070900
16.70654100
17.10354200
17.20950000
17.38962500
16.54641700
16.13195800
16.92791700
17.37600000
17.33145800
16.79879200
16.28300000
15.83620800
16.65937500
17.08841700
16.38829100
16.74679200
18.32250000
16.73541700
16.86012500
16.45154100
17.58570900
17.16866600
20.31950000
12.56608400
17.76641600
17.82979200
16.29783300
18.27525000
17.21095900
16.17708300
17.62245800
16.87625000
16.86966700
18.88833300
17.03345900
16.73562500
17.11287500
17.10591600
17.77487500
18.06275000
17.18775000
17.27408400
17.41200000
17.01045800
16.93975000
16.94916700
17.00008300
17.20191700
17.84791600
16.97804200
17.23458300
16.82137500
16.70475000
17.11170900
17.15370800
17.18083300
17.24683400
16.77133300
17.01395800
17.26070900
16.81937500
16.88112500
16.23333300
17.73995800
17.67316700
17.19508300
16.74079200
17.67029200
16.49712500
17.69154100
24.89595900
19.80816600
21.82404200
28.68954200
22.98158300
20.22166700
20.14679100
20.67441700
19.97758300
19.20641700
21.72575000
20.37895800
21.22545900
19.76583300
20.33420800
18.44145900
19.71337500
22.78554100
21.11825000
24.08404200
20.03433300
21.75612500
19.23045900
20.43920800
18.97204200
18.96500000
19.02575000
18.46229100
18.23537500
19.22775000
17.97962500
16.47029200
16.20887500
16.11654200
15.28612500
17.09383300
16.13887500
15.84504200
16.05337500
16.05466600
15.84616700
15.78891700
15.97229100
15.90787500
16.00675000
15.63700000
15.71545900
15.62375000
16.00754100
15.88475000
15.56520900
14.75241600
14.45554200
14.95195800
15.71091700
15.55933300
14.61408400
14.07166600
14.15358400
14.24079100
14.07487500
13.90358400
13.61483300
13.14979200
13.11045800
12.93483300
13.13650000
13.42591700
13.09829200
13.09300000
13.00779100
12.88629200
13.12262500
13.56758300
13.77658400
12.40029100
12.08729200
12.91770800
16.95895900
16.86887500
16.84741600
16.29295900
16.78175000
16.69783300
16.46170800
16.71616700
16.65554200
16.69583300
16.59854200
16.79566600
16.68258400
16.83125000
16.60612500
16.66891600
16.77054200
16.63237500
16.57387500
16.68716700
16.69583300
16.63529200
16.68979100
16.85666700
16.58195800
16.62845900
16.74091600
16.63845900
16.89733300
16.59712500
16.75850000
16.22679200
16.99550000
16.67808300
16.66212500
16.64416700
16.73495800
16.57825000
16.79637500
16.61341700
16.61408300
16.77695800
16.63529200
16.67695800
16.75195900
16.63033300
16.62445800
16.75033400
16.65475000
16.77070800
16.69954200
16.51554100
16.75670900
16.91587500
16.81954100
17.05800000
17.52387500
17.81729200
17.42870800
17.04679200
17.54550000
16.95270800
17.26825000
16.94187500
17.37287500
17.13820900
18.10670800
17.21670800
17.65391700
17.19033300
17.22716700
17.05425000
18.61729200
17.73866600
17.20362500
17.63050000
17.33529200
17.16091700
17.34029100
16.66345900
16.95825000
16.85191600
17.70083400
16.85408300
16.76258300
17.06212500
16.91845900
16.83695800
16.91841700
17.22491600
17.42391700
16.91145800
18.07254200
16.89004200
17.51845800
17.29841700
16.89554100
17.06733400
16.97525000
17.34216600
17.39954200
17.19645800
17.43233400
17.65725000
16.86170800
16.76320800
16.93683400
16.66179100
16.86162500
16.60700000
16.65395900
16.85558300
16.90229200
16.69462500
17.31612500
17.40758300
17.89600000
17.30258300
16.21825000
17.86387500
16.65791700
16.55433300
16.38487500
16.78162500
16.57270900
19.84083300
17.62720800
16.47941700
16.66654200
16.77479100
15.96879200
17.78545800
17.34508400
16.50366600
16.91695900
17.49341600
15.86445900
18.13479100
17.64675000
16.43462500
16.54600000
18.39608400
16.94341600
17.32083400
17.13133300
16.75283300
16.62370900
17.69050000
16.98095800
16.80787500
18.73325000
17.25945800
15.98175000
17.82375000
17.87475000
16.69016700
16.65216700
16.44312500
17.04979100
16.87575000
18.13816700
16.47316700
16.48525000
18.91012500
16.77891600
17.31483400
17.01008300
17.72179200
16.93170800
17.08258300
17.35208400
17.02708300
18.94533300
17.82241700
17.64212500
16.66895800
16.63045900
17.77020800
17.72545800
16.79033400
18.30487500
16.65645800
16.95791700
18.18208300
17.03391700
17.22945800
18.00162500
16.94637500
17.73158300
18.46587500
17.21783400
17.82400000
16.85937500
16.80220800
18.15012500
19.44466700
18.16691600
17.55979200
16.48475000
16.43058300
16.58929200
16.49962500
16.46916700
16.78766600
15.72712500
15.40945900
15.64725000
15.32400000
15.37300000
15.44700000
15.35650000
15.77633300
15.38404200
16.46312500
15.72254100
14.87158400
16.51929100
16.41375000
14.24720900
15.76800000
15.39733300
14.66191700
15.64200000
16.57562500
15.69725000
16.03987500
15.93520800
15.61733300
15.52958400
16.25175000
15.40383300
17.20766700
16.09504100
17.80820900
16.66862500
16.75145800
16.43916700
15.49895800
17.75300000
17.04325000
17.19125000
17.12854200
17.38441600
17.97641700
17.41016700
17.37162500
17.08641600
17.29354200
15.87954200
15.70520800
15.81916700
15.75545800
16.05658300
16.25462500
16.13362500
16.01129200
15.77845800
15.80270900
15.85204100
15.71079200
15.81687500
15.48654200
16.91695800
15.83304200
15.82333300
15.82208300
15.53341700
16.50254200
14.64733300
14.77837500
14.65766700
14.51462500
14.15600000
15.80358300
14.60187500
15.46183300
14.74375000
14.63500000
14.75041700
14.96508300
14.34200000
15.09950000
14.68429200
14.41600000
14.32308300
15.02858400
14.85587500
14.58787500
14.50579100
15.04091700
16.57075000
16.64054200
16.68883300
16.72750000
16.70258300
16.75962500
16.75579200
16.45412500
16.64450000
16.78550000
16.64004200
16.75683300
16.64833300
16.74854200
16.63745800
16.65345900
16.61812500
16.78558300
16.63370800
16.73837500
16.55545900
16.86133300
16.46829200
16.70345800
16.69670800
16.64141700
16.67066700
16.75979100
16.61395900
16.67487500
16.65875000
17.00658300
16.63262500
16.92975000
16.49875000
17.74891700
15.01316600
19.68787500
16.06916700
16.03937500
15.88487500
15.96712500
16.77020800
16.66016700
16.56983300
16.85416700
16.90354200
16.63708300
16.32762500
16.86237500
16.53704200
16.76162500
16.71408300
16.62929200
16.68983300
16.74804200
16.57525000
17.32850000
17.28704100
17.11704200
17.48550000
17.11891700
17.07066600
18.26083400
17.63983300
18.55262500
19.00970800
17.82062500
17.35637500
17.31458400
17.29845800
18.16670800
17.83937500
17.12045900
16.89008300
18.00283300
18.18879200
17.37212500
18.44395800
17.55533400
17.36520800
17.53191700
17.94258300
17.34337500
17.81075000
17.62316700
17.12266600
17.07604200
17.03408300
17.56062500
17.25845900
17.27650000
17.69979100
17.13791700
17.22029200
17.23220800
17.66579200
18.06841600
22.62145900
19.07712500
17.93337500
18.39562500
17.35408300
17.37250000
18.68116700
17.45250000
17.86804100
17.12712500
17.01950000
17.19087500
18.20579200
17.15233300
16.99316700
17.39641700
17.28820800
18.50883300
17.53875000
17.81995900
16.88758300
17.23191700
17.13712500
17.83195800
19.48354200
18.63550000
18.13620800
17.43633300
16.52512500
17.00541700
16.92508300
15.80879200
17.74579200
16.50137500
17.36441600
16.44520900
15.43625000
15.26158300
15.79362500
14.84845800
14.99395900
15.37220800
16.14058300
16.39845900
17.71704100
17.36729200
17.20283300
16.21145900
16.27641600
14.66254200
17.22354200
15.99620800
15.10225000
15.42862500
16.56120800
15.52137500
15.56529200
15.53445800
15.98912500
15.76091700
15.28400000
16.12887500
16.87508300
16.46441700
16.89733300
16.33670900
16.55529100
17.64420900
16.94504100
16.55391700
16.99154200
16.36470800
17.01837500
17.61025000
16.87420800
16.28812500
18.68429200
17.04216700
16.43337500
17.14020800
17.71608300
16.36658400
18.23800000
17.03050000
17.26016600
19.21754200
17.69858300
16.55529200
18.82283300
17.12058400
19.49045800
18.17420800
18.80341700
19.53012500
20.44412500
20.57770800
20.04712500
18.76933400
18.59895800
19.62420800
18.80820900
19.64175000
18.65512500
17.72354100
17.44366700
17.35179200
18.87120800
18.71475000
18.76633300
17.97283400
18.08629100
16.88529200
17.62079200
17.72125000
17.73200000
17.63637500
18.54562500
17.03312500
18.24387500
17.50916600
16.89312500
18.09950000
17.20325000
17.35520900
18.20520800
18.02533300
16.96250000
18.50429200
18.57900000
19.12687500
17.93129200
19.23320800
20.28829200
19.18537500
19.13233300
19.72420800
18.74729200
19.47516700
18.61358300
18.38654200
18.52745800
17.97420800
16.87995900
17.59504100
18.21866700
16.95629200
16.85037500
17.41829100
18.10995900
19.32054100
18.92812500
18.17895900
18.61162500
17.75716600
17.71350000
18.76283400
17.93725000
17.80304100
19.13937500
17.96350000
18.36575000
18.20570900
17.67791600
16.43412500
16.49645900
16.97870800
16.52641700
17.15333300
16.19483300
16.02645900
16.46875000
16.49745800
16.49283300
16.11308400
16.39962500
16.24016600
16.28370900
16.04783300
16.03254200
16.03191600
16.28900000
14.87800000
14.90495900
15.11808300
14.71862500
15.04100000
15.17829200
14.65629100
17.69020900
12.56629100
17.06725000
16.60479200
17.11295800
16.77108400
17.30345800
16.12058300
15.17016700
15.48583300
15.53279200
15.97575000
15.11862500
14.93433300
15.36150000
14.92116700
14.85875000
15.36562500
16.69541700
16.17145800
16.28391700
15.59054100
16.00816700
15.93454200
15.06383300
14.81125000
15.56554200
16.49116600
16.83758400
16.61691600
16.62850000
16.74537500
16.11091700
15.91937500
15.60670800
15.43354200
15.59104200
15.89866600
15.51025000
15.67875000
15.33729200
14.64650000
15.22341700
14.32295800
14.10879200
14.36375000
14.28162500
15.57991600
16.19108400
15.19904100
15.11937500
14.25020900
17.96637500
15.39837500
15.77862500
15.12983300
15.62033300
15.28558400
14.84975000
14.51387500
14.37670800
14.25020800
14.58783400
14.19162500
14.69925000
14.39633300
16.15912500
16.66016700
16.68120800
16.61141700
16.62416600
16.68808400
16.73162500
16.60575000
16.85770800
16.68937500
16.54741700
16.77862500
16.73566600
16.51308400
16.77370800
16.72675000
16.68870800
16.75425000
16.78629200
17.24258300
16.73533400
16.56062500
16.20591600
16.67133400
17.03941600
17.36683400
17.69283300
17.45116700
17.70866600
17.41766700
17.27883300
17.22012500
17.52995900
16.96737500
17.14304100
17.50704200
17.53483300
17.14241700
17.51975000
17.34266700
17.27475000
18.05491600
17.74129200
18.80875000
18.37875000
18.22270800
18.42762500
17.84587500
17.18675000
17.83179200
17.51900000
17.79708300
18.44200000
18.54225000
17.67166700
18.38120800
17.36579200
17.18208300
19.37620900
18.50866600
18.41616700
18.05950000
18.03087500
18.08737500
19.50050000
18.35412500
18.44979200
19.02366600
17.83804200
18.35383300
17.52591700
18.76387500
17.92191700
18.16600000
19.20779100
19.85570900
17.55675000
17.65054100
16.93275000
17.04616700
17.49204200
16.84862500
17.09179100
16.97741700
17.73812500
16.50041700
18.75258300
17.10000000
17.46962500
16.89708300
17.31625000
16.26808400
18.44487500
18.35558300
17.22666700
17.83345800
18.63545800
17.94554200
17.25625000
18.40658300
17.38925000
16.96058400
18.35225000
17.27150000
16.77362500
16.95862500
16.76212500
16.09954100
16.85270900
17.43891600
16.68054200
18.27595800
16.09583400
17.06591600
17.59720900
17.05870800
16.84166700
18.62691600
17.16925000
16.95566700
16.79529200
18.04729100
18.03004200
17.80716700
18.32200000
17.78595800
17.58900000
17.71850000
16.83562500
16.47945800
17.68229200
16.62341700
18.99041600
18.01904200
18.53529200
17.87775000
16.93595800
17.05262500
17.97945800
17.38062500
18.25504200
17.47637500
17.38975000
17.12370800
17.44762500
16.94104200
16.81016700
16.84320800
16.95887500
17.34558300
17.93512500
17.56754200
16.76558300
16.81112500
16.85241700
17.39204200
17.16537500
17.98654100
17.62766700
16.70337500
16.72429200
17.08291600
17.41854200
16.89879200
16.42941600
18.09175000
17.64383400
16.99395800
16.81425000
16.78483300
17.77741700
17.15704200
17.06779100
17.04645900
18.73266600
19.57441700
19.82641700
17.95245800
19.29500000
18.14416700
18.18645800
18.43350000
17.93495800
19.31479200
20.21600000
18.70525000
18.22845800
17.41650000
18.11229200
17.60716700
18.02637500
17.15812500
16.97945800
17.36720800
16.52408400
15.32933300
16.79412500
16.09120800
15.99445900
16.09083300
15.99545800
15.88012500
15.79483400
15.84158300
14.61916700
14.80004100
14.52000000
14.43508400
14.72183300
14.00408300
13.55050000
14.35270900
13.44950000
14.56983300
13.98012500
13.98337500
13.56733300
14.26150000
14.05512500
15.30887500
15.49633400
14.96304100
14.11487500
14.12833400
13.89166600
13.79562500
14.05108400
13.77308300
14.02416700
14.89295800
14.81320800
14.94929200
15.02587500
14.65816700
14.53962500
14.82687500
15.40333300
14.64391700
15.00612500
14.84529100
16.41083400
15.29454100
15.00270900
15.42187500
15.65383300
15.06345800
16.77945900
16.68225000
16.70816600
16.69383400
16.64733300
16.71441700
16.67179100
16.74195900
16.88612500
16.42616600
16.70175000
16.70283400
16.62500000
16.59854100
16.74237500
16.84437500
16.45825000
16.67312500
16.72145900
16.75937500
16.65970800
16.65350000
16.71504200
16.70262500
16.68062500
16.66900000
16.64316600
16.79612500
16.62820900
16.66987500
16.65670800
16.64412500
16.78004200
16.64179100
16.41483400
18.55245800
16.18133300
16.11779200
15.82950000
16.74545800
16.68795900
16.75404100
16.81958400
16.59175000
16.55391600
16.78462500
16.74258400
16.55754100
16.79020900
16.73187500
16.52537500
16.73829100
16.69041700
16.65075000
16.70925000
16.81275000
17.61083300
19.08091700
18.24245800
18.37562500
17.70325000
17.96712500
17.62650000
19.34641700
17.68325000
18.04633300
18.79841700
20.24708300
19.32366700
17.80279200
17.72895800
17.67341700
17.54945800
17.55675000
19.14141700
17.76766600
17.42958400
18.41083300
18.50937500
17.79962500
18.74125000
17.75329200
17.64116600
18.82529200
17.38154200
17.92383300
18.82816700
17.77200000
17.38295800
18.17362500
17.31475000
17.63845800
17.26475000
17.33791700
17.09725000
18.01191700
16.89433300
17.20950000
17.32770800
17.39537500
17.51570900
17.81979100
17.08125000
17.26050000
17.41458400
17.83037500
17.52229100
17.84904200
17.34391700
18.62941600
18.56179200
17.70779200
17.52220800
19.29341700
18.32925000
18.58250000
17.29041600
18.18466700
18.35291700
17.12741600
17.61925000
18.61745900
18.01100000
20.66716600
18.95175000
17.96366700
18.27112500
18.27716700
17.37237500
18.19504100
16.81279200
17.19637500
17.44458300
16.92208400
16.81387500
18.13100000
18.05633300
17.14229200
16.41745800
18.52283300
16.37670900
19.07312500
17.97675000
18.14920800
17.04395800
18.47250000
17.14241700
18.41883300
17.60441700
17.56116700
18.07195800
18.93600000
19.59312500
18.20283300
18.44150000
17.64529200
16.23391700
17.09037500
17.37458300
16.44670800
16.47695900
16.34391600
16.03033400
16.04758300
16.28004200
15.40483300
15.47350000
17.41670800
15.69425000
15.82604200
15.56741700
17.29537500
16.28987500
16.03741600
16.71454200
15.91366700
16.57254100
16.56933400
15.59270800
15.14745800
16.27170900
17.85425000
16.11554100
16.31983400
16.91245800
16.61616700
16.16912500
16.61704100
16.60475000
16.39304200
17.42625000
16.61550000
17.25745800
17.64941700
17.30550000
18.44454200
17.53720800
17.98425000
17.59470800
17.30708400
16.85179100
17.14945900
17.02883300
16.70691700
17.86979100
17.00520900
17.41725000
17.29845800
18.33604200
18.36000000
18.38195800
18.09875000
17.12416700
17.13387500
18.20341600
18.12183400
18.17670800
17.49704200
17.38462500
17.78679100
18.45500000
18.39979200
18.05187500
17.77258300
19.66425000
19.31541700
19.23504200
18.40183300
20.22166700
18.65904100
18.70862500
18.80970900
18.93666600
18.35916700
18.74100000
18.35050000
18.43508300
18.79625000
17.84083400
18.97483300
19.32758300
18.46525000
17.85508400
19.06741600
17.99787500
18.29887500
18.23425000
18.47312500
17.85537500
18.50508400
17.31320800
18.48620800
18.19720900
17.63191600
17.00625000
17.32125000
16.53925000
16.50037500
16.23254200
16.24262500
16.35620800
17.34850000
16.53995900
16.46045800
17.41987500
16.43066700
17.85662500
16.30245800
16.41404200
16.95079100
16.29058400
16.02675000
15.53512500
15.14270800
15.14000000
15.40916700
15.48579100
14.87633400
15.07433300
16.36545800
15.42279200
15.32587500
15.05429200
16.43425000
15.17554100
16.26229200
17.12008300
15.73566700
14.89583300
16.49200000
15.46950000
15.02050000
15.27087500
15.78991700
15.28691700
15.09220800
15.87570800
15.63045900
16.22412500
15.64983300
15.37562500
15.21783300
14.94008400
14.69037500
16.12812500
16.24075000
15.01875000
15.84100000
15.05012500
14.98900000
14.69475000
15.65945800
14.76500000
14.50420800
14.50100000
15.18287500
15.50345900
14.95495800
14.29650000
14.39366700
14.76812500
14.88391600
14.43225000
15.14320900
14.37879100
15.57870900
15.29508300
14.72029200
14.37091600
15.04208400
14.12608300
18.35533300
16.12625000
17.21137500
15.84450000
16.34462500
15.78133400
17.40758300
16.88358300
17.61562500
16.19045900
16.19795800
15.81920800
16.13512500
17.05675000
16.20375000
15.71095900
15.68100000
15.62787500
16.99320800
16.96675000
17.90679200
19.27279100
17.76025000
18.29491700
17.24758300
17.42904200
17.78354200
18.29929100
17.78891700
19.35775000
19.18279200
17.61262500
17.28895800
18.27270800
17.04262500
17.40783400
17.35304100
18.13029200
19.37579200
18.08616600
18.11300000
17.97229200
16.84941700
16.31679100
16.93054200
16.46562500
16.48191700
16.38837500
16.60575000
16.48483300
16.28737500
15.63670800
15.47800000
15.34054200
15.53433300
15.45591700
15.36108300
15.35879200
15.54195800
15.41525000
15.97629200
15.37812500
15.49279200
15.36441600
15.50129200
15.24233300
15.19658400
15.30412500
15.28145800
15.29325000
15.56008300
15.13225000
15.95058400
16.01129100
15.72016700
15.65020800
16.20491700
16.03533300
17.07620900
17.68133300
17.80770800
16.94362500
17.22116700
17.09383300
16.72879200
17.24816700
17.06754100
17.49325000
17.05700000
18.71054200
16.87933300
17.55141700
18.80250000
16.92866700
18.34941600
18.03904200
17.40950000
17.42204200
17.83662500
18.05200000
17.97670800
16.95120800
17.11812500
17.49287500
17.83237500
18.00941700
18.15104200
17.31904100
17.63845900
16.51220800
18.88425000
18.19720800
17.75795900
17.01316600
18.52537500
17.42566700
18.29270800
16.74579200
16.55804200
17.53120800
16.92241700
18.15262500
17.18066600
17.15983400
17.51095800
17.11633300
17.28729200
17.36666700
17.22025000
17.95795800
17.12729200
16.17175000
17.66445800
17.55725000
18.07562500
18.17462500
17.42129200
18.52720800
17.86283300
18.84383400
17.00112500
17.83787500
19.07837500
17.54079100
17.63387500
19.76295900
19.52304100
19.94562500
18.74091700
18.27104200
17.84625000
17.18012500
18.39100000
18.00283300
18.18745800
17.53812500
17.01795900
17.49000000
17.29404100
17.62191700
16.80725000
17.40666700
17.50095800
17.23175000
17.46487500
17.17875000
19.45250000
17.37558300
18.23179200
17.20837500
17.29158300
16.65020900
18.32991600
17.41966700
17.51237500
16.60716700
19.80191600
17.42900000
17.45458400
19.06066600
18.33762500
17.83787500
18.91654200
17.92662500
19.09970800
17.87266700
19.06908300
18.66208400
19.02112500
19.82008300
19.54416700
19.83237500
18.67812500
19.47754100
18.51941700
18.42887500
17.49875000
18.08716700
17.98566600
18.23762500
18.94604200
18.97133300
17.09741700
19.04633300
18.59716700
18.22083300
17.46591700
19.70450000
18.03483300
17.51945900
17.96258300
18.96325000
16.89787500
18.50225000
18.39262500
18.10570800
17.41208400
19.16333300
18.87612500
18.71016700
18.74366600
17.54033400
15.63075000
17.49925000
17.10891600
16.50350000
16.80300000
15.87970900
16.39704100
17.00129200
16.07854200
17.11508300
16.22679200
16.70000000
15.75387500
16.11737500
17.29416600
16.37233400
15.77408300
15.53745800
15.87608400
14.92391600
13.90508400
16.99841600
15.22466700
15.31808300
15.77283400
16.43254100
14.65029200
15.47550000
17.06633300
15.80625000
14.66341700
15.41937500
16.97950000
16.07629200
16.06970800
15.11195800
15.33125000
14.37904200
14.41775000
15.09458300
14.49629200
14.20137500
13.98312500
13.83941700
13.96691600
14.80116700
13.40683300
14.16100000
14.46479200
14.00070800
11.70937500
11.66258400
11.17416600
11.22629200
11.04558300
11.18854200
11.32062500
16.73925000
16.66716700
16.75262500
16.59466600
16.72662500
16.70670900
16.72695800
16.60770800
16.79187500
16.66750000
16.66029200
16.69175000
16.42779200
17.08941600
16.52162500
16.81041700
16.50758300
16.76837500
16.56833400
16.65841600
16.71320900
16.68437500
16.61870800
16.68758300
16.71175000
16.70579200
16.59879200
16.77104100
16.68166700
16.63591700
16.62733300
16.79425000
16.68216700
16.81037500
16.79575000
16.68720800
16.65779200
16.33312500
16.65483300
16.81833300
16.82233400
16.57004100
16.69350000
16.63650000
16.69083400
16.85520800
16.46204200
16.97358300
16.54958300
16.61945900
16.71800000
16.80437500
16.40950000
16.84254100
16.65191700
16.69104200
16.69441600
16.62441700
16.73833300
16.68995900
16.58845800
16.76983300
16.60404200
16.68454200
16.73566600
16.71670900
16.61658300
16.58391700
16.52991600
16.74700000
16.97466700
16.49900000
16.82275000
16.63512500
16.68450000
16.48420800
16.90329200
16.65645800
16.71337500
16.68800000
16.59233400
16.71012500
16.74508300
16.59470800
16.67354200
16.72816700
16.60612500
16.86133300
16.67804200
16.65079100
16.53854200
16.72320800
16.70258400
16.68454100
16.95758400
16.75091600
16.41091700
16.63962500
16.83383300
16.66654200
16.63050000
16.71558300
16.79241700
16.31458300
16.97375000
17.31204200
14.76212500
16.68975000
1385.79845800
15.59604200
16.62787500
16.70754200
16.77812500
16.58354100
16.72900000
16.70225000
16.62104200
16.73262500
16.63037500
16.72987500
16.70291700
16.78837500
16.64591600
16.70187500
17.23966700
16.10866700
16.96770800
16.87316700
18.07950000
16.72791600
16.56925000
19.58516700
17.60437500
16.87162500
16.62295800
15.61900000
15.69616700
15.48520800
15.76895900
16.06429100
16.06687500
16.43200000
17.36358400
17.58245800
17.00575000
17.20737500
17.06150000
17.12487500
17.17270800
17.04695900
16.88316600
17.12045900
16.97033300
17.12833300
16.78600000
16.99662500
17.20195900
17.88487500
17.27766600
18.10033400
17.74775000
16.92262500
18.09000000
17.95412500
18.17895800
18.24612500
18.14837500
17.63379200
17.87412500
17.05062500
17.76954100
17.06662500
16.72395900
17.13308300
17.08050000
16.94925000
16.86466700
17.16995800
16.95908300
16.95600000
17.07287500
16.91629200
16.99429200
17.64804100
16.93358400
18.22708300
18.32558300
19.47129200
18.78366700
18.82737500
18.49000000
18.50870800
18.53658300
17.39837500
18.23191700
18.25979200
18.23304100
17.11812500
17.86845900
18.38370800
18.72533300
18.41904200
18.23991700
18.43725000
18.24429100
17.14062500
16.83366700
17.98250000
17.26637500
17.94762500
17.25912500
17.20725000
17.27112500
18.41970800
18.71283400
17.98104100
18.03066700
16.89391700
16.90195800
16.99333300
17.12120900
17.08633300
16.98675000
17.00045800
17.60458400
18.19733300
16.69700000
17.34400000
16.88795800
17.03279200
17.67212500
17.13341700
17.64337500
16.96750000
17.14354100
17.05208400
17.51466600
18.32816700
17.22208300
17.81445900
17.06195800
16.89720800
17.71641700
17.24241700
17.68970800
17.46591700
18.33591600
17.15037500
18.22308400
17.83575000
17.77916600
17.02583400
17.75520800
16.95300000
17.10962500
17.77858300
17.69891700
19.54075000
18.37270800
17.55208400
17.11358300
18.47379200
18.19466600
18.12250000
18.14616700
17.94833300
17.64233400
15.61437500
24.42812500
18.91691600
18.61612500
18.59662500
18.48537500
17.49720900
17.08445800
17.28304200
16.94741600
17.02395900
17.99779100
17.51795900
16.89125000
16.18866600
15.88500000
16.19300000
16.18295900
16.04375000
16.03758300
16.13266700
15.90779100
15.98587500
16.12666700
16.00229200
15.95070800
15.96750000
16.67958300
16.36841700
16.21600000
16.32812500
16.04812500
16.33770800
17.73350000
17.74645900
17.63841600
17.47345900
17.68358300
18.32200000
17.99004200
17.97650000
17.78125000
17.58850000
17.65604100
17.79850000
17.40304200
17.65545800
17.78658400
18.76341600
17.76591700
17.87750000
17.67600000
18.81008300
18.97450000
18.83295900
18.75112500
18.83841600
18.95154200
18.30816700
18.09637500
19.19625000
19.00483300
18.58400000
18.86379200
19.11412500
19.06733300
19.21704200
18.69912500
18.75333300
18.85945800
19.02150000
18.87212500
18.75037500
18.31037500
18.91962500
17.78975000
18.59779200
18.56275000
18.92700000
17.93395800
18.77829200
17.56608300
18.98920900
19.15329100
18.97387500
19.02000000
19.12895900
18.90054100
19.08341700
18.85412500
18.56737500
18.97629200
19.92283300
18.97029200
18.69954100
17.88350000
18.46825000
18.43754200
18.93066700
18.91808300
18.77325000
19.42995800
19.45383400
18.90562500
19.38016600
19.44045900
19.21287500
19.01700000
19.02179100
17.56733400
18.66283300
18.52645800
18.77025000
18.85287500
18.55954200
19.04133300
19.29883400
19.16300000
19.29604100
19.07400000
18.80404200
18.76429200
18.12212500
18.39712500
17.88337500
18.64245800
18.93191700
19.00325000
18.95312500
19.03145800
18.73800000
18.59204200
18.62075000
18.86737500
19.04425000
19.03758300
18.96620800
18.91541700
19.07345800
19.07837500
18.96470900
18.81766600
18.37708400
18.62995800
19.05100000
21.07125000
19.62145800
19.19608400
19.42391600
19.24745900
19.19966600
19.10070900
19.09000000
19.08404100
19.81908400
19.01691600
19.27025000
19.22916700
19.25812500
19.03762500
19.28870800
18.91966700
19.12650000
18.96370800
18.95587500
18.91029200
19.24275000
19.06579200
19.05666600
19.04391700
18.86275000
19.06870800
19.48487500
19.10779200
19.49750000
18.95000000
19.12591700
19.23400000
19.06504100
19.14091700
19.29916700
18.85537500
18.99487500
18.87520800
19.00791700
19.03337500
19.24912500
18.79533300
18.51054200
18.91770800
18.54495800
18.14395900
17.58162500
17.38170800
17.34675000
17.44895800
17.46825000
17.39779200
18.35141700
17.48291600
17.55858400
17.63004100
16.73741700
16.26308300
17.28166700
15.97600000
16.48454200
16.35691600
16.92837500
18.63220900
18.67845800
17.53195800
17.41229200
17.80683300
17.05641700
16.01437500
17.18887500
17.12670800
17.65820900
17.85320800
17.60808300
17.92454200
17.57450000
17.81062500
17.60766700
17.81008300
17.52429200
17.50425000
17.56337500
18.66095800
18.81216700
18.82575000
18.85562500
18.81591600
18.76008400
18.75575000
18.66441600
18.71766700
18.63762500
18.59029200
18.81091600
18.91083400
19.10920800
18.72508300
18.81429200
18.92237500
18.81845800
18.79850000
18.68470900
18.67362500
18.58691600
18.66787500
18.52683400
19.14741600
19.14400000
18.79383400
18.82079100
18.80741700
18.82720800
18.57512500
18.63958400
18.40929100
18.76100000
19.42858400
18.79337500
18.84525000
18.98983300
18.49362500
18.71225000
18.65316700
18.73916600
18.79195900
18.57633300
18.42791700
18.74158300
18.86025000
18.62058300
18.53450000
18.62862500
18.71725000
18.49525000
18.55658400
18.46795800
18.46929200
18.56325000
18.24691600
18.39150000
18.77775000
18.60091700
18.33841700
18.37233300
18.36791700
18.23883300
18.11712500
18.15075000
18.05241700
18.35737500
18.12116600
18.19566700
18.28541700
18.00291600
18.41300000
18.37745900
18.27866600
18.30158400
18.16366600
18.18304200
18.59366700
19.28166600
18.34729200
19.29112500
18.22329200
18.35587500
18.38545800
19.32604200
19.45166600
18.95475000
18.81125000
19.21975000
19.49958400
18.25491600
18.15983400
18.35004100
18.21741700
18.26966700
18.92412500
17.86320800
17.92108300
18.11608400
18.00200000
17.84395800
18.21645800
18.01404200
18.06945800
17.93454200
18.07108300
18.05175000
18.95025000
17.71320900
17.98204100
17.88825000
17.92687500
17.89341700
17.94387500
17.81845800
17.62320900
17.76712500
17.67162500
17.90783300
17.84820800
17.71745900
17.81008300
18.54608300
18.56379200
17.78837500
17.62733300
17.62087500
17.60104200
17.62362500
17.72691700
17.89708300
17.60800000
18.88700000
18.19183300
17.75491700
17.70866700
17.77716600
17.67462500
17.94104200
24.33770800
20.52012500
23.17108400
21.05391600
21.97370900
21.44475000
20.15316600
20.98391700
19.68887500
19.39170800
20.52275000
20.05429200
18.92895800
18.78783400
18.78204100
19.06279200
18.04625000
18.44187500
17.66183300
18.37208400
18.23341600
18.32341700
17.86841700
17.30625000
17.48937500
17.32037500
17.29766600
17.55812500
17.08687500
16.10983400
16.27104100
16.00429200
16.05300000
16.18325000
16.53562500
16.22879200
17.16600000
16.86550000
16.32716600
17.36387500
17.43629200
17.14116700
17.44391600
17.31662500
17.26050000
17.29145900
17.10162500
17.24116600
17.68112500
17.89020900
18.31058300
17.77283300
17.68962500
18.00041700
18.11541700
17.09900000
17.04058300
18.31925000
18.05858300
17.52516700
17.99516700
18.21745800
17.27412500
18.22145800
17.10900000
17.01212500
18.02295900
17.17333300
18.39183300
17.62329200
17.51816700
17.64883300
17.28512500
17.49037500
16.86675000
17.40979200
17.46570800
16.88829200
16.81550000
17.06066600
17.87825000
18.11558400
17.90825000
16.89000000
17.44537500
17.60520800
18.20325000
17.67037500
16.97037500
17.79416700
16.84891600
16.73266700
16.54091700
16.58720800
17.36600000
17.22625000
17.97841700
17.19437500
18.00945800
17.41137500
17.45370800
16.53037500
16.49091700
17.36958300
16.90950000
18.16975000
17.60066700
16.68833300
17.06887500
17.08891700
17.19175000
17.22070800
17.48191700
17.34166700
17.66962500
17.99633300
17.90775000
18.14562500
17.80908300
16.95887500
16.76358400
16.49445800
17.29179200
16.40254100
17.54695900
16.54891600
16.61375000
17.29550000
16.58016700
17.48016700
16.62012500
16.44991600
17.23870900
16.70750000
17.84216600
17.12625000
17.37625000
17.67366700
16.81237500
17.07745800
16.25120900
16.34041600
17.22437500
16.27829200
17.64312500
16.96412500
16.49904200
17.09125000
16.18633300
16.60825000
17.14666700
16.07370800
17.08291700
16.08020800
16.03012500
16.21033300
16.70300000
16.24958400
16.93279100
16.01016700
16.03633300
16.92429200
16.06625000
17.25083300
17.37695900
17.57475000
17.01695800
16.20220800
16.21050000
16.85758400
15.98125000
17.24675000
16.70516600
15.85575000
16.46637500
17.62187500
17.22779200
16.83125000
16.21487500
17.09308300
16.14495900
16.93858300
17.25204200
17.29354100
16.48308400
16.64945800
15.90595800
15.91300000
15.96437500
15.92429200
16.18625000
16.80920800
15.78900000
17.02437500
18.38433400
17.08166600
16.42245900
15.69412500
15.83900000
16.21483300
16.25383300
15.71745900
16.18820800
16.39270800
16.74991700
16.92441700
17.41154100
17.49020900
16.72179100
16.56862500
15.95816700
15.23183300
15.12525000
15.33537500
15.34425000
15.30895900
15.19916600
15.17604200
15.21575000
14.58041700
14.17862500
14.21383300
14.00862500
13.96533300
14.13987500
14.09541700
15.10079200
18.47979100
14.41895900
14.41779100
14.64200000
14.33316700
14.11883300
14.28591700
14.12120800
14.21783400
14.16637500
14.09820800
14.84750000
14.27454200
14.24595800
15.00308300
14.33725000
14.53587500
14.71883400
14.71720800
14.69129200
15.38220800
15.52612500
15.33179200
15.53795800
15.55558300
15.22337500
15.26283400
15.39329100
15.16966700
15.22350000
15.46450000
15.03608300
15.27441700
15.17070800
15.11100000
16.81308400
16.71679100
16.64145900
16.73329100
16.57383400
16.79145800
16.64300000
16.61858300
16.72812500
16.72308400
16.64512500
16.63183300
16.77129200
16.66783300
16.67537500
16.63550000
16.72200000
16.72108300
16.68341700
16.57525000
16.80841700
16.57737500
16.76258300
16.65700000
16.65404200
16.65104100
16.79845900
16.55066600
16.74233400
16.78970800
16.59512500
16.75300000
16.59187500
16.73141700
16.64954100
16.76037500
16.57408400
16.80775000
16.84387500
16.53216600
16.57816700
16.68875000
16.71408300
16.67287500
16.75500000
16.73079200
16.57991700
16.64445800
16.69200000
16.63495800
16.83345900
16.51550000
16.78470800
16.69850000
16.67191700
16.57812500
16.79812500
16.66541600
16.60129200
16.74837500
16.58658300
16.74420900
16.65187500
16.73733300
16.67904200
16.62458300
16.75487500
16.64554200
16.64966600
16.67591700
16.80070800
16.57662500
16.75225000
16.68891700
16.62812500
16.67991700
16.65408300
16.77820800
16.61920900
16.78537500
16.57337500
16.68654100
16.71245900
16.62654100
16.66150000
16.68083400
16.78708300
16.76291700
16.63133300
16.58604200
16.77795800
16.73783300
16.54366700
16.81870800
16.61412500
16.61308400
16.72550000
16.68087500
16.75316600
16.68233400
16.62716600
16.59162500
16.77354200
16.60754200
16.75079100
16.58912500
16.74891700
16.67295800
16.64891700
16.71883300
16.68320900
16.66583300
16.72145800
16.71408400
16.64104100
16.67787500
16.64508400
16.80575000
16.63295800
16.68291700
16.59404100
16.72370900
16.65495800
16.76225000
16.59708300
16.73125000
16.76354200
16.57104200
16.66300000
16.72895800
16.67233300
16.67008400
16.67645800
16.67187500
16.66650000
16.75083300
16.62995900
16.68287500
16.71995800
16.65975000
16.67041700
16.73420800
16.74425000
16.67845800
16.62100000
16.65995900
16.65195800
16.87108300
16.51716700
16.65812500
16.70287500
16.66329200
16.69441600
16.69254200
16.67775000
16.67887500
16.68283300
16.69375000
16.68225000
16.66287500
16.69545900
16.66341600
16.68991700
16.70200000
16.67804200
16.68129100
16.67620900
16.67920800
16.69758300
16.68066700
16.66900000
16.69866700
16.66529100
16.69920900
16.67687500
16.69208300
16.71995800
16.70366700
16.64466700
16.72270800
16.64808300
16.69337500
16.64375000
16.74220900
16.62491600
16.70295900
16.70250000
16.65420800
16.72062500
16.65508300
16.70112500
16.66233400
16.69058300
16.71770800
16.70266700
16.66345800
16.67945900
16.72183300
16.72187500
16.66545800
16.72087500
16.67175000
16.66504200
16.66204200
16.72133300
16.60641700
16.68450000
16.73987500
16.74883300
16.58800000
16.69650000
16.64262500
16.65737500
16.69529200
16.66083300
16.67745800
16.80829200
17.06245800
16.39104200
16.61883300
16.66612500
16.64833400
16.71066600
16.69770900
16.69233300
16.56020800
16.98412500
16.63150000
16.67462500
16.74458400
20.24800000
14.46754100
16.71725000
20.04854200
23.41733300
18.40704200
17.10620800
15.75750000
16.18500000
15.59287500
17.81500000
18.00958400
20.51658300
18.83187500
18.54704200
17.85000000
18.39808300
18.04516700
20.56950000
102.99658300
32.29879200
22.90562500
16.87683300
17.21725000
17.22350000
17.16091700
17.01658300
17.30008300
15.04450000
15.42795900
15.62200000
15.20341600
14.71937500
14.88979200
15.56283300
15.37920900
16.28633300
16.06429200
15.66854100
15.38545900
13.69358300
15.63225000
14.18662500
14.28025000
14.12645800
13.65745900
14.23950000
14.58825000
13.87591600
14.22354200
14.42195800
14.21412500
13.69504200
14.46900000
13.60108300
13.94950000
13.92854200
13.26175000
13.60495800
13.59912500
13.53575000
13.66450000
13.81150000
13.55170900
13.27820800
13.67112500
13.61329200
13.26033300
13.75008300
16.58400000
16.67095900
16.68687500
16.65637500
16.86025000
16.56791600
16.67279200
16.56329200
16.67770800
16.72133300
17.03533400
16.61150000
16.95904100
16.22154200
16.59875000
16.61516700
16.56733300
16.91541700
16.56095800
16.58079200
16.83725000
16.77820800
16.43562500
16.92687500
16.63825000
16.65308300
16.67500000
16.67812500
16.45679200
16.86812500
16.68275000
16.68387500
16.65620800
16.71895900
16.66083300
16.61958300
17.05320900
16.48087500
16.55520800
16.66350000
16.69891700
16.78487500
16.56687500
16.70591600
16.82525000
16.52420900
16.65541600
16.69137500
16.97979200
16.43487500
16.69600000
16.61200000
16.71579200
16.80312500
16.49716600
16.70712500
16.69929200
16.61904200
16.79816600
16.62004200
16.53358300
16.83766700
16.72612500
16.71033300
16.74733400
16.53800000
16.50687500
16.68891600
16.54008400
16.72141600
16.84441700
16.68387500
16.54779200
16.85083300
16.67308300
16.62412500
16.70133400
16.70483300
16.78079200
16.58741600
16.68341700
16.69704200
16.68404100
16.81466700
16.54745800
16.73504200
16.62454200
16.71104100
16.73175000
16.59316700
16.74983300
16.93145900
16.33237500
16.88525000
16.49954100
16.63004200
17.01816700
16.66683300
16.60054200
16.71041600
16.70012500
16.50895900
16.76237500
16.66787500
16.73200000
16.68533300
16.64633300
16.59875000
16.69958400
16.76795800
16.60820800
16.72604200
16.64470800
16.61316700
16.75300000
16.71491700
16.61145800
16.92237500
16.59841700
16.53445800
16.70712500
16.85650000
16.48220800
16.83333400
16.63037500
16.50941600
16.78241700
16.78750000
16.64654200
16.71741600
16.61383400
16.75500000
16.60787500
16.74283300
16.89766700
16.78662500
16.88141600
16.35095900
16.56104100
16.92333400
16.55983300
