14.53583400
1652.31129100
15.93745900
22.46400000
10.87600000
22.36000000
11.00970800
22.07312500
11.33366700
22.00337500
11.33683300
22.22358300
11.16575000
21.88454200
11.45604200
21.49612500
11.87504100
22.94625000
10.41000000
22.13887500
11.21904200
22.13608300
11.22470900
22.11875000
11.27004100
22.12962500
11.21941700
21.76820800
11.59337500
21.88537500
11.52470900
21.68329100
11.64612500
21.75625000
11.60362500
21.65041700
11.72320800
21.71941700
11.65837500
21.70404200
11.64320800
21.69166700
11.72120800
21.63491700
11.71541600
21.82520900
11.55637500
21.65237500
11.68520800
21.78808300
11.57254200
21.68791700
11.67629100
22.18558400
11.18650000
22.12270800
11.25875000
21.42237500
11.95012500
21.56262500
11.79312500
21.41716700
11.95737500
21.58520800
11.75225000
21.72400000
11.68800000
21.43420800
11.88645900
21.63283300
11.74304200
21.47770800
11.90825000
21.23120800
12.12595900
21.33008300
12.46095800
21.79820900
11.14879100
21.12725000
12.22504200
21.21958300
12.16933400
21.04566600
12.28991700
21.12204200
12.27558300
21.19837500
12.16133300
21.39854200
11.94420800
20.88350000
12.48245900
21.20262500
12.17175000
21.31175000
12.05404100
21.12300000
12.25050000
21.28975000
12.09362500
21.76937500
11.58508400
22.27370800
11.12750000
23.22245800
10.13825000
22.29587500
11.06812500
22.63804200
10.74179200
22.81829100
10.49387500
22.69129200
10.75387500
22.90570800
10.38920900
23.11833300
10.24716700
22.87570800
10.49533300
22.86370900
10.48804100
22.82558400
10.54341600
23.02533400
10.35666600
22.75745900
10.60237500
22.97870800
10.39800000
22.79266700
10.56858300
22.74229200
10.61620800
22.85620800
10.78058400
21.73637500
11.41470800
21.16041700
12.20537500
20.73775000
12.64258300
20.45900000
13.08241700
22.29504100
10.82700000
22.51900000
10.96225000
22.29070900
11.01525000
22.30154100
11.14816700
22.05354200
11.36883300
22.35950000
11.08466700
21.95295800
11.51841700
22.01320800
11.34900000
21.95716700
11.44920800
21.94879200
11.36870800
22.33525000
11.09925000
22.07808300
11.22195900
21.91175000
11.56320800
21.92254200
11.46625000
21.83225000
11.60958300
21.79754200
11.55250000
22.41620800
11.10237500
22.17241700
11.29958300
22.33041700
10.87608300
21.66954200
11.79616600
21.63662500
11.68783400
21.22237500
12.24891600
21.16845900
12.26758300
21.37987500
11.85341700
21.27191600
12.06233400
20.94620800
12.79633300
21.18837500
11.84608400
21.16975000
12.28962500
21.13700000
12.28741600
20.92083400
12.31529100
20.85116700
12.77841700
20.69791600
12.63641700
20.83095800
12.63733400
20.75608300
12.48037500
20.85358300
12.60062500
20.38229200
12.87245800
20.41833400
13.17041600
20.53704200
12.73075000
20.19791700
13.35845800
20.31037500
12.91025000
20.56470800
13.00575000
20.00329200
13.26387500
21.58925000
20.16641700
7.91295800
20.22400000
13.41920800
20.60625000
12.76200000
20.36020900
13.02237500
20.01345800
13.33204200
20.42620800
12.92270800
20.62000000
12.79191700
20.25345800
13.38879200
21.06283300
11.95033400
20.22762500
13.04300000
20.19600000
13.37558300
20.46554200
12.83200000
20.27850000
13.03045800
20.96408300
12.37416700
20.40954200
13.10166600
20.12425000
13.10329200
20.30700000
13.17762500
19.68575000
13.87204200
19.47737500
13.77970800
19.48716700
13.65341600
19.63004200
13.97112500
19.55470800
13.77395900
19.51170800
13.84812500
19.46920800
14.00995900
19.47779100
13.81979200
19.24608300
14.43554200
19.79012500
13.17908300
19.82050000
13.71733400
19.88833300
13.39995800
20.18558400
13.33533300
19.78170800
13.47129200
19.41329200
13.95683300
20.13833300
13.21770900
19.62170800
13.78637500
19.42041700
13.72733300
19.51854200
14.19170800
19.49641700
13.50687500
19.66691600
14.25866700
19.29175000
13.73412500
19.48220800
13.91016700
19.50787500
13.81866700
19.49816600
13.65895900
19.33425000
14.19112500
20.09929100
13.28454200
19.56387500
13.62558300
19.60325000
13.99425000
19.34958400
13.97558300
19.38841700
14.06225000
19.40779100
13.85279200
19.00929200
14.37658300
20.54120800
13.74837500
20.07462500
12.75304200
20.24583300
13.10100000
34.10683400
7.27495800
21.20795800
6.65041700
19.79991700
10.72095800
19.61829200
13.66804100
19.55300000
14.02887500
19.46087500
13.83245900
19.72491600
13.67512500
19.40295900
14.07975000
19.51641600
13.60383400
19.59362500
14.02962500
19.86833300
13.42445800
20.11583400
13.19766600
19.74000000
13.47558400
19.43579100
13.93233400
19.57554100
13.91200000
19.18383400
14.08933300
19.43100000
13.97495800
19.51545900
13.85650000
19.73650000
13.77454100
19.92645900
13.22154100
20.66558400
13.02779100
19.43979200
13.71491700
19.63791600
13.81820900
19.90141600
13.40325000
19.86454200
13.52891700
19.46504100
13.87720900
19.59237500
13.61287500
19.69966600
13.73937500
19.64141700
13.74470800
19.55700000
13.88754200
19.75270800
13.51675000
19.47812500
14.07691700
20.07337500
13.48916700
19.83212500
13.32395800
21.75416700
11.11362500
20.40154100
13.00637500
20.69050000
12.72370900
21.15725000
12.49637500
21.03204100
12.29095900
21.07041600
12.30329200
20.15679200
13.11454100
19.71929200
13.51812500
19.09958300
14.53987500
18.76504200
14.60145800
18.51704200
14.86766700
18.43791600
14.83400000
19.19133400
14.15550000
18.65712500
14.70591600
18.75683400
14.70066600
19.23525000
13.82895900
21.19037500
12.15325000
20.45862500
13.02387500
21.30175000
12.09870800
20.03683300
13.28929200
20.38912500
13.14650000
20.17520800
13.07245900
20.37741600
13.09970900
20.09479100
13.17208400
20.32754100
13.76158400
16.80458300
16.48366700
17.01808300
16.36308300
17.05633400
16.29741600
16.71429200
16.73708300
16.42875000
16.69870900
17.02062500
16.51575000
16.56016600
16.76575000
16.63812500
16.64579200
16.85350000
16.66229200
16.54475000
16.80450000
16.56158300
16.61704200
16.90987500
16.51608300
16.58037500
17.04212500
16.52975000
16.61333300
16.83166700
16.65462500
16.55754200
16.88212500
16.60137500
16.72312500
16.63087500
16.77516600
16.44120900
16.79358300
16.43025000
16.97895800
16.72729200
16.63816700
17.16404100
16.16012500
16.56579200
16.65987500
16.67583300
16.74941700
16.67679200
16.76504100
16.71116700
16.75683300
16.54379200
16.62608300
16.67983400
16.94820800
16.44683300
16.60775000
16.42450000
16.43462500
20.52254200
12.86220800
20.33250000
13.09775000
20.43000000
12.86558400
21.02504100
12.37420900
20.54220800
12.79320800
20.67487500
12.55033400
20.80766600
12.59583400
20.52295800
13.05029200
20.28170800
12.76812500
20.59966700
12.96950000
20.65470800
12.51795800
20.60587500
12.91245900
20.24079100
13.18508400
20.60708300
12.82179200
20.88679100
12.43283400
20.80404100
12.68033400
20.95658300
12.22079200
20.91195800
12.67750000
20.27558300
13.00154200
20.55837500
12.72833300
20.26850000
13.02462500
21.28408400
12.10095800
20.87579200
12.63520800
20.63450000
12.65808300
20.31200000
12.91175000
20.54304200
12.96783300
20.57387500
12.88583400
20.52537500
12.66645800
20.67708300
12.89216700
20.54879200
12.73000000
20.43662500
12.88825000
20.65145800
12.63229200
20.55483300
12.85037500
20.09908300
13.32295900
20.66487500
12.68316600
20.90337500
12.56370900
20.59933300
12.68395800
20.61012500
12.72970900
20.54204100
12.79204200
20.41070800
13.33641700
20.67537500
12.32779200
20.75245800
12.63033300
20.62037500
12.78204200
20.81237500
12.54408300
20.60783400
12.91658300
20.85316700
12.41654100
20.62712500
12.81004200
21.20170800
12.11870900
21.75266600
11.95525000
21.14591700
11.71120800
21.14379200
12.39225000
23.87575000
9.62775000
27.91337500
7.25004200
21.69379100
9.64683400
20.85758300
12.50162500
20.33041700
13.14579100
20.84320900
12.51000000
20.65837500
12.62575000
20.65125000
12.60120800
20.91262500
12.61512500
20.74858300
12.64658400
20.41091600
12.80841700
20.88625000
12.63154200
20.59641600
12.70150000
20.79812500
12.82204200
21.60525000
11.71066700
20.56162500
12.53887500
19.79962500
13.50983300
20.01333300
13.42850000
19.95100000
13.49083400
19.95875000
13.41112500
19.56775000
13.67887500
19.79258300
13.64245800
19.80054200
13.52470800
19.72929200
13.57408300
20.54683400
12.91958300
20.65295800
12.62716700
21.03829200
12.34720800
20.87112500
12.58400000
20.70370800
12.49675000
20.74895900
12.64300000
21.43641600
11.97837500
20.64695900
12.70250000
20.42329100
12.86300000
20.45729200
12.95958300
20.35779200
13.02187500
20.43537500
12.84845800
20.55620900
12.94020800
20.37975000
12.88120800
20.29154200
13.04033300
20.28108400
13.06487500
20.09695800
13.23108300
19.83229200
13.66670800
19.91345900
13.47266600
19.99500000
13.36666700
20.15216700
13.27366600
19.84758400
13.59908300
19.81425000
13.59404200
20.04975000
13.34337500
19.73879100
13.64904200
19.99016700
13.09158300
20.40800000
12.99633300
20.11137500
13.04158400
20.40825000
13.13866600
20.00591700
13.29041700
20.13545800
13.27775000
20.25375000
13.15083300
20.26083400
13.24770800
20.35995800
13.01045900
20.52391600
12.89495900
20.53925000
12.79950000
20.94212500
12.25204100
20.75791700
12.79137500
20.59691700
12.73254100
20.42529200
12.70520800
20.78341700
12.94641700
20.51879100
12.71833400
20.40495800
13.19508300
19.95304200
13.19875000
19.91004200
13.64279100
19.63775000
13.67570900
19.88062500
13.51983300
19.93820800
13.42433400
20.01270800
13.36933300
20.07712500
13.20687500
20.24700000
13.31291700
19.95408300
13.10970900
19.94033300
13.50025000
20.16979200
13.22412500
19.98704100
13.51787500
20.06479200
13.16125000
20.08562500
13.17208300
20.04416700
13.50175000
19.77391700
13.51191600
20.19654200
13.04716700
20.05583300
13.69700000
20.16000000
12.90279200
19.89691600
13.69820900
20.14566600
13.14112500
19.99904200
13.24670800
20.25916700
13.05304200
20.64112500
13.01329100
22.01233400
11.67050000
21.42870800
11.69320800
22.13295900
10.95683300
22.34470800
11.30975000
21.51937500
11.94104200
20.91579200
12.16691600
20.66979200
12.65479200
21.40575000
12.35787500
21.71320800
11.13095800
21.03775000
12.54354200
20.45412500
12.76920800
20.38000000
12.99954200
20.44825000
12.76958300
20.47666700
13.13645800
20.34054200
13.05079200
20.30600000
12.97912500
20.87850000
12.39637500
20.64979100
12.86116700
20.39900000
12.75383300
20.07545900
13.45004100
20.26129200
13.10904200
20.10600000
13.36541600
19.93304200
13.06770800
19.90787500
13.90204200
20.04741700
13.19983300
19.97833300
13.25504200
17.92995800
15.76141700
17.87587500
15.34791700
17.72829100
16.01837500
18.73100000
14.68470900
18.70008300
14.56416700
18.14325000
15.17675000
18.55270800
14.69825000
18.58766700
14.51495800
19.41183300
14.05487500
19.63370900
13.53612500
19.73295800
13.82345800
19.30862500
14.07545900
19.35000000
13.87487500
19.72908300
13.77375000
19.20150000
14.13337500
19.61895800
13.70516700
19.52758300
13.78891700
20.03537500
13.54208300
19.53637500
13.43454200
21.23679200
12.43433300
21.65629200
11.48654100
20.99204200
12.33587500
20.61154200
12.86950000
20.34170800
12.99462500
19.97462500
13.23637500
19.99116700
13.56454100
19.91545900
13.37562500
20.09375000
13.63758300
20.35545800
12.58775000
20.03220900
13.33245800
19.49095800
13.81979200
19.78066700
13.72304100
19.67170900
14.10808300
19.98100000
12.80216700
20.04866600
13.52445900
20.13141600
13.10916700
19.69608300
13.65775000
19.80783400
13.62729100
19.88762500
13.46525000
19.78970900
13.47516600
19.97058400
13.42458300
20.19704200
13.04929100
20.25141700
13.30595800
20.16866700
13.14458300
20.36437500
13.07304200
20.33304200
12.87862500
20.26537500
13.02000000
20.82783300
12.84504200
20.46991600
12.69662500
20.39991700
12.15779200
20.75950000
14.44954100
17.78283400
15.47966600
17.63608400
15.58895800
17.77741700
15.68183300
17.39887500
15.98666700
17.30987500
16.04670800
17.47350000
15.91525000
17.52329200
15.83308300
17.14716700
16.21308300
17.20133300
16.04825000
17.90675000
15.49600000
17.53354200
15.01191700
21.48329100
12.48166700
21.58562500
11.04620800
20.96333400
12.56366600
20.90895900
12.38741600
20.86779200
12.43016700
21.17087500
12.49941600
19.34620900
13.96966600
19.00337500
14.55237500
18.70808400
14.69650000
18.47125000
14.84808300
18.64587500
14.65579200
18.37941600
15.10741700
18.53120800
14.71754200
18.71154200
14.56233300
18.94662500
14.68316700
20.15095800
12.88091700
21.44870800
11.72033300
21.52558400
11.76341600
21.12075000
12.31783400
21.08350000
12.26629100
21.07975000
12.33808400
21.14470800
12.36920800
20.92816700
12.35695800
21.23420900
12.05858300
20.94591700
12.36658300
21.35520800
12.17108400
21.03725000
12.32704100
20.60583400
12.79758300
20.41441700
12.98670800
20.56141700
12.78029100
20.72637500
13.24083400
20.78750000
11.67391600
20.62508400
12.92125000
20.40895800
13.15287500
20.85916700
12.43483300
21.04195800
12.30404200
21.14954200
12.43033300
22.40816700
10.63625000
21.45570800
11.93845800
20.99125000
12.38808400
20.73808300
12.64266700
20.30966600
13.22879200
20.60179200
12.51466600
20.56825000
12.85320900
20.76533300
12.68325000
21.19887500
12.17966700
20.86950000
12.35433300
20.74962500
12.75575000
20.64516700
12.87250000
20.72533300
12.76766700
20.55950000
12.55487500
20.52208300
12.87758300
20.80287500
12.52533400
20.46745800
12.91008300
20.79291700
12.54433300
20.99916700
12.49245800
20.60595900
12.64112500
21.11458300
12.33183300
21.19608400
12.07266600
20.76779200
12.69100000
20.94566700
12.68462500
20.26612500
12.70833300
20.59841700
12.83987500
20.73787500
12.75170800
20.32108300
12.68408400
20.61104100
13.13533400
19.48275000
13.82754100
19.59066700
13.85666700
19.99104100
13.14991700
19.78020800
13.82041700
19.71712500
13.61658300
19.56833400
13.70533300
19.57850000
13.91070800
19.69000000
13.58854200
19.35762500
14.08562500
20.00175000
13.32570800
19.55766700
13.67254200
20.06570800
13.52829200
20.00612500
13.52191600
20.20095900
12.99858300
19.57583300
13.64562500
19.85395900
13.35837500
19.40333300
13.98516700
19.62779100
13.91737500
19.48408400
13.81633300
19.76612500
13.56287500
19.47966700
13.86850000
19.65112500
13.80933300
19.63320800
13.79570900
19.61375000
13.68558300
19.36770800
14.28291700
19.85366700
13.31033300
19.80708300
13.51862500
19.61175000
13.87358400
20.81108300
12.51712500
20.06920800
13.32195900
19.85033300
13.47933300
20.11495900
13.03333300
19.71775000
14.14562500
22.18987500
10.92237500
19.69829200
13.45441600
19.57158400
13.69683300
19.39850000
14.18054200
19.40604100
13.91437500
19.29595900
14.18262500
20.28725000
12.99154100
20.00879200
13.52037500
19.76504200
13.51216600
19.95295900
13.49312500
19.56766600
13.79087500
19.82820900
13.27066600
19.98645900
13.47604100
19.86512500
13.44087500
20.01120900
13.61079100
19.86612500
13.48166700
20.06270800
13.06770900
19.86808300
13.71791700
19.80166600
13.51733400
19.63387500
13.55725000
19.78795800
13.73345800
19.36233400
14.23866600
19.52970900
13.49354100
19.94541700
13.37870800
19.67487500
13.73429200
19.60708300
13.84950000
19.99979200
13.30645800
19.91512500
13.64254200
21.33508300
19.75912500
8.69300000
19.68608400
13.95266600
19.46670900
13.86525000
19.55900000
13.76504100
19.61645900
13.77741600
19.37816700
13.86620800
19.60670900
13.84645800
19.86495800
13.67645900
20.31862500
12.87058300
20.08458300
13.24612500
20.41804200
13.05775000
20.14787500
13.23579200
20.48216600
12.92233400
20.12083300
13.01495800
19.36520900
13.95325000
19.70520800
13.68116700
19.27445800
14.22041700
19.20454100
14.24054200
23.90237500
9.50645800
20.19329200
13.12237500
19.80791700
13.59512500
19.50979100
13.73679200
19.72312500
13.57629200
19.97904100
13.28125000
19.51962500
14.09237500
19.64454200
13.58437500
19.41800000
13.93462500
19.54304200
13.85508300
19.52100000
13.91829200
19.39395800
13.81187500
20.36787500
13.27087500
20.49845800
12.88920900
19.70916600
13.20787500
19.15033400
14.19283300
19.56991700
13.97483300
19.07691700
14.31712500
19.76841600
13.73775000
19.50245900
13.83466600
19.26362500
14.12395900
19.05854100
14.04604200
19.14920800
14.50312500
18.94250000
14.42475000
19.13720900
14.16404100
19.04550000
14.44304200
18.90604200
14.46683300
18.83866700
14.38233300
18.79537500
14.63391700
18.90350000
14.90670800
19.03391700
13.73441600
19.08620900
14.47120800
18.95045800
14.47554200
18.82033300
14.55766700
18.81550000
14.51450000
19.58170800
13.77083400
18.84604100
14.40570900
18.81362500
14.56716600
19.21350000
14.19550000
19.04570900
14.25416600
19.05479200
14.35645800
19.24408400
14.16037500
19.88970800
13.54933300
19.54825000
13.81291700
19.82275000
13.58591700
19.71495800
13.72895800
19.45895900
13.72004100
19.93879200
13.64795800
19.79233400
13.54691600
20.36075000
12.98275000
20.41137500
12.84858400
20.44900000
12.88462500
20.44391600
12.72933400
20.77954100
12.62575000
20.60762500
12.70337500
20.30754200
13.07495800
20.76333400
12.67437500
20.55466600
12.65029200
20.50862500
12.81566700
21.16750000
12.61062500
21.04229100
12.02766700
21.05158300
12.18958400
20.68066600
12.69754200
20.87633300
12.55641700
20.99354200
12.38112500
21.55625000
11.95275000
20.98387500
12.14837500
21.01975000
12.39279100
20.71441700
12.59662500
21.25425000
12.30870800
21.02741700
12.04416700
20.93891600
12.56129200
21.13395800
12.24504200
20.96641700
12.32137500
20.91016600
12.53712500
21.06687500
12.32991700
20.93487500
12.27116700
20.90650000
12.78295800
18.58470800
14.94354200
18.98279200
14.39708300
18.96733300
14.33141700
19.03866700
14.24041600
19.34816700
13.98950000
19.36012500
14.03558300
19.19804200
14.15575000
19.17150000
14.23408300
19.54133400
13.63675000
19.26283300
14.17020800
18.99262500
14.42950000
19.37791700
14.19979200
18.72850000
14.41800000
19.01362500
14.54429100
18.85733400
14.53287500
18.77716600
14.50104200
18.82454200
14.43254100
19.77879200
13.69408300
19.33070900
14.01395800
19.48866700
13.89195800
19.40216700
13.92400000
19.13358300
14.16050000
19.70483300
13.86591700
19.61716700
13.58483300
20.34662500
13.02895800
20.11875000
13.13758400
19.90983300
13.64162500
19.28425000
13.86258300
19.50600000
13.83054200
19.42820800
14.03887500
19.66125000
13.69083400
20.15145800
13.25137500
20.02129200
13.30529100
19.78062500
13.55120900
19.06070800
14.47829200
19.52629100
13.73995900
19.90608300
13.23650000
20.91158300
12.40375000
20.51529200
12.98004200
20.31525000
13.04150000
19.75266600
13.75654200
19.51091700
14.07583300
18.93995800
14.26908400
18.78125000
14.72108300
18.60950000
14.76795800
18.11145900
15.18254100
18.05187500
15.08450000
19.18537500
14.39958400
18.91204100
14.36108400
18.93162500
14.46370800
19.62637500
13.78541700
19.05191600
14.28912500
19.33195900
13.88695800
19.41058300
14.10116700
19.39958300
13.92000000
19.33120900
13.86745800
19.45500000
14.02708300
19.24437500
14.06312500
19.27300000
14.12562500
19.12850000
14.49708400
19.11916600
13.93679200
19.63812500
13.89820800
19.14912500
14.23979200
19.25616700
14.08375000
19.27541600
13.98995900
19.14433300
14.30000000
19.60000000
13.61308300
19.23825000
14.30091700
18.47429200
14.90375000
18.52333300
14.83354200
18.81891600
14.66345900
18.40912500
14.92962500
19.71991600
13.49912500
19.55425000
13.82237500
19.98141700
13.24720800
20.06883400
13.40229100
20.19995900
13.15283300
20.90870800
12.44145900
20.08666600
13.41750000
19.85491700
13.46783300
19.64704200
13.55866700
19.86920800
13.72041700
19.75129100
13.42200000
19.58816700
14.07008300
20.27341700
12.92812500
19.72591700
13.67375000
19.86200000
13.40095800
20.10795800
13.30283400
19.90466600
13.51737500
19.81483400
13.42633300
20.69520800
12.79154200
20.98550000
12.31070800
20.89220900
12.50987500
20.58020800
12.65991700
20.80420800
12.65120800
20.45854200
12.84208300
20.70037500
12.73333400
20.76545800
12.58620800
20.70837500
12.59595900
20.64591600
12.65725000
20.76020900
12.76170800
20.81820800
12.50845900
20.81429100
12.59120900
20.61816600
12.81566700
20.37441700
12.90483300
20.23312500
13.06845800
20.46412500
12.92775000
21.19087500
12.15900000
20.43995900
12.92604100
20.57200000
12.87566700
20.18229200
13.10145800
20.16175000
13.37800000
20.48000000
12.85700000
20.19216700
13.07895800
20.36033300
13.12029200
19.99933300
13.38391700
19.95483300
13.26100000
20.07579200
13.37220800
19.88233400
13.39620800
19.94441700
13.46350000
20.23208300
13.19325000
20.09937500
13.29404200
20.31470800
12.98933300
20.31104200
13.12512500
20.40750000
12.75550000
22.36970800
11.07150000
20.72170900
12.75170800
20.51879200
12.89662500
20.48083300
12.72733300
20.40370900
13.01762500
20.73137500
12.56025000
20.79958300
12.74920800
20.73366700
12.58933300
20.73662500
12.49470900
20.92200000
12.58183300
20.51020800
12.64012500
20.87437500
12.65975000
21.36633400
11.93750000
20.78266600
12.59654200
20.40616700
12.90254100
20.52575000
12.93204200
20.36058300
13.09212500
20.67458400
12.72100000
20.36525000
13.09883300
20.65866700
12.53116600
20.52583400
12.85975000
20.51670800
12.79841700
20.74108300
12.67987500
20.64495800
12.69383400
20.23283300
12.94679200
20.47400000
12.97058300
21.24162500
12.11325000
20.58650000
12.80758300
20.68483400
12.67820800
20.43050000
12.99691700
20.07908300
13.49100000
20.12679200
12.90750000
19.96441600
13.46654200
20.14608300
13.51362500
20.56829200
12.84958300
20.74733400
12.58354100
20.74508400
12.45279100
20.36237500
13.17325000
20.00579200
13.43279200
19.65816600
13.30766700
19.90420800
13.69912500
20.18037500
13.08741700
20.70454200
12.59012500
20.40945800
13.00270800
20.39637500
12.85008400
19.97600000
13.62679100
19.16058400
14.15079100
19.24300000
14.24745900
18.96833300
14.22358300
19.29716700
14.04845800
19.96800000
13.63779200
20.47279200
12.76779100
20.13004200
13.26883300
20.14529200
13.40966700
19.46837500
13.32412500
20.60404100
12.72425000
20.81354200
12.49225000
20.45325000
13.05933300
20.36704200
12.88604200
20.58208300
12.79429200
21.86408300
11.52762500
20.87420800
12.57316700
20.97679200
12.41008300
20.97612500
12.42916700
20.79770800
12.40712500
20.86500000
12.57487500
20.70237500
12.67229200
20.91729100
12.34437500
21.09008400
12.41795800
20.92962500
12.51070800
20.90250000
12.34566700
20.68066700
12.85150000
21.40104100
11.68166700
21.02733300
12.51162500
20.87054200
12.45533300
21.11583400
12.19820800
21.15137500
12.18045800
20.94016700
12.49858300
20.85983400
12.47566600
20.98529200
12.28129200
21.07470800
12.57179200
20.69233300
12.59604200
21.11950000
12.21295800
21.00125000
12.29520800
20.87537500
12.60125000
21.18679200
12.10633300
21.34770900
12.01125000
21.04745800
12.30679200
21.23875000
12.12979100
20.94500000
12.26804200
20.98229200
12.65375000
20.99937500
12.22433300
21.02600000
12.35816700
21.05425000
12.37116600
21.01883400
12.31491600
20.97570900
12.43875000
21.00612500
12.32079100
21.83854200
11.59320800
21.48641700
11.70408300
21.12466700
12.36625000
20.98583300
12.40375000
21.04175000
12.27441700
21.44595800
11.82412500
21.01258400
12.36212500
20.97987500
12.58283300
20.85920800
12.24454200
20.98933300
12.44512500
20.88283400
12.65587500
20.84341600
12.46745900
21.02854100
12.20450000
20.90733400
12.54654100
20.90454200
12.52525000
20.80308300
12.48079200
20.72808300
12.55312500
20.72320900
12.74508300
20.67004200
12.80783300
21.23958300
12.02941700
20.89429200
12.36204100
20.75841700
12.78733300
20.88333400
12.50395800
20.94583300
12.34537500
20.93400000
12.48900000
20.96779200
12.36262500
20.82537500
12.51795800
20.88112500
12.56491700
20.70233300
12.42720900
21.22345800
12.21612500
21.30600000
12.20291700
21.14858300
12.16329200
20.95308300
12.44166700
20.57112500
12.71470800
20.88483300
12.66695900
21.16950000
12.02416600
20.78720900
12.57225000
20.81904100
12.66608400
21.01870800
12.32375000
20.89904200
12.41741600
21.04525000
12.29929200
20.91191700
12.45716600
20.69545900
12.67254100
20.81079200
12.62304200
20.76829100
12.62937500
20.59366700
12.76741700
20.73175000
12.66741600
20.94216700
12.48241700
20.72320800
12.42650000
21.13725000
12.35079200
20.96587500
12.36150000
20.70533300
12.84341700
20.82908300
12.26575000
20.85316700
12.60908300
20.82995800
12.45933400
20.71491600
12.78437500
20.95741700
12.22762500
20.95795800
12.50191700
21.46954200
11.88204100
21.21758400
12.24937500
21.05208300
12.24537500
20.66695800
12.69000000
20.88966700
12.56112500
20.87841700
12.37487500
20.86054100
12.78866700
21.03279200
12.00458300
20.85175000
12.38570800
20.67991700
12.89683300
21.00870900
12.38854100
21.12825000
12.18562500
20.99837500
12.45145900
20.87187500
12.42833300
21.06120800
12.27354200
20.92408300
12.42533400
20.94433300
12.50191700
21.13666600
12.21108400
20.85979100
12.62175000
20.94500000
12.36420900
20.87925000
12.33566600
21.36966700
12.17216700
20.78404100
12.52387500
20.93012500
12.47775000
20.45283400
12.71845800
20.33929200
13.24479100
20.44483400
12.86325000
20.32541600
13.00383400
20.17325000
13.33841600
20.45854200
12.78975000
19.98958300
13.43450000
20.97812500
12.43662500
20.71220900
12.57820800
20.76995800
12.63950000
20.77483400
12.55175000
20.86429100
12.39125000
20.58350000
13.29416700
20.60091700
12.32045800
20.95654200
12.46854100
20.49387500
12.86425000
20.54300000
12.78900000
20.68633400
12.89112500
20.56983300
12.68429200
20.37900000
12.85733300
20.52441700
12.87954100
20.50950000
12.83862500
20.37629200
12.94870800
20.41912500
13.11204200
20.38883300
12.98112500
20.26441700
13.17437500
20.36612500
12.76979200
20.74320800
12.87670800
20.18050000
13.32850000
19.54791700
13.88245800
19.18987500
14.14637500
18.96495900
14.26175000
18.69379100
14.74016700
18.69195800
14.77845900
18.60837500
14.77350000
18.76975000
14.60466600
18.85004200
14.53666700
19.56783300
13.90120800
18.58020900
14.63100000
19.06900000
14.25245800
18.88762500
14.55741700
18.80125000
14.49904100
19.15783400
14.57883300
18.84933300
14.19475000
19.15662500
14.22050000
19.21258400
14.29587500
18.98433300
14.29000000
18.95920800
14.28758400
18.84733300
14.61925000
19.07887500
14.29604200
19.12591600
14.22554200
18.91550000
14.40941700
19.29675000
14.15954100
19.04704200
14.07175000
19.34479200
14.40970800
19.59358300
13.87783400
18.71337500
14.02575000
20.97175000
12.32841600
20.80170900
12.57541600
20.48954200
12.77308300
20.21483400
13.23712500
20.47441600
12.96558400
20.62325000
12.65604100
20.37233400
13.07350000
20.44812500
12.76670800
20.73095800
12.62633400
20.69562500
12.77200000
21.16500000
12.20537500
20.70770800
12.74591700
20.80041600
12.50379200
21.00220800
12.25987500
20.84175000
12.57608400
20.59266600
12.93229200
20.75770800
12.48475000
20.35154200
12.99383300
20.75433400
12.73283300
20.86495800
12.41858400
21.12008300
12.26058300
20.79250000
12.45416700
20.46387500
12.96433300
20.68612500
12.50800000
21.13712500
12.48016700
20.82133300
12.51129200
20.94516700
12.47379100
20.73904200
12.53516700
20.73120800
12.55620800
20.73016700
12.83225000
20.78358300
12.55933400
20.82045800
12.46083300
21.06695900
12.40387500
20.55275000
12.83020800
20.46620800
12.87579200
20.61187500
12.75079200
20.57233300
12.79816700
20.41358300
12.88512500
20.52045800
12.90900000
20.50595900
12.86454100
20.29300000
12.99395900
20.20091600
13.33491700
20.68433300
12.60070900
21.90866600
20.16854200
7.71625000
20.30920800
12.20150000
17.87895900
22.20066600
20.47208400
7.07612500
20.25808300
13.31833300
20.38491700
12.95004200
20.24350000
13.16329100
20.13320900
13.24991600
19.98475000
13.37975000
20.23591700
13.21766700
20.35454100
12.82762500
20.52312500
12.82050000
20.45916700
12.83504200
20.50420800
12.99695800
20.26258400
13.07612500
20.30075000
13.09862500
20.40687500
12.93900000
20.44829100
12.96491700
20.55466700
12.59654100
20.49816700
12.92158300
20.38558400
12.89183300
20.65412500
12.91862500
20.55058300
12.81320900
21.12745800
12.14291700
20.33937500
13.24941600
20.40895900
12.74150000
19.94133300
14.01775000
20.59750000
12.30062500
20.23537500
13.08200000
20.41545800
13.13512500
21.10262500
12.14937500
20.48320900
12.91937500
20.61441600
12.77762500
20.12750000
13.09854200
20.25304200
13.26633300
20.16983300
13.10829200
20.01820800
13.52025000
20.04995900
13.22766600
20.33391700
12.94191700
20.04479100
13.17679200
20.62845800
12.63045900
20.67612500
12.78216600
20.57183400
12.67804100
20.27400000
13.16470900
20.14562500
13.56425000
20.76137500
12.58545800
21.09945800
12.33895900
20.25587500
13.11591600
20.14112500
13.13316700
19.61770800
13.79766700
19.79850000
13.53783300
19.70662500
13.62916700
19.79695800
13.61420900
19.55229100
13.87145900
19.46829100
13.83654200
19.45837500
13.85058300
19.80337500
13.48195900
19.90704100
13.48729200
19.61845800
13.58683400
20.41316600
12.88883400
20.25900000
13.23470800
20.20870800
13.12262500
20.84850000
12.59300000
19.70483400
13.65770800
19.90775000
13.62370800
19.91962500
13.48225000
19.90645900
13.43112500
19.38670800
13.93787500
20.08645800
13.34508400
19.52729100
13.94737500
19.76991700
13.31529200
20.12187500
13.34050000
20.00645800
13.25941700
20.03495800
13.19291700
21.17766600
12.46745900
21.18837500
12.18454100
21.04816700
12.20016700
19.98683300
13.41454200
20.00483300
13.39325000
20.10687500
13.14337500
19.95400000
13.61320800
20.37079200
12.85516700
20.25462500
12.88837500
20.18833300
13.47791700
20.18279100
13.24933400
20.28658300
12.79212500
20.70533300
12.78000000
21.02625000
12.29029200
24.59891700
9.94579100
18.90683400
13.33395800
20.46087500
13.07937500
20.52233300
12.82250000
21.24200000
12.07908400
20.21208300
12.99837500
20.58279200
12.90312500
20.36337500
12.86204100
20.97183400
12.62516600
54.37537500
10.41683400
22.26462500
6.50287500
20.88004100
6.29845900
20.55629100
6.55658400
20.59979100
6.21991700
20.63520800
6.20983400
20.62445800
11.03416700
20.45366600
13.06212500
20.69441700
12.57341700
20.87858300
12.63237500
20.64254200
12.61000000
20.63375000
12.81687500
20.67437500
12.81062500
20.42583300
13.07537500
20.42991700
12.75333300
20.49275000
13.13050000
20.42395800
12.72950000
20.45120900
12.85141600
20.66291700
12.98037500
20.53241700
12.76491600
20.43979200
12.87795800
20.76716700
12.60695800
20.64800000
12.72475000
20.36562500
12.93650000
20.76529200
12.70383300
20.36650000
13.12895900
20.28245800
12.85720800
20.58512500
12.86450000
20.58220900
12.82475000
20.41700000
12.73566600
20.52108400
13.01133300
20.52595800
12.90312500
20.34895900
12.94345800
20.54700000
12.74216700
20.56116600
12.91733400
20.43941600
13.03300000
20.50683400
12.81175000
20.75179100
20.68400000
20.82825000
20.62995900
21.01937500
20.28491600
20.81400000
20.17962500
20.46333400
20.50516600
20.64833400
20.52316600
20.93620900
20.57441600
20.77466700
20.66779200
20.66141600
20.61237500
20.80308400
20.37612500
20.93783300
20.73383300
21.01579200
20.32875000
21.18120800
20.83770900
20.74595800
20.97091700
20.81262500
20.71345800
21.66262500
20.62225000
20.82041700
20.97712500
20.86379100
20.41458400
21.09791600
20.56104200
20.63020800
20.72054200
20.62000000
20.49525000
20.81658300
20.28583400
20.78012500
20.84562500
20.54166600
20.52387500
21.18779200
20.77812500
20.83279200
21.04254100
21.35579200
20.84470800
21.05200000
21.45287500
21.35229200
21.59641700
21.08454100
21.20129200
20.96779200
20.83575000
21.09291600
21.04691700
20.89391700
20.97850000
21.12645800
21.04329200
21.53200000
21.18783300
20.94020800
20.99962500
21.02779200
20.66020800
21.69129200
21.73829200
21.00620800
21.89075000
20.21820800
19.92812500
20.33716700
20.00562500
20.00754200
20.09016600
20.07454200
19.79095800
20.10591700
19.87891700
19.63854100
20.00850000
19.88825000
19.63575000
19.91479200
19.77804200
19.68912500
19.74966600
19.88041700
20.07408300
20.07487500
20.16016700
20.27725000
20.27433300
20.90275000
20.82129200
21.14587500
21.15391700
20.83441600
20.75112500
21.19462500
21.11595900
20.64520800
20.81150000
20.56433300
20.77695900
20.54754100
21.07000000
20.85887500
21.21654200
20.90637500
21.01429200
20.82095800
21.03170800
20.80166700
20.88616700
21.03266600
21.68641700
20.81504200
21.23091600
20.88879200
20.97312500
20.97295800
21.03266700
20.96150000
21.20654200
20.75479100
20.97958400
20.83420800
20.82095800
20.66675000
21.15479200
20.77445800
21.04587500
20.81204200
21.14195800
20.59083400
21.00454100
20.75758400
20.39370800
21.17766700
20.93754100
20.62695900
20.97175000
20.80383300
20.55495800
21.04412500
20.95641700
20.70275000
20.82741700
21.04158300
20.96712500
20.77691700
20.55570800
20.77320800
20.71775000
20.85308400
21.16758300
20.71300000
20.54491700
21.06366600
20.93758400
20.80141600
21.01183400
20.51058300
21.37550000
21.25816700
20.59112500
20.68929100
21.18533400
20.74679100
20.66295900
20.78725000
20.96416600
20.70158400
20.96966600
20.71625000
20.68545900
20.98254100
20.70608400
20.69358300
20.91358300
20.67162500
20.21125000
21.05241700
20.97487500
20.74387500
20.94508300
21.31237500
20.85862500
20.88941700
20.87458300
20.88937500
21.03133400
20.94916600
21.00458400
21.16483300
21.08850000
20.90454200
21.17379100
21.03562500
21.18820900
20.95870800
21.03308300
21.34516700
21.02383300
21.05287500
21.25904200
20.65429200
20.80075000
20.71150000
20.73679100
20.59495900
21.63558300
20.64095800
20.89800000
20.82812500
20.80837500
20.55500000
20.88629200
20.78945800
20.80887500
20.74937500
20.73120900
20.51216600
20.88750000
20.54295900
20.45920800
20.72495800
20.78712500
20.40091700
20.75583300
20.52370900
20.44233300
20.96175000
20.88470800
21.04187500
21.04612500
20.72554200
20.76954200
20.87500000
20.80787500
20.57975000
21.20154100
20.77920900
20.86429100
20.96516700
20.90637500
20.69566700
21.07166600
20.69204200
20.74150000
21.24991700
20.99916600
20.77583400
20.72625000
20.68375000
21.15158300
20.91362500
20.73175000
20.97241700
21.41166600
20.41083400
20.95341600
20.96441700
20.87975000
21.34570800
20.90987500
20.14012500
20.23037500
19.92704200
19.75687500
20.06545800
19.79129200
19.77562500
20.00833300
19.79100000
19.80312500
19.87658400
19.90850000
19.67337500
19.97325000
19.97462500
19.79020800
19.89920800
20.38037500
19.79683400
19.96270800
19.86904200
19.75558300
20.05708300
19.86845900
19.96487500
20.11450000
20.82837500
20.56904100
20.85200000
20.67729200
20.79850000
20.90025000
20.62083300
20.57704200
21.27858300
20.73779200
20.56233300
20.82366700
20.49866700
20.79200000
20.75033300
20.72820800
21.07883400
21.10775000
20.72762500
20.96591600
21.01750000
20.90708400
21.71100000
21.53675000
21.21366600
21.02300000
20.87883400
20.73308300
21.08962500
20.96733300
20.92945900
20.95945800
20.88095800
20.69229200
20.92037500
20.77875000
20.58533300
21.05787500
20.79604200
21.20491700
20.92079100
20.71608400
20.56012500
21.11095800
20.49541700
20.51650000
20.95704100
20.90945900
20.53954100
20.87450000
20.55633400
20.77591600
21.44270900
20.80762500
20.69441600
21.16216700
20.69170800
20.77762500
20.93058400
20.73000000
20.74283300
21.03554200
20.76083300
20.64662500
21.22550000
21.00366700
20.31958300
20.64087500
20.69133300
20.95383400
20.87462500
26.90416600
22.10354200
23.12395800
21.74366700
22.44404200
22.47954100
22.25741700
21.59095800
20.98404200
21.48366700
23.88416600
22.26020900
20.71833300
21.29479200
20.85133300
21.06716700
20.75475000
20.48733300
20.72970800
20.79495900
20.35050000
20.01070800
6.45187500
19.97566700
6.36170800
19.82579200
6.68079100
20.06304200
6.60716700
19.53045800
6.26775000
20.16966700
6.31600000
20.06387500
6.35858300
20.09895800
6.27579200
20.81220800
6.25537500
20.43475000
6.23741700
20.26066700
6.34950000
20.51025000
6.41266600
20.50695900
6.38154100
20.46854200
6.30362500
20.34358300
13.13341700
21.09545800
12.34829200
20.32937500
13.00962500
20.34570800
13.20316700
20.70354200
12.44412500
20.71095800
12.67816700
20.41429100
13.09212500
20.50775000
12.73033400
20.62345800
12.69833300
20.55379200
12.73450000
20.77112500
12.61762500
20.61416700
12.87316600
20.58937500
12.74987500
20.60579200
12.67475000
20.78979200
12.66333300
20.81887500
12.53150000
20.84712500
12.49645800
20.73679200
12.63941700
20.87112500
12.37450000
20.68979100
12.81162500
20.76970900
12.52545800
20.63383300
12.76195900
20.76266600
12.62541700
20.65262500
12.66966700
20.61316600
12.70108400
20.87833300
12.57545800
20.75825000
12.61308400
20.68837500
12.65833300
20.68887500
12.67383300
20.86425000
12.46900000
20.86604200
12.51858300
21.65425000
11.52933400
21.03575000
12.62808300
20.92862500
12.32620800
20.87712500
12.40720900
20.91779100
12.50254200
20.87708300
12.52662500
20.68958400
12.78966600
21.44383400
11.67116600
20.90979200
12.57241700
20.55008300
12.85862500
20.75995800
12.42337500
20.50837500
13.02504200
20.28837500
13.10483300
20.55470900
12.75391600
20.83004200
12.58608300
20.37804200
12.98333300
20.50066700
12.92687500
20.32520800
13.07641700
20.12225000
13.19200000
21.49570800
11.84541700
19.83879200
13.66037500
20.48287500
12.85241600
20.51179200
12.86254200
20.59616600
12.48666700
20.32204200
13.50187500
20.34362500
12.76337500
20.54529100
13.00220900
20.19595800
13.02012500
20.45825000
12.97191700
20.38670800
12.64516700
21.08708300
12.64245800
20.45412500
12.77820900
20.91441600
12.51604200
20.58333300
12.79250000
20.65750000
12.64525000
20.91645900
12.37804100
21.28279200
12.11179200
21.25991600
12.07279200
21.00379200
12.41229100
20.83116700
12.52116700
20.69341600
12.72754200
20.76050000
12.57320800
20.63054200
12.70737500
20.84708300
12.52504200
21.39416700
11.91762500
20.87187500
12.54120800
20.74200000
12.55516700
21.68387500
11.73579100
21.20745900
12.19158300
21.01395800
12.32675000
20.73279200
12.70395800
20.66516700
12.60625000
20.62391700
12.77941600
20.67733400
12.68987500
21.11412500
12.28295800
20.71379200
12.63920800
20.65670800
12.69187500
20.74466700
12.69804200
20.79700000
12.48337500
20.75504100
12.74250000
21.28375000
11.85758400
20.89520800
12.54695800
20.76045900
12.61866600
20.81954200
12.48579200
20.87008300
12.55458300
20.69079200
12.63550000
20.73720800
12.83550000
20.66412500
12.54875000
20.61516700
12.68795800
20.68387500
12.66675000
21.04554200
12.42612500
20.69145800
12.63979200
20.88383300
12.46666700
20.72054200
12.69920800
21.06158300
12.28883400
20.86816600
12.35458400
20.82504100
12.70945900
20.78179100
12.53216700
20.55029200
12.98962500
20.78750000
12.48562500
20.75312500
12.68937500
20.74362500
12.67854100
20.75116700
12.46783300
20.88412500
12.43087500
21.02887500
12.28458400
20.74691600
12.79604200
20.58766700
12.80812500
20.69066600
12.66337500
20.72466700
12.61412500
20.72537500
13.13270800
20.81200000
11.86262500
20.93429200
12.47283300
20.62895900
12.94129100
20.68154200
12.75958300
20.77095900
12.55458300
20.73950000
12.51937500
20.49962500
12.94595800
20.88558400
12.43308300
20.58650000
12.72925000
20.66770800
12.53366700
20.44154200
13.36595800
21.43637500
11.42941700
20.59095800
12.90216700
20.79304100
12.66916700
20.97354200
12.40629100
20.72562500
12.92383400
20.57350000
12.47900000
20.77066600
12.61787500
20.44491700
13.08583300
20.65879200
12.45283300
20.81550000
12.57041700
20.83145800
12.38200000
20.82579200
12.71637500
21.43520800
11.85604200
21.01941700
12.34245800
20.67812500
12.73625000
20.81337500
12.66695800
20.63750000
12.80254200
20.66295800
12.56362500
20.33795900
13.60670800
20.92220800
11.63387500
20.73770900
12.77708300
20.80995800
12.56775000
22.78516700
20.92112500
6.43808300
20.83545900
12.43725000
20.48133300
12.80604200
20.80091600
12.66879200
20.57495800
12.79041700
20.59808300
12.85258400
20.58970800
12.87987500
22.04879200
11.22883300
21.34020800
11.86279200
20.52004200
12.92079100
22.15150000
11.20241700
25.73283300
7.95829200
29.09629200
6.68283300
22.70770800
8.42095900
24.11662500
8.83183300
21.76308300
12.49104200
21.51266700
11.29445800
21.05962500
12.24329200
20.08833300
12.89233300
21.04983400
12.21429100
21.88133400
12.01841600
20.74245900
12.22529100
20.03400000
13.39191700
20.96179200
12.44745800
21.01016700
12.46091600
21.11000000
12.11154200
20.99791700
12.33629100
20.33337500
13.17454200
20.65370800
12.68270900
20.11908300
13.11662500
20.05650000
13.45350000
20.51475000
12.65662500
20.33129200
13.38054100
20.85166700
12.40804200
20.38095800
12.78133300
20.69504200
12.71004200
19.85595800
16.46979200
17.64183300
12.94362500
19.88787500
13.38000000
19.82200000
13.63991700
19.57733300
13.68266700
19.58845800
13.92062500
19.38854200
13.83545800
19.76854200
13.99008300
19.11312500
13.92020800
19.09345900
14.30500000
19.36679100
13.98245900
19.31504100
14.02400000
20.01479200
13.23520800
19.73675000
13.62779200
20.16020800
13.92316700
21.71962500
12.56587500
19.33729200
12.36475000
20.67966600
12.90412500
20.41179200
12.77283300
20.00833400
13.35808300
20.36329200
13.22487500
20.12850000
13.13720800
20.13808300
13.38175000
21.14291700
11.98512500
20.42587500
12.87991700
21.29887500
12.36270800
20.44070800
12.63016700
26.11216700
7.42020800
20.69479200
12.69350000
20.31662500
12.98962500
20.66537500
13.04841600
21.81170900
10.95908300
20.50020800
13.00229200
20.61941700
12.88391600
20.70483400
12.54154100
20.68466700
12.77616700
20.79216600
12.33854200
20.62808300
12.91929200
21.08829200
12.16862500
21.09762500
12.36087500
20.94229100
12.43545900
20.57970800
12.57995800
20.88437500
12.63212500
20.71983400
12.52050000
20.68066600
13.00166700
20.57300000
12.48379200
20.45495800
13.07441700
20.45916600
13.04058400
20.85245800
12.40175000
20.55229200
12.76225000
20.94150000
12.54329100
20.26625000
13.15575000
20.31891700
12.91725000
20.40916700
13.11829100
20.83254200
12.85279200
21.03650000
11.84729100
20.65979200
12.93183300
20.40195900
12.90195800
20.41520800
12.72591700
20.01854200
13.63537500
20.83350000
12.50133300
21.73416700
12.00741600
24.33725000
56.78825000
48.85266700
7.45100000
20.26687500
6.43400000
20.31916700
6.35025000
20.22795800
6.30070800
20.10825000
6.30508400
20.28462500
6.42516600
20.13545900
6.44429100
20.24850000
6.53904200
20.18954200
6.53270800
20.44666700
6.25079100
20.35950000
6.40125000
20.20179200
8.91958300
20.28895900
13.10054100
20.01741700
13.53870800
20.73087500
12.49329200
20.47050000
13.00329200
20.37262500
12.87741600
20.96754200
12.33191700
20.53287500
12.96862500
20.36483300
12.70970800
20.38170900
13.33320800
20.13187500
13.24512500
20.14220800
12.98041700
20.04875000
13.39625000
20.12208300
13.45995900
19.86537500
13.33916600
19.98220900
13.48987500
19.83166600
13.51350000
20.18229200
13.03541700
19.88320800
13.49062500
19.57279200
13.99825000
19.42341600
13.74500000
19.56150000
14.03262500
19.39150000
13.86066700
19.35387500
13.92908300
19.26954200
14.21712500
19.36500000
14.00070800
19.91012500
13.44304200
20.21925000
13.28116700
19.61437500
13.80158300
19.83212500
13.36387500
19.78391700
13.80216600
19.69004200
13.27725000
20.06708300
13.48258400
20.00095800
13.46745800
20.15437500
13.02158400
20.08975000
13.27458300
20.75287500
12.57170800
20.24183400
13.15766600
20.59670900
12.55887500
19.83104100
13.83604200
20.47500000
12.70662500
20.22254200
13.32929100
20.36804200
12.95675000
20.62737500
12.96545800
22.47062500
10.82595900
21.38875000
11.58258300
20.88229200
12.72066600
20.78100000
12.59700000
20.76145900
12.46370800
20.47083300
12.78329200
20.53100000
12.98537500
21.14345800
12.38258400
20.58975000
12.74120800
20.38095800
12.94720900
19.97137500
13.44920800
19.88075000
13.36025000
19.98416700
13.61020800
19.95058300
13.27245900
19.72300000
13.66729100
19.77541700
13.62629200
19.70750000
13.70895800
19.72225000
13.46837500
19.99391700
13.32308300
20.03166700
13.59254100
20.27612500
12.92895900
20.06887500
13.15158300
20.66537500
13.08250000
20.24537500
12.95495800
20.09125000
13.21400000
20.14616700
13.26812500
19.93262500
13.33137500
20.24733300
13.22733400
20.06841600
13.37929200
20.03495800
13.15012500
20.20066700
13.32325000
20.23000000
13.07633300
20.29137500
12.96725000
20.51729200
12.95837500
19.98675000
13.28233300
20.20654200
13.30920800
20.05012500
13.23287500
20.12650000
13.29370900
20.11320800
13.18291700
20.11262500
13.11891600
20.28420900
13.21937500
20.49100000
12.85900000
19.92566600
13.46508400
20.30837500
13.13316600
20.14525000
13.04554200
19.95487500
13.40204200
20.05195800
13.43595800
20.43433400
12.91787500
20.18416600
13.12787500
20.49616700
12.89416700
20.64070800
12.53058300
20.28454200
13.18850000
20.80600000
12.75000000
20.25716700
13.07275000
20.25200000
12.93041600
20.27458400
13.24575000
20.15066600
13.22025000
20.17483400
13.09612500
20.09004100
13.38304200
20.16204200
13.09025000
20.48779100
12.90416700
20.50220800
12.90612500
20.42283400
12.85433300
21.55250000
12.07637500
20.19108300
13.13470900
20.22287500
13.10004100
20.37816700
12.97333300
20.06420900
13.42029100
20.55650000
12.66612500
20.28295900
13.10637500
20.13337500
13.21166600
20.14329200
13.32129200
20.25275000
13.08337500
20.11558300
13.17662500
20.24829200
13.27845800
20.07875000
13.06691700
20.12079100
13.32629200
20.26287500
13.07887500
20.03475000
13.41591700
20.11629100
13.07145900
20.27637500
13.06937500
20.92720800
12.48770800
21.36237500
11.91883400
20.94687500
12.62920800
21.16920800
12.04958400
21.05716600
12.23195900
21.18454100
12.34058400
21.02804100
12.10870900
20.84145800
12.78008300
20.95083400
12.34595800
20.93758300
12.38775000
20.89000000
12.44212500
20.94383400
12.38312500
21.45612500
12.15500000
21.20233300
11.89675000
20.95545800
12.46050000
21.19300000
12.31712500
20.20945900
13.55050000
20.24479100
12.67170900
20.30820800
13.15770800
19.88725000
13.56108400
19.90958300
13.34241700
20.37250000
13.27866600
19.79641700
13.53854200
20.13133300
13.04191700
20.29429100
13.22266700
20.30137500
13.02045800
20.09745900
13.24416600
20.28170900
13.15058300
20.13095800
13.21329200
19.94833300
13.32179200
20.36291700
13.09445800
20.88820800
12.59629200
20.26904200
12.88266600
20.47479200
13.02866700
20.38108300
12.84462500
20.26808300
13.26608400
20.20475000
12.96929100
20.23887500
13.20758400
20.60600000
12.77604100
20.52920900
12.93016600
20.65808400
12.50225000
20.43591600
12.95533400
20.05466600
13.37512500
20.42891700
13.00195800
20.25641700
13.05125000
20.12683300
13.04245900
20.16600000
13.42391600
20.24633400
13.13904100
20.11850000
13.16950000
20.03995900
13.47758300
20.43229200
12.84379100
19.69262500
13.64070900
20.12429100
13.13483400
19.89141600
13.47808400
19.81008300
13.58579200
19.94733300
13.60162500
19.84254200
13.30675000
19.93550000
13.42483300
19.92741700
13.33137500
20.04400000
13.45145800
19.83320800
13.53708400
20.38812500
13.04487500
19.97354100
13.26825000
20.04966700
13.36525000
20.13820800
13.05170900
20.48366600
13.05958400
20.16025000
13.27545800
20.18145800
12.93250000
24.10133400
9.67279100
21.53791700
11.91470800
29.64083400
7.01395800
23.29650000
6.80291700
22.77345800
10.09900000
20.38708300
13.07083400
20.67550000
12.76079100
20.83354200
12.43266700
20.98491600
12.38750000
20.96700000
12.44391700
20.82837500
12.42458300
20.58158400
12.84212500
20.66808300
12.73995800
20.46958400
12.77479100
20.55258400
12.90704100
20.81758400
12.63716600
20.71070900
12.47062500
20.76758300
12.80062500
20.81870800
12.50662500
21.00100000
12.34520900
20.89062500
12.51958300
21.11275000
12.24183300
21.17258400
12.10995800
21.56404200
11.70408300
20.70375000
12.81233300
20.27937500
13.14991700
20.44254200
12.93112500
19.89679100
13.51600000
20.26720900
12.98200000
20.42591600
12.90900000
20.62850000
12.66975000
20.93425000
12.46820900
20.93658300
12.42804200
20.78554100
13.09291700
22.66791700
10.36645800
22.19245800
11.27854200
22.18525000
10.69366700
21.18954100
12.53825000
20.90245900
12.44866600
21.28362500
11.82095900
20.94275000
12.63129100
21.13433400
12.16308300
20.85091700
12.51575000
21.19925000
12.23791600
20.97170900
12.35712500
21.01845800
12.57304200
19.71987500
13.41283300
19.69658300
13.98445900
19.83066600
13.33887500
19.87683400
13.48287500
19.66545800
13.69891700
19.81341600
13.61654200
19.52700000
13.79279200
20.69641600
12.80100000
19.88237500
13.38058400
20.41795800
12.90925000
19.70900000
13.54779200
19.68379100
13.83470900
19.87791600
13.39266700
20.23833300
13.23912500
19.94416700
13.43254200
20.05416600
13.28666700
19.92758300
13.48566700
19.68204200
13.62579100
20.09825000
13.20783400
19.81604100
13.77312500
19.94858400
13.21620800
19.79629200
13.62433300
19.91487500
13.61750000
20.00108300
13.17345900
19.77179100
13.62908400
20.20845800
13.25029200
19.93795800
13.29125000
19.77654200
13.50858300
20.12387500
13.50416700
19.79650000
13.37666600
20.01025000
13.17837500
19.96475000
13.71941700
20.29816700
12.98966600
20.17833400
13.26837500
20.16958300
13.04695800
20.32362500
13.15970900
20.21520800
12.97037500
20.86187500
12.66162500
19.91287500
13.45558300
19.96483400
13.49483300
19.85120800
13.07829200
19.78225000
14.10837500
20.06116700
13.15183300
20.02395800
12.94450000
19.73633400
14.22037500
21.33412500
11.70666600
20.95212500
12.44587500
20.48737500
12.90229200
20.93970800
12.41970900
20.33341600
13.01595900
20.54283300
12.82391700
20.43362500
12.87729100
20.42445900
13.11495800
20.55741700
12.67933300
20.82587500
12.35312500
20.72270800
12.77591700
20.72895800
12.50058400
21.14504100
12.46150000
20.96975000
12.32416700
21.14395800
12.27858400
20.95062500
12.42154100
20.73566700
12.72300000
20.82441700
12.48229100
20.69508400
12.57062500
20.56379100
12.88387500
20.65595900
12.76037500
20.65016600
12.74308400
21.26262500
11.90775000
20.84504100
12.44220900
20.72183300
12.79229200
20.34666600
13.08458400
20.13083300
13.27433300
19.84087500
13.60020900
19.67775000
13.73404100
19.69233400
13.36737500
19.46687500
13.97512500
19.55533300
13.94312500
19.26945800
14.18812500
19.70095900
13.54175000
19.26595800
14.09141700
19.44370800
14.01875000
19.33729200
14.10845800
19.42529200
13.94279100
19.62862500
13.67537500
19.27400000
14.09304200
19.39812500
13.91308300
19.62354200
13.83516700
19.45054100
13.81475000
19.41512500
13.93837500
19.62800000
13.89879200
19.28700000
13.66941700
20.16616600
13.34816700
20.16550000
13.12491700
19.90441600
13.30700000
20.19845900
13.29116600
20.13958400
13.36470800
19.72437500
13.86029200
20.60729100
12.54670900
20.02987500
13.00966600
20.27562500
13.27875000
20.40925000
13.03975000
20.49754200
12.90541700
20.28183300
12.97608300
20.39787500
12.94433400
20.08300000
13.37758300
20.15400000
13.09791700
19.98720800
13.49966700
20.02954100
13.29737500
20.43933400
12.86879100
20.14720900
13.12129100
20.55866700
13.00925000
20.28233300
13.12120900
20.25237500
13.10483300
20.61650000
12.71370800
20.59475000
12.63354200
20.23908300
13.21145900
19.64254100
13.73941700
19.91225000
13.51141700
19.86991600
13.56737500
19.82891700
13.51312500
19.78470800
13.75375000
19.83512500
13.47187500
20.09800000
13.28216700
20.06062500
13.08679200
19.94783300
13.43270800
20.12466700
13.55454200
20.00166600
13.47200000
20.30229200
12.82325000
20.06341700
13.33358300
20.00845800
13.30620900
19.80091600
13.55866700
20.26666700
12.98283300
20.10970800
13.45133400
19.88020800
13.44825000
19.99708300
13.42258400
19.87700000
13.42691600
19.99795900
13.38279100
19.74408400
13.33816600
20.56183400
12.84366600
19.99300000
13.35875000
20.35766700
13.07216700
20.13041600
13.25829200
20.00975000
13.43108300
20.30154200
13.07437500
20.37720800
12.90670900
20.40154100
12.81950000
20.34300000
13.05804200
20.79962500
12.58104200
20.29012500
13.10408300
20.56208300
12.85516700
20.78887500
12.49683300
20.89862500
12.55675000
22.04737500
19.45725000
8.12529200
19.28166700
14.48350000
20.48758300
12.89333300
20.28420900
13.16825000
20.69070800
12.84700000
20.39991700
12.79500000
20.37400000
12.94150000
20.15554100
13.03954200
19.85554200
13.34779100
20.00579200
13.79416700
19.99883300
13.31883300
19.93575000
13.43166700
20.62145800
13.04041700
20.92854200
12.17808300
21.03670800
12.19583400
20.86258300
12.77583300
19.88287500
13.35516700
19.44712500
13.92608300
19.93000000
13.24204200
19.75725000
13.71583300
19.44625000
13.92287500
19.35804200
13.94937500
19.58329200
13.73695800
19.28470800
14.17825000
19.43066700
13.90383300
19.47379200
13.98212500
19.43245800
13.90700000
19.56291700
13.92854200
19.55912500
13.84604100
19.16220900
14.28133300
19.19700000
14.13375000
19.07954200
14.34795800
18.84350000
14.44850000
18.87262500
14.55545800
19.34125000
14.09708400
19.04125000
14.17791600
18.72525000
14.57254200
18.79354200
14.65187500
18.41954100
14.89012500
18.62158400
14.67658300
25.55300000
8.00045800
20.09075000
13.39429200
19.76320800
13.61341700
20.13745800
13.08783400
20.10558300
13.25725000
18.82337500
14.55937500
18.84454200
14.49979100
18.84970900
14.71170800
18.65383300
14.41891700
18.77558300
14.71441700
18.47512500
14.92404200
18.16433300
14.88300000
18.41995800
15.20937500
18.40683400
15.07120800
18.16654200
15.02000000
18.65308300
14.89970800
19.14766700
14.02404200
19.26433300
13.97125000
19.78312500
13.75850000
19.94820800
13.33291700
19.71029200
13.67491600
19.44745900
13.97233300
18.98354200
14.45862500
19.33491600
13.88620900
20.13654100
13.11845900
19.25220800
14.13675000
19.35108300
13.97729200
19.09054200
14.31008300
18.90054200
14.44254100
19.04458400
14.21754100
18.52441700
14.99079200
18.56333300
14.85729200
17.91366600
15.53529200
17.55062500
15.79075000
17.64104200
15.86370800
17.58291700
16.03112500
16.75329100
16.43816700
17.09175000
16.15470800
17.86287500
15.39729200
18.88166700
14.35937500
19.70095800
13.67970800
19.83625000
13.43833400
20.21720800
13.05925000
20.23937500
13.11200000
20.24666700
13.22804100
20.23670900
13.31075000
20.19762500
13.11308300
20.26687500
13.08616700
19.98937500
13.69437500
20.12883300
12.73445800
20.29429200
13.04691700
20.18241600
13.38216700
20.09533300
13.16479200
20.04854200
13.29745800
20.51350000
13.01320800
20.10570900
12.96512500
20.42525000
13.17583300
20.15133300
13.20695900
19.95670800
13.47400000
20.45579200
12.87275000
20.21212500
13.01654100
20.08912500
13.24879200
20.30829200
13.09766600
20.23545900
13.12345800
20.15220800
13.32008400
20.47545800
12.84991700
19.89920800
13.39883300
20.18575000
12.95154200
20.51600000
13.31304200
20.22137500
13.00766600
20.08366700
13.33175000
19.90670800
13.46691700
20.01845800
13.18458400
19.90545800
13.57758300
20.26058400
12.85587500
20.06191600
13.62529200
20.22920800
12.95600000
19.94987500
13.48554200
20.23679200
13.22191600
19.19054200
14.04750000
19.32904200
13.87304100
19.52891700
14.07529200
19.72962500
13.69041600
19.45337500
13.80254200
20.32370800
13.18825000
19.79979200
13.29445800
19.43320900
14.01333300
19.99991700
13.48137500
20.21583300
13.10920800
19.92654200
13.50275000
19.89866700
13.46512500
19.93783300
13.57516700
20.24633300
12.73895800
20.30520900
13.20145800
19.64558300
13.75004200
19.85045800
13.56266700
19.37250000
13.95933300
18.94750000
14.47729200
19.81937500
13.61770800
19.05283400
14.46445800
19.57062500
13.58375000
20.04054200
13.17250000
20.74041600
12.77962500
20.32245900
12.95158300
20.81041700
12.54133300
20.22025000
13.13541700
20.73529100
12.59212500
20.33466700
13.11720800
19.90991700
13.40233300
20.72545900
12.99675000
20.73312500
12.48458300
21.28966700
12.25704100
21.55770900
11.47104100
20.77258400
12.58158300
20.86937500
12.47637500
20.99066700
12.56625000
21.72000000
11.49108300
21.37462500
11.94054200
20.76987500
12.73437500
20.21729100
12.93395900
20.55412500
12.86954100
20.93516700
12.57954200
20.50654100
12.67870900
20.59166600
13.23637500
20.12433400
13.21662500
20.46733300
12.91116700
20.14716600
13.14995900
20.13891600
13.21808400
20.30037500
12.95570800
20.22283300
13.31600000
20.27600000
13.02075000
20.43883400
13.01408300
20.46441700
12.79012500
20.17766600
13.15800000
20.45725000
13.02716700
20.27133300
13.07037500
20.03883400
13.21858300
20.52895800
12.91033400
20.11025000
13.25966600
20.23800000
13.09341700
20.48383300
12.90350000
20.19520900
13.23966600
20.19750000
13.04945900
20.55270800
12.86933300
21.08466700
12.29445800
20.40162500
12.92808400
20.63745800
12.79875000
20.43704200
12.94458300
20.44662500
12.65741700
20.60629100
12.91187500
20.16045900
13.18645800
19.87891700
13.35825000
19.65341600
13.89516700
19.72083300
13.44358400
19.61408300
13.68033300
19.91737500
13.60233400
19.76345800
13.64770800
19.59620900
13.72079100
19.66404200
13.68470800
19.74354200
13.73266700
19.44987500
13.74670800
19.99187500
13.35212500
22.82333300
11.05808400
20.55770800
12.42091700
20.39670800
12.78879200
20.13454100
13.33350000
19.91004200
13.57216700
20.16041600
13.09508400
20.77616600
12.58462500
20.51645900
13.00195800
19.83975000
13.37875000
19.88287500
13.49312500
20.08083300
13.34220900
20.01200000
13.09187500
21.36833300
12.02500000
21.16937500
12.28604200
20.97808300
12.26137500
21.06116700
12.38933300
20.97762500
12.58291700
20.87012500
12.26304100
20.85145900
12.49954100
20.78620900
12.59612500
20.61154100
12.76237500
20.47175000
12.84525000
20.67429200
12.63041700
20.97666600
12.50133400
20.63720800
12.62133300
21.02737500
12.38400000
21.12941700
12.21166700
20.95695800
12.37387500
20.90891700
12.46475000
20.86066600
12.46429200
20.96900000
12.43908300
21.07658400
12.52820800
21.39912500
11.70929200
20.79633300
12.61037500
21.22658300
12.52195900
19.47545800
13.84975000
19.63333300
13.73304200
19.64808300
13.72341700
19.75504200
13.60679100
19.59162500
13.68800000
19.79783400
13.65712500
19.44433300
13.86241700
19.92620800
13.55683300
19.17966700
14.15383300
19.79266700
13.68041700
19.25245800
14.02645800
19.51479200
13.70966700
19.87095800
13.55258300
19.80387500
13.77687500
20.29120900
13.01825000
19.99037500
13.18262500
19.47029100
13.83208400
19.30162500
14.07020800
19.83608300
13.66791700
19.35258300
14.00891700
19.29404200
13.98508300
19.43795800
13.90604200
20.83095800
12.43250000
20.69575000
12.72400000
20.88750000
12.59037500
21.09162500
12.11033400
20.64300000
12.62845800
21.06779200
12.44258300
20.88991700
12.44208300
20.71458300
12.68645900
20.78183300
12.60354200
20.92650000
15.45362500
24.62158300
6.78187500
26.56858300
7.14341700
22.59570800
9.71529200
22.71437500
10.37566700
21.53829100
11.79950000
22.36525000
11.11533400
21.86787500
11.51420800
22.19025000
11.00458300
21.82137500
11.63233400
21.99829100
11.39137500
21.74087500
11.59008400
21.93066600
11.61258400
21.73833300
11.52462500
22.08658300
11.13758400
21.95304100
11.64954200
21.93162500
11.38370800
21.97112500
11.71233400
33.07333300
7.07695800
22.30770900
7.33337500
24.93208300
7.09295800
23.14720900
7.98591600
22.37962500
10.92687500
21.42004200
11.86762500
21.51841700
11.96258300
21.36758300
11.91504200
20.41491700
13.06050000
20.71137500
12.56104100
20.42645900
13.03454100
20.48545900
12.81633300
20.41429200
12.98466600
20.82716700
13.17837500
17.36433300
15.95820900
17.17108300
16.20350000
17.39545800
15.99320900
17.53795800
15.85158300
17.88387500
15.43725000
17.37470900
16.00662500
17.19216600
16.08366700
17.06933300
16.47487500
17.56962500
15.84633400
17.71245800
15.44879200
17.81345800
15.60758300
17.54145900
16.00204100
17.55033400
15.68804100
17.35070900
15.84120800
17.60083300
15.99412500
17.73195900
15.59195800
17.41604200
15.78358300
17.56116700
15.96433300
17.36862500
15.96075000
17.27187500
15.90537500
17.58450000
16.07033300
17.38854200
15.83983300
17.26675000
16.24254200
17.41220800
15.83829200
17.29995800
16.06445900
17.26841600
16.21183400
17.23125000
15.84070800
17.50008300
15.76325000
19.48237500
13.88962500
20.04158400
12.94162500
20.38337500
13.25950000
20.30954100
12.90387500
21.38204200
11.96745800
20.59412500
12.91900000
21.65625000
11.53516700
20.78395800
12.48041700
21.41287500
12.16116700
21.02495800
12.30295800
20.75287500
12.57766700
20.89500000
12.42050000
20.14316700
13.20679100
20.58000000
12.82725000
20.77229200
12.66350000
20.92420800
12.43008400
21.17408300
12.19250000
22.06133300
11.37566700
21.49091700
11.79816600
20.93333400
12.49225000
21.12995800
12.27504200
20.84854100
12.47216700
20.92058300
12.65929200
20.40754200
12.94762500
20.48254100
12.98458400
19.81833300
13.53191700
19.82604100
13.43650000
19.39791700
14.03954200
19.54420800
13.78287500
19.38516700
13.91025000
19.44454100
14.00275000
19.22383400
14.09154100
19.12145900
14.07333300
19.37212500
14.16204200
19.20070800
14.21833300
19.23475000
14.06995900
19.96620800
13.42995800
18.92587500
14.60912500
18.87904200
14.22450000
19.25191700
14.23625000
18.92337500
14.69241600
18.83525000
14.58637500
19.18566700
14.01595800
19.24670900
14.35262500
19.03637500
14.18029100
19.20029200
14.05054200
18.26541600
15.08079200
18.66320800
14.77195900
18.01275000
15.19095800
18.40233300
14.81358400
18.18970800
15.12241700
18.27766600
15.11570900
18.60633300
14.78650000
18.71166700
14.65200000
18.46116600
14.66650000
18.79816700
14.94770800
18.71358400
14.37120800
18.73604200
14.66708300
18.92633300
14.62204200
19.27787500
14.02787500
19.16725000
14.25320800
19.25400000
14.13083400
18.98250000
14.42237500
19.10329100
13.99612500
19.10654200
14.38262500
18.92429200
14.49062500
19.49875000
13.79875000
19.15987500
14.34329100
18.99650000
14.47820900
19.10391600
13.92791700
18.77375000
14.99737500
18.72570800
14.45379200
19.00991700
14.52491600
19.05183400
14.35562500
19.40545800
13.94150000
18.98816700
14.46362500
19.29979100
14.64187500
22.57141700
10.50641700
24.75458300
8.29933300
19.65212500
13.72925000
19.93845900
13.62220800
20.44729200
13.15679100
22.32250000
10.49454200
20.00208300
13.30500000
18.85362500
14.52358400
18.93800000
14.33587500
18.75854100
14.82612500
19.18933400
14.09050000
18.75979100
14.43479200
18.87870800
14.63537500
18.95920900
14.35775000
18.39895800
14.79008300
18.57279200
14.98287500
19.15800000
14.21362500
18.94000000
14.32941700
19.23091600
14.62583400
19.29908300
13.60333300
18.58116700
14.69825000
19.11679200
14.22187500
18.75950000
14.71087500
18.70358300
14.67250000
18.85491700
14.51720800
18.78295800
14.44195900
19.02866600
14.40450000
18.82116700
14.40579200
19.04012500
14.52275000
18.60145800
14.70233300
18.55762500
14.81720900
18.04512500
15.22037500
18.91504100
14.60745900
18.51150000
14.97325000
19.11916600
14.08258400
19.08141600
14.27383400
19.08404100
14.08587500
19.66429200
13.74554200
19.42870800
13.96425000
19.16870800
14.30854200
19.45645800
13.75570900
19.46241600
13.04708400
23.07283300
11.13262500
21.98950000
11.42916700
21.01762500
12.31233300
20.65741700
12.61970800
20.71841700
12.72708300
20.54025000
12.77112500
20.64733300
13.04812500
21.41562500
11.47595900
20.75220800
12.68654200
21.04212500
12.40562500
20.85729100
12.29154200
20.99437500
12.51358300
20.96620900
12.31975000
20.87804100
12.32591700
20.93704200
12.57037500
20.82412500
12.57758300
20.84358300
12.25375000
20.84483400
12.97891600
22.53929200
10.77762500
21.93620800
11.15220900
20.72325000
12.76725000
21.56437500
11.72254100
21.24779200
12.10387500
21.43083300
11.96691700
21.65458300
11.57441700
21.22587500
12.06591700
21.45495800
11.99150000
21.53841700
11.81070800
21.30350000
11.92829200
21.39883300
12.04825000
21.53112500
11.87062500
21.55800000
11.61637500
21.49937500
11.96420800
21.96125000
11.37495900
21.88620800
11.43766700
21.82833300
11.81166700
22.45645800
11.05741700
21.78950000
11.11016600
21.73208400
11.58204100
21.92300000
11.55370900
22.21158300
11.00012500
21.93137500
11.37366700
22.00537500
11.40112500
22.16829100
11.14658400
21.85945800
11.46333300
22.09033400
11.23095800
22.03387500
11.39587500
21.90729200
11.30970800
22.07241700
21.46491600
6.46783400
16.87158300
22.51166700
10.70983300
22.22625000
11.21300000
22.08933300
21.11691700
6.77950000
20.79908300
12.54541700
21.62245800
11.68408400
21.97625000
11.47479100
22.34337500
11.05329200
22.36733300
10.89775000
22.44200000
10.98533400
22.19054100
11.18462500
22.11004200
11.23625000
22.19341700
11.10125000
21.55925000
11.80816600
21.70962500
11.66525000
22.01166700
11.35091700
21.78887500
11.58095800
22.55766700
10.84612500
21.93795800
11.39529200
21.71354100
11.64787500
21.66354200
11.70270800
21.69225000
11.70691700
22.01512500
11.31779200
21.45058300
11.95408300
21.53787500
11.79300000
21.80008400
11.56300000
21.55670800
11.81137500
21.56354200
11.81350000
21.82808300
11.53525000
21.80470800
11.56625000
21.69229200
11.68875000
21.56475000
11.78308300
21.45495900
11.92654100
21.41429200
11.95008300
21.24312500
12.10370900
21.44825000
11.91650000
21.57770800
11.79316700
21.64445800
11.77062500
21.65295800
11.70695900
21.72875000
11.59475000
21.48404100
11.87683400
21.60854100
11.78391700
22.11875000
11.22420800
21.61616700
11.75625000
21.57612500
11.79283300
21.79058400
11.58608300
21.54195800
11.80687500
22.16566700
11.21075000
21.79100000
11.57237500
21.59866700
11.79108300
21.58795800
11.75658400
21.72641600
11.64570900
21.67420800
11.68870800
21.61658400
11.74200000
21.65341600
11.72945900
21.57858300
11.78016700
21.58987500
11.77033300
21.56416700
11.82554100
21.76145900
11.60670800
21.74625000
11.59458300
21.69954200
11.69562500
21.86170800
11.49620900
21.61004100
11.77158400
21.62954100
11.72608400
21.51675000
11.85629100
21.78500000
11.57879200
21.64141700
11.69400000
21.54566600
11.82154200
21.69400000
11.71708300
21.47812500
11.87770900
21.84700000
11.49633300
21.46141700
11.92091600
21.97045900
11.37262500
21.61612500
11.78579100
21.32033400
12.01825000
21.64816600
11.74733400
21.79766600
11.53933400
22.60983300
10.76066700
21.65112500
11.70300000
21.66429100
11.70245900
21.52241600
11.84441700
21.77462500
11.61220800
21.69912500
11.66200000
21.72604200
11.62720800
21.66350000
11.71283400
23.07470800
11.45908300
21.66825000
11.48258400
21.34029100
12.12091700
21.36337500
12.04020800
20.74350000
12.68712500
20.83245900
12.50958300
21.06225000
12.21337500
21.29779200
12.15429100
21.02558400
12.32825000
21.13979100
12.21966700
20.97025000
12.24341700
20.91245800
12.58683300
21.01391700
12.27050000
20.69383300
12.67445900
20.50045800
12.90879200
21.15045800
12.27237500
20.90012500
12.62837500
20.87704200
12.25033300
20.97637500
12.40845800
20.84862500
12.57108400
20.93495800
12.38641700
20.99233300
12.34620800
21.58820900
11.77883300
20.91550000
12.46250000
21.25270800
12.35866700
21.90041700
11.25662500
20.78883300
12.71233300
21.02216700
12.17300000
21.08025000
12.32716700
20.97216600
12.35541700
21.22629200
12.16387500
21.00108300
12.37500000
21.03712500
12.36970800
21.37616700
11.99400000
20.98045800
12.29520900
20.91670800
12.50108300
21.04950000
12.24391700
21.23437500
12.41833300
22.11291700
10.93658300
21.10562500
12.43745900
23.13412500
10.24741600
21.03179200
12.56891700
24.88462500
8.64941600
23.54204200
10.00450000
25.42404200
7.73800000
22.78083300
10.26962500
21.15075000
12.44562500
21.53341700
11.68700000
22.13920800
11.10183300
22.93470900
11.42125000
22.64304100
9.71641700
21.07087500
12.98408300
21.57925000
11.08725000
22.02162500
11.37862500
22.55850000
11.08050000
21.73050000
11.19625000
21.16975000
12.39483400
21.77754100
11.65112500
21.74966700
11.36508300
21.47045900
12.34979100
21.38425000
11.79125000
21.78866700
11.73570800
21.22154200
11.93287500
22.42254200
10.84529100
21.58233400
11.81779100
22.49270900
10.91416600
21.07487500
12.11533400
21.46625000
12.10908300
21.86604200
11.31820800
21.32645800
12.26337500
22.13195900
11.14300000
20.98775000
13.18787500
21.46816600
11.00737500
20.87795900
12.50866600
21.79391700
11.63058300
22.32483400
10.99637500
21.03862500
12.94083300
22.54975000
10.39441700
22.14245800
11.08679200
22.02770800
11.40933300
21.81412500
11.35458400
20.90825000
12.56550000
21.69800000
11.72925000
20.79933300
12.60454200
21.04729100
12.40783400
21.73633300
11.40308300
20.74187500
12.68508400
21.42954100
11.86095900
21.42662500
11.96625000
20.79545800
12.65429200
20.90533300
12.37020800
20.80120900
12.61095800
20.73804200
12.59491600
20.90308400
12.45945800
20.76666700
12.55550000
20.59925000
12.75445800
20.69037500
12.74854200
20.62395800
12.59141700
20.57504100
12.73754200
20.78795800
12.78245900
20.63154100
12.73458400
20.77595800
12.58804200
21.09516600
12.22566700
20.81141700
12.57275000
20.55975000
12.73791600
20.75233400
12.64258300
20.80741700
12.61062500
20.58025000
12.69133300
20.42958300
12.97104200
20.47866700
12.93258300
20.45875000
12.94562500
20.24758300
13.08887500
21.22337500
12.17966700
20.48766700
12.92300000
20.60895800
12.53229200
20.59375000
12.88275000
20.73254100
12.60479200
20.76195800
12.63695900
20.63416600
12.79675000
20.44175000
12.81941700
20.61604200
12.69708300
20.32041700
13.14479100
20.91929200
12.42866700
20.16125000
13.14458300
20.56437500
12.89200000
20.46312500
13.00366700
20.46525000
12.75487500
20.55470800
12.74387500
20.48045800
12.97837500
20.54945900
12.68070800
20.49633300
13.05416700
20.41058300
13.08050000
20.64170900
12.60375000
20.69779100
12.52945900
20.55470800
12.93725000
20.51112500
12.84295800
20.81437500
12.75087500
20.84245900
12.28970800
20.48725000
12.09416700
16.59858300
16.51487500
16.68545800
16.67387500
17.14837500
16.28320900
16.76295800
16.78458300
16.65891700
16.47770800
16.85254200
16.48858300
16.71479200
16.85070800
16.52854200
16.67358300
16.80050000
16.53200000
16.71345900
16.75208300
16.59941700
16.65933300
16.80429200
16.62916600
16.68408400
16.78550000
16.54900000
16.64175000
16.83937500
16.75179100
16.69004200
17.86845800
16.06125000
16.62633400
