16.28762500
1652.00550000
16.15362500
22.10179200
11.25858300
22.25466700
11.10337500
21.67575000
11.69483300
22.00479200
11.36079100
22.03008400
11.35362500
21.89112500
11.45850000
21.86000000
11.50791600
23.39350000
10.03516700
22.75862500
10.55695800
23.14479200
10.21870800
22.44904200
10.91416700
22.16070800
11.20320800
22.05262500
11.31666700
21.95329200
11.41016600
22.11220900
11.25462500
21.88025000
11.48162500
22.01058300
11.35900000
22.10837500
11.29820800
21.38054200
11.93970800
22.08216700
11.30333300
21.92983400
11.43475000
22.13137500
12.48141600
20.64887500
11.47150000
21.90212500
11.46312500
21.43470900
11.93183300
21.83145800
11.53275000
21.66295900
11.70558300
21.69658300
11.66900000
21.59504200
11.75545800
21.75604200
11.62812500
21.47541700
11.89570800
21.71754200
11.64337500
21.33291600
12.01800000
21.81008400
11.55737500
21.61933300
11.74841700
21.67808300
11.70445800
21.64825000
11.71770900
21.62583300
11.74054200
21.59658300
11.76033300
21.56483400
11.81133300
21.61187500
11.75558300
21.64666700
11.72954200
21.51787500
11.82291600
21.44416700
11.93608300
21.25570900
12.12141600
21.49062500
11.87516700
21.39787500
11.96037500
21.46841700
11.89837500
21.46050000
11.89175000
22.32637500
11.06900000
22.33462500
11.02829100
22.64858400
10.71545800
22.57129200
10.80037500
22.71450000
10.62754100
22.36779200
11.02766700
22.72408300
10.62500000
22.49420800
10.87837500
22.78495900
10.57629100
22.43537500
10.93187500
22.58991700
10.77533300
22.45691700
10.89491700
22.92895800
10.45233300
22.53637500
10.81754200
22.69570800
10.66950000
22.55308400
10.83008300
22.83187500
10.52158300
22.79912500
10.56370900
21.59933300
11.83837500
21.31154200
11.98462500
21.17212500
12.26904100
20.83791700
12.45291700
22.11562500
11.30095800
22.49841700
10.84350000
22.45166600
11.05400000
22.23200000
11.07537500
21.94995900
11.60525000
22.21283300
11.07929200
22.14025000
11.36358300
22.07683300
11.33712500
21.75933400
11.59991600
21.82333400
11.63191600
21.91266700
11.42700000
22.20870800
11.31945900
22.34395800
10.84862500
21.86250000
11.61525000
22.02300000
11.26795800
21.81295900
11.64433300
22.00075000
11.24312500
21.73508300
11.79762500
21.99995900
11.35712500
21.67641600
11.72158400
21.69845800
11.68804200
21.63183300
11.73475000
21.33720800
12.14933400
21.56779100
11.65487500
21.83670900
11.72729100
21.27337500
11.98908400
21.32175000
12.15112500
22.31083300
11.01808300
21.62583400
11.77512500
20.98704100
12.31641700
21.11716700
12.40141600
20.89916700
12.41891700
20.89033300
12.45141700
20.94533300
12.54829200
20.76679100
12.50237500
20.47958400
12.96725000
20.54320800
13.20704200
22.76533300
10.39941700
19.94220800
13.44104200
20.11312500
13.19116600
20.15741700
13.16879200
20.06450000
13.17733300
21.72633300
20.43295900
7.84575000
20.36641600
12.99095900
20.64270800
12.93987500
19.99658300
13.31245900
20.06037500
13.27766600
20.80175000
12.74104200
20.47608300
12.74608400
20.25033300
13.09308300
20.60791700
12.92683300
20.48808400
12.73433300
20.41429200
12.93912500
20.46366600
12.92941700
20.16320800
13.15362500
20.15962500
13.30766700
20.43025000
12.77737500
20.15658300
13.39179200
20.16612500
13.24945800
19.52929200
13.86141700
19.38300000
14.17012500
19.52129100
13.57550000
19.83858400
13.44354100
19.75212500
13.93166700
19.93920800
13.22550000
19.56345900
14.00800000
19.70020800
13.61862500
19.64616700
13.71275000
19.57904100
13.74720900
19.96037500
13.42616600
19.73200000
13.59645900
19.68441600
13.66320900
19.90008300
13.49962500
19.58620800
14.06316700
19.36925000
13.64941700
19.98412500
13.44912500
19.64054100
13.65908400
19.84512500
13.49595800
19.63091700
13.91216600
19.55608400
13.77237500
19.47770800
14.11820800
20.08483400
13.09591600
19.81370900
13.54887500
19.80233300
13.40391700
19.56079100
13.85829200
19.19587500
14.08837500
19.08479200
14.22816600
19.29841700
14.14633300
19.19883400
14.05150000
18.96358300
14.54779200
18.98812500
14.29100000
19.00716600
14.42783400
19.38141600
14.16929200
18.75804200
14.49062500
18.87120800
14.50437500
18.94691700
14.31658300
19.07829200
14.35229100
19.48883400
14.03050000
19.37304100
13.88300000
18.87891700
14.38745800
19.06341700
14.30000000
19.10341700
14.30604100
18.91075000
14.19375000
19.58566700
13.99504200
19.39225000
14.34579100
19.31216700
13.80095800
20.07300000
13.32150000
19.36504200
13.99212500
19.37650000
13.94516700
19.70733300
13.92833300
19.60804200
13.60520800
19.34562500
14.05962500
19.51691700
13.71825000
19.45258300
13.80925000
19.56370900
13.90387500
19.64579100
13.68579200
19.15279200
14.18962500
19.43408300
13.99366700
19.10425000
14.25391600
19.44762500
13.79050000
19.39204200
14.05533300
19.43829200
14.00950000
19.61625000
13.76275000
19.52516700
13.83200000
19.24187500
13.98316600
19.49862500
14.01445900
19.32995800
13.99812500
19.19862500
14.28437500
19.58187500
13.60283300
20.84325000
12.46887500
20.67320900
12.38850000
20.78441600
12.70841700
20.66704200
12.75437500
20.46804100
12.78300000
20.32304200
13.34508300
20.07104200
13.29087500
19.93529200
13.50729100
18.89612500
14.55500000
18.86954200
14.38612500
18.57562500
14.70237500
18.85212500
14.57370800
19.45995900
14.06100000
18.99062500
14.30183300
18.94958300
14.34770900
19.21612500
13.78883300
20.49204200
13.22912500
20.84712500
12.50387500
20.77495800
12.46954200
20.54383300
13.07608300
20.37108400
12.87670800
20.18691700
13.15733300
20.66625000
12.80137500
20.44658300
12.59808400
20.18975000
14.24220800
17.03479200
16.33166600
16.96883400
16.22883300
17.37258300
16.12237500
17.18558400
16.16229100
16.98841700
16.23429200
17.38554100
16.31441700
17.26995800
15.91120900
17.17645800
16.15995800
17.48454200
15.80766700
17.04691600
16.28666700
17.01000000
16.31375000
17.51891700
16.20595800
17.36862500
15.99670800
17.07654200
15.71995800
16.69179200
17.07779200
16.96379100
16.28795900
16.55558300
16.86820800
16.37208400
16.86858300
16.54716700
16.87304100
16.31479200
16.99275000
16.42450000
16.96250000
16.75287500
16.54716700
16.55483300
16.86350000
16.49216700
16.71095800
16.87850000
16.64850000
16.80491700
16.64837500
16.44370800
16.78804200
16.73962500
16.74262500
16.70345800
16.74983300
16.66233400
15.86116600
20.49483400
12.90820800
20.53358300
12.94979200
20.10137500
13.28658300
20.94870900
12.27387500
20.59575000
12.80220800
20.08800000
13.01004200
20.25587500
13.43245800
20.11116700
13.03395800
20.10279200
13.36512500
20.34920800
13.00829200
20.17420800
13.15350000
20.24037500
13.23483300
20.25112500
13.04295900
20.26591600
13.22445900
20.44075000
12.73675000
20.30154100
13.13879200
20.52095800
12.85645900
20.46945800
12.86750000
19.89475000
13.51541700
19.99462500
13.32962500
19.99066600
13.50866700
20.01991700
13.20904100
20.17883400
13.22654100
20.44929200
13.02354200
20.10720800
13.24891700
20.24525000
13.07587500
20.40970800
13.02050000
20.15600000
13.09320800
20.34100000
13.03075000
20.36895900
13.05250000
20.10366600
13.19137500
20.41491700
13.04037500
20.26800000
12.95408300
20.34704200
13.14466700
20.34983300
13.00345800
20.32333400
13.07320800
20.39970800
12.89287500
20.44383400
12.97637500
20.28941600
13.06595900
20.54495800
12.96950000
20.50375000
12.82670800
20.73425000
12.39595900
20.81720800
12.72945800
20.17825000
13.13645900
20.49429100
12.91908400
20.30870800
12.97208300
20.69729200
12.78708300
20.40658400
12.71945800
20.85062500
12.84879200
20.60904100
12.53483400
20.79962500
12.70041600
20.74283400
12.64591600
20.19904200
13.36391700
21.43454100
12.43087500
20.71158400
11.80750000
20.56366600
12.91770900
20.79500000
12.51337500
20.85829100
12.57670900
20.76500000
12.54208300
20.69245800
12.80745900
20.67595800
12.42833300
20.21675000
13.06095900
20.49729100
12.97745900
20.41708300
13.07116700
20.51762500
12.86337500
20.67908300
12.68566700
20.55770800
12.74220800
20.11245900
13.31083300
20.42758300
13.02441700
20.33858300
12.91208400
20.59245800
13.09087500
20.76162500
12.47441700
20.85591600
12.42179200
20.24233300
13.00245900
20.09991600
13.00516700
21.00712500
12.65154200
21.19900000
12.01387500
21.15441600
12.30604200
21.25225000
12.14416700
21.04300000
12.39066600
20.99612500
12.19425000
21.01716700
12.32679200
20.87112500
12.69820800
21.49041700
11.65962500
21.46620800
11.94429200
21.08358300
12.42437500
20.90316700
12.38879100
21.32587500
11.77629200
20.77558300
12.90158400
20.87200000
12.39525000
20.95966600
12.40029200
20.81787500
12.54991700
20.62229100
12.89329200
20.48583300
12.71645900
20.55220800
12.93600000
20.56250000
12.72441700
20.06270800
13.28308300
20.43525000
13.08466700
20.62887500
12.77858300
26.46908400
14.25487500
20.29775000
6.82404100
22.21220900
10.25295800
66.24466700
17.40337500
21.62658300
6.64541700
21.35154100
6.59733400
21.13395800
6.53000000
22.76458300
6.72854200
23.67166700
6.68770800
21.67716700
6.60075000
21.21708300
6.77187500
20.99800000
6.49850000
20.63300000
6.32854200
20.39387500
7.95129100
20.72462500
12.97520900
20.43712500
12.78083300
20.70812500
12.88108300
20.69841700
12.63050000
20.49550000
12.94758300
20.39083400
12.86800000
20.10754100
13.44420900
19.88658300
13.36154200
20.04025000
13.44545800
20.07558300
13.22208400
20.33754100
13.08337500
20.17666700
13.20795800
20.26458400
13.03366600
19.98820900
13.20225000
19.50004100
14.05225000
20.40295900
13.00716600
20.39566700
13.00891700
20.32341600
12.92300000
20.22087500
13.28191700
21.07487500
12.36833300
21.03920900
12.45850000
21.52845800
11.82941700
21.46379100
11.56641700
20.40725000
12.84137500
20.56104200
13.02275000
20.60883300
12.64095800
20.71733400
12.62812500
20.38116600
13.13741700
20.35454200
12.97333300
20.35112500
12.96750000
20.41145800
13.00033400
20.22854100
12.99895900
19.85820800
13.45437500
20.48475000
13.21650000
20.00187500
13.35100000
20.23308300
12.96825000
20.31187500
13.09004200
20.53100000
12.85166700
20.31737500
13.03675000
20.37845800
12.87145800
20.46770900
13.04470800
20.43366700
12.92225000
20.22787500
13.08829100
20.40495900
13.03695800
20.32733300
13.03287500
20.20775000
13.04891700
20.37812500
13.03829200
20.22566600
13.20670900
20.27637500
12.97320800
20.33895800
13.09550000
21.33279200
12.11066700
20.50670800
12.84191700
21.01095800
12.21870800
20.45087500
12.89470900
20.24579100
13.45250000
18.52208400
14.80425000
18.26300000
15.14870800
18.26437500
15.26341700
18.30016600
14.98495900
18.29170800
15.11454200
18.03458300
15.21933300
17.88779200
15.59195800
18.31154200
14.78575000
19.24195800
14.04858400
19.22895800
14.03145800
19.25429200
14.22375000
19.32733300
14.08091700
18.99075000
14.36212500
19.62291700
13.73358300
19.17662500
14.16879200
19.34341600
14.00516700
19.49141700
13.89962500
19.28120800
14.03887500
20.07387500
13.16037500
21.54454200
11.80229100
20.98162500
12.43558400
20.92783300
12.40012500
20.67145800
12.73029200
20.48575000
12.87729200
20.25295800
13.11391700
20.54220800
13.00387500
20.25266700
12.85650000
20.12512500
13.33783300
20.48887500
12.95887500
20.29987500
12.88095800
20.19204200
13.13616700
20.08062500
13.41337500
20.24316600
12.97495900
20.43045800
13.10479200
20.14316600
13.30833400
20.18783300
13.08945800
19.96412500
13.49566700
19.99150000
13.34450000
20.34195800
12.99462500
20.18058400
13.09437500
20.27887500
13.10716600
20.49245900
12.95354100
20.60183400
12.79700000
20.42020800
12.77720800
20.59333400
12.64700000
20.70695800
12.77229200
20.09912500
13.25216600
20.94833400
12.49554100
20.72304200
12.65375000
20.58329200
11.68025000
21.08662500
14.31833300
17.93062500
15.25937500
17.47662500
16.30933300
17.39041700
15.53783300
17.65241700
15.63854200
17.11508300
16.12375000
17.40112500
16.12041700
17.06708300
18.81595800
24.00079200
7.82208300
19.69745900
12.77741600
17.93162500
15.57895900
17.77912500
14.54345800
21.51612500
11.68795800
21.44208400
11.98050000
21.16879100
12.12862500
20.85441700
12.51837500
21.06925000
12.37804200
21.33395800
12.49741700
19.72879100
13.53116700
19.08895800
14.43391700
19.21141700
14.12720800
18.95216700
14.35141600
18.98925000
14.45537500
18.74445900
14.64170800
18.92195800
14.28891700
19.30962500
14.17916700
19.45237500
13.78975000
19.66391600
13.38883400
21.09616600
12.05875000
21.00325000
12.62266700
20.98425000
12.28520800
21.21687500
12.24679200
21.13775000
12.23512500
21.12583300
12.17841700
21.42483300
11.98104200
22.18483300
11.15562500
21.65762500
11.52729200
21.76433300
11.62120900
21.09483300
12.54200000
20.78145800
12.68154200
20.54291700
12.62504100
20.71450000
12.54845900
20.85525000
12.64104100
20.98375000
12.44845900
21.17045800
12.09520800
20.97750000
12.27254200
20.77066700
12.70800000
21.24133300
12.09454200
20.95183300
12.54820800
20.74454200
12.44308300
21.14120900
12.27275000
21.07725000
12.43683300
20.88095800
12.41412500
20.83170900
12.57162500
20.87770800
12.45341700
20.85445800
12.31541700
21.05754100
12.52091700
21.06383300
12.27037500
21.01020900
12.29845800
20.88908300
12.66291700
20.89470800
12.41091700
20.96904200
12.48237500
20.91237500
12.50591600
20.81825000
12.26037500
20.93100000
12.55279200
20.86691700
12.36254100
21.13725000
12.49012500
21.66383400
11.61045800
21.13695800
12.31558400
21.70595800
11.66562500
21.39020800
11.81937500
20.96333400
12.43579100
20.91066700
12.46475000
20.91795800
12.53079200
20.61729200
12.47783300
20.69304200
12.96629100
20.34945900
12.92312500
20.49537500
12.77637500
19.07712500
14.46058300
19.45325000
13.96908300
19.51979200
13.58466700
19.62141600
13.92295900
19.35920800
14.05033300
19.42945900
13.72666600
19.52316700
14.03287500
19.30700000
13.97395800
19.18883400
14.24162500
19.02829100
14.27608400
19.51504100
13.96179200
19.46195800
13.76695900
19.50254100
13.90037500
19.50437500
14.00383400
19.65079100
13.56975000
19.48066700
13.77916700
19.61512500
13.90320800
19.86954200
13.47179100
19.52554200
13.80970800
20.04754200
13.39545800
19.75358400
13.58154100
19.71679200
13.51591700
19.86612500
13.69545800
19.87200000
13.57045800
19.79250000
13.26833400
19.93362500
13.92850000
20.16058300
13.05854200
19.56395800
13.81275000
20.10887500
13.26379200
19.94308300
13.24420800
19.78379200
13.62908300
20.02558400
13.45604100
20.03162500
13.25037500
19.94008400
13.46716600
19.96920900
13.35633300
19.88883300
13.55012500
19.81583400
13.35604100
19.72783400
13.80045800
20.29120800
13.14608400
19.84816600
13.67775000
20.61966700
12.65333300
20.47829200
12.92187500
19.90895800
13.71245900
20.93391600
12.35050000
20.87566700
12.24304200
20.75662500
12.64950000
20.15691600
13.09016700
20.34770800
12.98545900
19.94862500
13.59008300
20.16262500
13.15537500
20.22604200
13.14316600
20.13145900
13.21654100
20.00437500
13.20566700
20.14137500
13.26379200
20.01500000
13.36816600
19.64670900
13.61954100
20.17291700
13.49720800
20.11200000
13.17804200
19.74441700
13.58787500
20.12445800
13.23258300
19.99225000
13.30437500
21.85241700
19.58541700
8.45066600
19.58425000
13.87037500
19.45158400
13.99704100
19.51637500
13.87616700
19.62616700
13.87741600
19.86812500
13.49145900
20.38720800
12.97879200
20.13629100
13.25020900
20.12062500
12.97279100
20.06887500
13.52237500
20.00904200
13.36129200
20.12087500
13.02758300
20.18345800
13.42495900
19.98129100
13.38662500
19.84079200
13.50154200
19.70204100
13.57691700
19.61600000
13.87445800
19.31212500
14.13720900
19.53970800
13.63066700
19.84583300
13.63883300
19.89958400
13.34962500
20.18000000
13.27129100
20.05545900
13.19116600
19.89508400
13.48612500
20.03383300
13.43208300
19.71616700
13.32841700
19.67012500
13.83916600
19.65750000
13.72629200
19.71658300
13.62404200
19.78104200
13.82716600
19.61141700
13.53454200
19.66729100
13.53662500
19.59416700
13.81916700
19.46229100
14.10233400
19.65858300
13.51683300
19.33975000
14.26416700
19.42016700
13.88479100
19.44712500
14.01908400
19.29691600
13.87537500
19.21187500
14.24300000
19.29758400
14.10491600
19.26275000
14.16858400
19.29491600
14.12929200
19.96170800
13.36450000
19.81837500
13.68441700
19.44258300
13.80750000
19.29579200
14.10733300
19.16095900
14.24545800
19.30304200
14.05295800
18.94291700
14.37675000
19.10820800
14.08037500
19.07816700
14.31887500
19.20112500
14.40079100
19.07883400
14.00395800
18.26541700
15.17066600
19.17275000
14.24987500
19.37691700
14.00045800
19.38925000
14.04166700
19.21991700
14.09741600
19.89050000
13.47404200
19.51362500
14.04883300
19.62295900
13.55466600
19.79162500
13.75195900
19.71433300
13.55162500
19.71975000
13.60920800
20.50395900
12.99016600
19.79708400
13.68983300
20.13837500
12.65479200
20.39041600
13.53879200
21.46466700
11.54612500
20.75787500
12.37845800
21.31579200
12.22933300
20.96566700
12.52429100
20.69995900
12.57929100
21.12445900
12.11325000
20.86658300
12.67975000
20.77841700
12.53966600
21.00450000
12.15058400
21.19337500
12.23791600
21.14000000
12.14900000
21.31158400
12.09525000
21.65241600
11.70483400
21.01475000
12.33270800
21.53012500
11.76162500
21.68591700
11.62600000
21.68283300
11.78729200
21.45183300
11.86437500
21.74291700
11.72025000
21.93808300
11.40320800
22.65733400
10.58154100
21.64316700
11.74291700
21.54112500
11.88875000
21.40583300
11.89912500
23.98137500
10.35154200
23.09312500
9.91475000
23.62683300
9.85383300
21.35650000
12.08587500
21.26070900
12.06779100
21.16658400
11.90941600
20.10450000
13.19154200
19.78308300
13.41958400
19.93195800
13.64270800
19.46412500
13.91608400
19.76620800
13.59083300
19.89825000
13.45979200
19.95033300
13.47266700
19.44829200
13.82604100
19.88712500
13.56437500
18.99495900
14.44187500
19.61679100
13.70962500
19.49837500
13.92504200
19.23329200
14.06708300
19.49441700
13.82041600
20.37050000
13.18400000
19.26420900
13.79387500
20.04420800
13.57037500
19.89891700
13.27275000
19.78375000
13.42029100
20.31837500
13.42991700
19.32429200
13.81445800
20.80770800
12.57850000
20.64979200
12.64775000
20.21875000
13.11891700
20.48916600
12.93420900
19.78391600
13.47991700
20.10187500
13.36416700
20.18570800
13.04850000
20.31441700
13.13837500
20.59495800
12.79091700
20.54970800
12.91295800
19.67850000
13.45545900
20.00866600
13.44308400
20.78483300
12.33533300
21.32733400
12.05258300
21.12179200
12.25108300
20.98237500
12.52687500
20.02212500
13.56683300
20.06695900
13.43758300
19.56441700
13.81366600
19.43016700
13.82625000
19.21941700
14.18358300
18.69687500
14.79408300
19.06804200
14.17420800
20.43462500
12.99454200
20.84175000
12.38687500
21.08558300
12.41000000
21.18245900
12.08712500
21.68604100
11.68525000
21.76833400
11.49387500
20.45250000
12.90050000
20.11504100
13.41391700
20.23287500
13.03825000
20.59008300
13.34708400
19.93891600
12.88912500
19.37975000
13.78937500
19.59379200
13.74604200
19.69475000
13.71241600
19.63475000
14.02100000
20.00208400
13.24729100
19.84895900
13.55458300
19.49275000
13.70508300
19.65958400
13.72762500
19.76504100
13.57987500
19.63229200
13.90637500
18.89241700
14.42645800
19.08229200
14.27854100
19.29087500
13.95416700
17.95958300
15.32679200
20.37891700
12.90233300
20.16566700
13.71954100
20.65237500
12.66354200
20.75850000
12.37354200
20.45795800
13.16366700
20.38016600
12.69933400
20.60208300
12.98312500
20.48195800
12.69375000
20.45383400
12.82425000
20.39437500
12.99358300
20.36091700
13.11712500
20.43225000
12.81041600
20.80454200
12.73950000
20.21775000
12.99450000
20.30141700
13.18933300
20.41866700
12.79904100
20.92725000
12.57995900
20.49254100
12.62729200
21.18462500
12.19129200
20.91525000
12.56816600
21.02891700
12.22316700
20.85295800
12.37233300
21.61533400
12.35295800
20.88920800
12.00612500
21.68075000
11.69458400
20.87120800
12.65395800
21.17254200
11.95108300
21.20720900
12.24337500
22.29529100
10.97362500
21.02000000
12.38820900
20.99804100
12.49683400
21.00508300
12.40583300
20.45487500
12.92587500
20.67841700
12.52091700
20.66962500
12.78508300
20.29475000
12.99833300
20.31150000
13.04275000
20.72945900
12.62608300
20.30754200
13.21783300
20.40608300
12.92641700
20.70291700
12.63466600
20.45687500
13.07166700
20.50116700
12.86287500
19.99266600
13.43041700
20.25658300
12.98020900
19.97362500
13.32537500
20.44537500
12.92454100
20.18437500
13.20233400
20.58029100
12.81175000
20.44554200
13.02441700
20.63566600
12.49050000
23.85583400
9.90616600
21.51625000
12.27729200
22.05620800
11.12933400
21.65337500
11.75820800
21.89504200
10.79741600
21.71216700
11.60458300
20.83583400
12.69354100
21.24708400
11.96462500
21.20120800
12.25037500
21.50375000
11.84045800
21.05850000
12.27462500
21.33404200
12.07933300
21.03541700
12.54445800
21.06995900
11.99562500
22.20070800
11.23145800
21.46904200
11.92220800
21.27583400
12.06600000
20.85420800
12.35341700
20.42391600
13.24687500
20.71983400
12.57066600
21.61070900
11.72400000
20.76308300
12.55000000
20.95208300
12.62158400
20.82025000
12.47154100
20.94008400
12.36587500
21.04908300
12.40675000
20.82500000
12.45745800
20.81966700
12.49054200
20.97683300
12.31429200
20.78270800
12.48900000
21.09750000
12.46404200
20.80225000
12.57725000
20.61225000
12.60350000
20.87583300
12.77762500
20.77108300
12.58029200
21.05120800
12.27295900
20.37479100
12.97154200
20.37350000
12.93241700
20.89066600
12.49625000
19.99875000
13.28875000
19.71120900
13.97141600
19.37308400
13.71375000
19.74420800
13.74450000
20.39362500
12.89412500
20.13245800
13.32258400
22.00270800
11.47616700
21.87720800
11.81187500
22.69162500
10.48045800
21.06520900
11.95487500
19.50408300
14.11158300
19.17558400
14.19908300
19.93312500
13.24404200
20.73604100
12.60933400
20.63158300
12.57300000
20.17641700
13.36458300
20.45450000
13.18983300
19.83287500
12.99937500
20.85941700
12.34083300
20.90970900
12.69062500
20.89529100
12.43295900
20.84729100
12.44095900
20.59350000
12.81987500
20.59370800
12.73558300
20.63245900
12.72595800
21.06229200
12.40704100
21.02987500
12.32795900
21.02291600
12.29550000
20.92516700
12.71916700
21.69916600
11.46804200
21.43850000
11.79608300
21.37066700
12.00575000
21.24262500
12.27129200
21.20616600
11.99816700
21.13095800
12.30295900
21.09054100
12.20525000
21.24337500
12.13395900
21.26433300
12.10870800
21.37700000
12.07429200
21.18916700
12.15737500
21.21029100
12.11766700
21.06575000
12.33875000
21.27029200
12.12812500
20.90279100
12.42604200
21.17629200
12.26400000
21.09645800
12.22983300
20.94908400
12.16404100
21.06858400
12.55287500
21.16504100
12.17629200
20.98462500
12.38795800
21.17091700
12.15254200
20.97358300
12.43054200
21.05212500
12.26383300
21.28633300
12.17362500
21.05050000
12.44100000
21.55375000
11.58891700
21.77183300
11.59141700
20.85037500
12.60166700
21.10058300
12.03266700
21.52404100
11.97641700
21.25850000
12.40045800
21.22241700
11.84208300
21.00866700
12.26512500
21.47820800
12.59637500
89.27858400
18.33479100
38.35770900
6.51516600
21.55804200
6.70541700
21.96750000
6.21070800
20.24070800
5.99737500
20.08333400
5.95254100
20.09070900
5.87620800
19.97033300
5.90425000
20.07970900
5.89537500
20.07608300
6.02083300
20.03554200
5.99504200
20.20366600
5.95737500
20.04545900
6.07954100
20.28404200
5.95145800
20.92533400
9.05729100
20.38604200
13.15633300
20.93016700
12.63733300
20.81208400
12.60275000
21.29233300
11.83458300
21.09504200
12.42820800
21.25137500
12.07645900
21.64854100
11.68533400
21.66825000
11.76566600
21.38920900
12.26645800
21.75175000
11.11433300
21.31037500
12.26904200
20.93458300
12.39029200
21.04229200
12.36758300
21.10579200
12.26470800
21.01895800
12.39379200
21.11841700
12.18412500
21.03320800
12.35491700
20.96662500
12.41250000
21.02987500
12.18854100
21.31308400
11.99066600
21.03325000
12.39029200
21.15458300
12.23137500
20.96566700
12.55887500
21.03533300
12.14775000
20.92895900
12.66020800
21.28091700
11.88075000
21.39112500
12.04150000
21.66054100
11.68262500
21.11925000
12.19325000
20.83858400
12.57733300
21.04608300
12.29958400
21.15225000
12.34154100
21.09491700
12.23875000
20.82725000
12.42391700
21.42766600
12.02670900
21.07175000
12.33200000
21.20075000
12.08695800
21.27929200
12.01237500
21.06612500
12.47125000
21.31091600
12.20450000
21.47641700
11.53212500
21.24875000
12.20595800
21.16050000
12.31233400
21.20120800
12.10062500
21.17691700
12.33945800
21.71233300
11.37283400
21.86541600
11.54750000
21.29204200
12.29208300
21.14912500
12.14287500
21.43000000
11.82066700
21.09070800
12.32554200
20.94491700
12.41062500
21.20900000
12.02062500
21.21008300
12.33908300
21.15212500
12.22779200
21.34295800
11.91775000
21.19104200
12.17362500
21.32795800
12.09237500
21.28095900
12.13258300
20.94404200
12.47537500
21.15266600
12.05125000
20.85400000
12.51570900
20.94779100
12.49791700
20.88145800
12.44775000
20.37166700
12.88337500
20.77600000
12.85033300
20.69820900
12.69983300
20.50766700
12.75329100
20.70154200
12.81091700
20.63320800
12.78383300
20.79795900
12.47025000
21.35679100
11.79254200
21.20729200
12.34541600
20.89891700
12.43500000
21.25495800
12.15841700
20.87887500
12.40508300
20.70737500
12.70616700
21.02170800
12.43016700
20.89508300
12.27695900
20.73945800
12.83170800
20.47695900
12.75154100
20.82062500
12.67712500
20.67820900
12.59329100
20.88370900
12.49650000
20.78845800
12.69004200
20.68062500
12.55895800
20.65387500
12.67670800
20.77487500
12.65691700
20.61358300
12.80495900
20.62725000
12.59858300
20.55195800
12.98737500
20.37337500
13.18841700
19.82612500
13.60158300
19.42845900
13.79279100
19.08204200
14.45837500
18.67612500
14.65145800
20.24220900
13.45258300
19.35275000
13.77300000
19.65200000
13.66391700
19.08108300
14.51287500
19.46804200
13.75750000
18.97458300
14.37854200
18.80587500
14.65812500
18.89050000
14.17287500
18.64591600
14.75979200
18.94066700
14.48862500
18.86266600
14.46470900
18.84012500
14.43366600
19.01250000
14.41737500
18.95912500
14.43591700
18.81025000
14.60512500
18.73675000
14.70691700
18.85400000
14.45120800
18.78504200
14.73420800
19.05662500
14.28425000
19.27008300
14.04362500
18.91175000
14.37995900
19.06183300
14.34729200
19.07337500
14.41579100
18.40337500
14.69370900
20.88241600
12.29062500
21.19675000
12.11708400
20.89179100
12.56300000
20.67037500
12.60333400
21.06904100
12.32937500
21.10254200
12.24366700
20.90354100
12.49575000
20.32050000
12.87725000
20.37045900
13.02479100
20.68491700
12.88600000
21.66475000
11.56500000
21.82137500
11.52358300
20.88820900
12.57300000
21.27745800
12.04329200
21.04470800
12.28500000
21.04891700
12.54100000
21.10629100
12.14408400
20.63783300
12.81112500
20.89554200
12.39258300
21.14350000
12.24541700
22.03854100
11.19533400
21.39412500
11.96233300
20.65641700
12.93820800
20.94266700
12.16358300
21.43741700
12.01175000
21.26475000
12.12666600
21.36500000
11.82754200
21.05775000
12.41104200
21.04025000
12.44050000
21.19404100
12.17062500
20.97941700
12.26458300
20.55154200
13.01837500
21.31500000
11.88958300
20.81962500
12.59095900
20.71075000
12.59091600
20.85208400
12.55362500
20.70829100
13.03795900
21.58500000
11.37329100
21.77979200
11.62800000
21.40804200
11.91300000
20.72908300
12.65412500
21.01095800
12.50879200
20.95579200
12.27691600
22.47820900
20.64625000
6.65662500
20.99829100
11.62187500
17.79487500
22.63375000
21.11983400
6.41637500
20.72041600
12.68941700
20.82262500
12.49341700
20.56379100
12.80433400
20.39750000
12.86925000
20.39870800
13.00412500
20.40575000
12.75420800
20.82008400
12.73833300
20.77925000
12.32900000
20.68037500
12.77925000
20.56429200
12.79454100
20.31766700
13.12258300
20.57912500
12.84683400
20.58833300
12.66941700
20.51254100
12.88420900
20.73041600
12.64766700
20.71175000
12.68808300
20.43695900
12.81450000
20.49933300
13.22850000
21.65225000
11.51454200
20.82641600
12.74087500
20.62150000
12.52562500
20.06483400
13.41862500
20.25245800
13.10375000
21.33716700
11.95729100
20.43654200
12.82783300
20.18041700
13.19875000
20.57120800
13.00587500
20.55804200
12.78575000
20.45200000
12.86195800
20.38437500
12.98941700
20.26383300
12.97495900
20.35508300
13.23887500
20.18529200
12.84279100
21.09312500
12.20645900
20.61525000
13.13329100
20.43125000
12.60529200
20.86083300
12.51041700
20.89270800
12.24716700
20.77279200
12.85654100
20.92691700
12.58083300
20.69887500
12.82675000
20.50729200
12.62337500
20.73208300
12.85291700
20.43216700
12.92516600
20.47929200
12.79466700
20.19320800
13.23504200
20.02041600
13.41979200
20.02670800
13.16333400
20.19625000
13.36116600
19.90825000
13.47954200
19.59704200
13.83233300
19.67066700
13.58466600
19.75579200
13.47166700
19.88708300
13.32950000
19.92300000
13.40879200
20.25391600
13.12850000
20.30695900
13.11329100
20.00687500
13.27862500
20.08070900
13.45941600
19.94754200
13.53083300
20.03950000
13.40720900
20.70604100
12.72195900
20.21354100
13.01187500
19.84825000
13.59200000
20.02916700
13.18629200
19.94995800
13.40150000
19.92450000
13.28629200
20.33491600
13.11933400
20.18075000
13.21966600
19.99258400
13.22754100
20.72558400
12.63758300
20.74791700
12.61320800
20.30812500
13.02545800
21.31362500
12.34795900
20.77966600
12.66262500
20.39345900
12.85020800
20.26604200
13.07491600
20.41908400
12.99900000
20.79508300
12.48408300
20.61187500
12.86483400
20.52366600
12.81825000
20.33745900
13.04620800
20.54925000
12.56554200
20.62170800
12.95983300
20.97108400
12.39212500
20.35570800
12.74729200
20.86966600
12.82520900
21.02579100
12.21141700
20.08362500
13.37320800
20.64412500
12.54979200
20.51512500
12.74041700
21.00233300
12.34654200
20.65770800
12.77041700
20.72954100
12.70200000
20.68512500
12.73458400
20.80066600
12.49250000
20.85937500
12.59350000
20.86837500
12.40229200
21.02237500
12.47370800
20.86629200
12.17191700
20.50329100
13.10520900
21.05279100
12.24245900
20.97150000
12.53500000
20.97420800
12.27600000
20.99083300
12.44858400
20.89870800
12.82987500
21.48466700
11.78275000
21.15845800
11.97870800
21.46983400
11.94708300
20.94037500
12.53370800
20.55975000
12.88662500
20.62233400
12.53295800
20.60162500
12.81970800
20.70033400
12.63929100
20.77020900
12.66154100
20.72162500
12.65770900
20.56487500
12.66475000
20.78641600
12.71537500
20.53316700
12.82483300
20.73083400
12.52595800
20.87937500
12.70012500
20.92800000
12.67462500
21.29937500
11.71900000
22.82512500
12.10000000
24.38833300
7.73075000
22.11120900
11.14862500
23.24883300
10.26683300
21.41233400
11.63970800
22.10562500
11.21475000
21.14800000
12.58070800
21.52654200
20.86079200
20.88300000
20.99300000
20.83316600
20.82637500
20.84054200
20.58579200
20.86979100
20.51945900
20.64508300
20.67866700
20.89604100
20.70333400
20.92183300
20.64225000
21.13662500
20.70700000
21.06033300
20.52241700
21.13375000
20.99991700
21.10808300
20.69733300
20.96712500
20.62875000
21.12662500
21.27262500
21.15862500
20.91366700
21.23758300
21.07925000
20.97437500
21.21375000
21.08320900
20.44645800
21.06104200
20.65241600
20.92483400
20.93512500
20.98058300
21.03629200
21.47012500
21.07716600
20.80616700
21.09708300
20.97250000
20.40487500
21.38808400
20.93454100
21.03033400
21.22016600
20.99516700
21.10345800
21.07075000
20.89408400
20.99912500
21.15220800
20.83333300
21.17270900
21.10291600
20.87275000
21.53429200
20.81800000
21.16816700
21.08200000
21.05904100
21.13216700
21.58412500
21.13966700
21.28933300
21.43295800
20.98175000
20.99770900
21.51166600
21.26866700
20.98212500
21.56175000
21.21445800
21.27158400
21.26304100
21.24325000
20.83291700
21.04283300
21.11154200
21.46575000
21.13158300
20.97566700
21.72633300
20.27900000
20.31654200
19.76366700
20.36879100
20.05279200
19.79975000
19.78554200
19.87479100
20.15025000
20.09212500
20.23658400
19.90633300
20.53441700
19.98237500
20.22829100
20.07187500
20.26550000
20.01545900
20.41462500
20.08004100
21.43308400
21.12887500
20.73162500
21.44270800
21.57945800
21.25995900
21.33012500
20.95037500
20.95687500
21.28325000
21.21670800
20.85987500
21.16666700
20.88195800
21.33483300
21.28362500
21.30020900
21.22600000
21.08329100
21.07241700
20.91441700
20.69870800
22.32870800
23.73954200
21.44120800
21.27054200
21.21525000
21.02658300
21.03466700
20.77595800
21.38495900
20.85491600
21.15116700
21.19450000
21.57358300
20.65087500
21.29570900
21.08850000
20.67800000
21.09141600
21.05137500
20.76458400
21.27758300
21.69925000
21.49262500
20.80275000
21.12500000
20.96837500
21.08083300
20.91620900
20.80687500
21.59845800
21.30775000
20.90929200
20.98245800
21.01491700
21.13133300
20.98345800
21.15175000
21.05145900
20.80466600
20.91483400
21.47183300
21.32695800
21.34295900
21.64108300
21.06962500
21.02650000
20.80491700
20.79225000
20.51191600
20.96350000
20.74525000
21.21279200
21.88408300
21.49083400
20.66295800
21.16416700
20.76616600
20.72079200
20.96987500
20.72554200
20.55325000
21.22762500
21.05145800
20.75170800
21.17400000
20.91825000
20.80041700
21.24870800
21.00941700
20.89683300
21.22304200
21.01737500
21.23166700
21.18833300
21.33912500
20.79029200
21.01591600
20.90500000
21.16108400
21.24262500
21.10379100
22.02008400
21.59691600
21.12645900
21.44125000
20.63479100
20.83458400
20.97791600
20.94895900
20.94187500
21.02770800
20.85050000
21.12375000
20.78250000
20.76887500
20.57666700
21.03337500
20.60920800
20.78366700
20.63379100
20.82804200
20.52966700
21.06175000
20.89179100
20.87716700
20.08962500
19.81425000
19.55029200
19.96658300
19.61066700
19.49791600
19.97833400
20.08716600
19.81733400
20.28683300
19.83195800
19.86050000
19.97479200
19.99708300
19.66445900
20.13816600
20.13483400
20.33854100
19.99725000
19.99629200
20.10866700
20.17520800
19.89125000
19.91525000
20.07400000
19.95654200
20.43779100
21.08775000
20.70712500
21.32750000
21.33616700
21.10325000
21.00208300
21.00879200
21.02141700
21.44116600
21.19795900
21.22616600
21.14695900
20.87312500
21.19533300
21.15604200
20.77787500
21.04879100
21.13112500
20.93837500
20.87037500
21.19904200
21.15291700
20.96237500
20.87795800
22.92904200
22.93170800
21.58245800
21.40833400
21.11079100
21.33562500
21.03462500
20.83316700
21.03437500
20.88920800
20.84462500
20.97025000
21.02558400
21.07062500
21.14491600
21.05983400
20.82725000
20.58312500
21.67183300
20.84929200
20.98650000
20.90450000
20.95433300
21.19245800
21.11166700
20.71400000
21.12212500
21.05654200
20.85458300
20.98312500
20.76050000
21.10179200
21.08225000
21.18575000
21.28183300
20.89150000
21.26858300
21.28066700
21.31245800
20.86570900
20.68429100
21.08608400
20.83116600
21.69825000
21.61116700
21.69600000
21.32029200
21.14495800
20.93366700
21.05225000
20.76333300
20.78375000
21.25958300
20.64266700
20.92920800
20.82375000
20.98033400
20.84200000
21.13862500
21.13245800
20.97312500
21.02795800
21.04437500
20.88520900
21.36012500
20.84066600
20.75850000
21.34004200
22.20358300
23.03175000
22.79550000
22.39054200
21.37129200
20.94433300
21.90325000
21.67812500
22.31304200
21.87520800
21.82079200
21.92133300
22.15245800
24.18420900
21.88829100
22.52050000
36.32925000
27.85104200
24.97245800
23.16566700
22.39383300
22.27000000
22.34191700
22.86258300
22.54000000
22.66520900
21.12170800
21.24216700
21.17950000
22.56012500
21.54079100
21.38729200
21.11983300
20.93150000
21.18041700
20.75462500
20.77604200
21.30604100
20.40358400
19.20312500
6.16570800
18.88250000
6.00033300
19.04312500
6.09675000
18.76262500
6.28400000
18.49312500
5.99233400
19.34045800
6.10520800
19.48237500
6.17554200
19.71137500
6.15379200
19.83670800
6.05958300
19.61708400
6.07816600
19.34041700
6.01666700
19.55783300
6.21987500
19.88070800
13.70625000
20.06120900
13.60600000
21.04741600
12.06545900
20.73012500
13.07275000
20.41466600
12.70879200
20.73966700
12.62991600
20.68083400
12.78400000
21.24775000
12.11287500
20.52970800
12.54858300
20.47083400
13.12083300
20.38450000
13.28533300
19.99266700
12.77812500
21.14866700
12.44754100
20.58375000
12.68195900
20.42870800
13.02112500
21.10179200
12.36320800
21.04820800
12.12983400
20.82987500
12.67641600
20.87137500
12.61695900
21.44379100
11.65312500
21.49825000
11.87929200
21.10070800
12.25737500
21.23491700
12.12379200
20.84183300
12.56158300
21.41266700
11.98070800
21.16295900
12.21541600
20.60637500
12.90950000
21.66545900
11.71254100
22.19145900
11.30795800
21.17966700
11.84883300
21.17187500
12.28000000
21.43629200
11.74979100
21.32354200
12.39925000
21.23145800
11.87945900
20.97604100
12.49266700
21.13587500
12.05645800
21.45929200
11.93045800
21.42591700
11.92695800
21.17275000
12.18058400
21.03050000
12.24616600
21.12558400
12.47554100
20.85462500
12.42395900
20.97350000
12.40312500
20.91987500
12.38570800
20.41041700
13.01154100
20.84716700
12.85758300
21.18483400
12.06291600
21.47441700
11.72533300
21.28862500
12.16187500
21.53045900
11.80095800
21.21287500
12.19112500
20.77220800
12.44937500
20.57691700
12.91837500
20.36841700
12.89487500
20.54200000
12.91058300
20.60237500
12.80208300
20.77704200
12.53391700
20.60754100
12.67508400
20.56366600
12.90033400
20.56150000
12.93787500
20.48858300
12.97633300
20.71029200
12.42912500
20.11212500
13.36220800
20.46645900
12.86020800
20.62162500
12.64945800
20.56062500
12.84041700
20.80754200
12.61416600
20.87616700
12.45904200
21.08091600
12.17462500
20.79670900
12.57254100
20.88891700
12.47366700
20.76033300
12.52120800
21.09937500
12.67491700
21.88691700
11.18954100
21.39112500
11.93758400
21.46787500
11.83516600
21.34495900
12.02554100
21.00945900
12.61095800
21.04729200
12.14387500
20.57787500
12.62695800
20.70908300
12.86983400
21.16462500
12.04379100
20.81479200
12.41025000
20.63383300
13.07600000
21.15720900
12.05425000
20.77366600
12.76558400
20.88466600
12.35275000
21.01891700
12.41500000
21.01029200
12.32516600
20.87233400
12.37629100
21.20383400
12.28595800
21.00358300
12.26120900
21.12716600
12.30150000
21.11812500
12.14975000
21.80941700
11.74362500
21.87383300
11.29666700
21.55137500
11.99887500
21.50850000
11.62504200
20.90404100
12.69525000
20.92566700
12.44100000
21.10595800
12.21812500
20.80983400
12.37883300
21.01837500
12.54987500
21.02962500
12.25341700
21.03766600
12.33066700
21.13650000
12.22912500
20.98612500
12.38933300
20.94437500
12.48908400
20.83179100
12.44320900
20.92420800
12.51420800
20.95720900
12.44320800
20.95116700
12.34383300
21.06283300
12.34004200
21.04679200
12.40783300
20.87225000
12.38975000
21.19091700
12.11716600
21.10354200
12.28325000
20.96991700
12.51029100
21.00295900
12.42991600
20.99770900
12.23379100
20.99841700
12.38004200
20.95770800
12.48200000
21.01750000
12.24287500
20.93487500
12.54912500
20.96129200
12.36183300
21.03508300
12.46854200
20.83233300
12.44279200
20.77133300
12.56845900
21.00154100
12.53679200
20.80604200
12.48495800
20.93741700
12.39712500
20.62975000
12.77254100
20.76520900
12.32941600
20.68387500
12.99887500
20.77420900
12.42875000
20.69208300
12.66820800
20.81987500
12.57462500
20.73104200
12.62291700
20.92225000
12.45258300
20.85362500
12.41462500
20.86083300
12.50112500
21.01020900
12.33104100
21.26533400
12.10412500
21.07291600
12.13645900
20.92837500
12.70966600
21.12220900
12.08183300
21.09604200
12.22545800
20.76116700
12.84729100
20.99808400
12.28620800
20.95883300
12.23987500
20.87991700
12.52691700
20.87195800
12.46229200
21.35350000
12.14812500
21.18241600
12.19912500
20.73112500
12.47883400
20.83887500
12.56208300
22.60045800
20.73725000
6.51500000
20.83745900
12.86204100
20.87641700
12.36825000
20.84475000
12.52091700
20.85720800
12.47925000
20.80808300
12.76591700
20.84075000
12.49308300
20.77187500
12.42500000
21.00454200
12.45033300
21.14358400
12.29354100
20.56675000
12.58137500
20.85704200
12.51058300
21.94283400
11.42416600
20.86245900
12.69170800
20.96091700
12.31091600
20.96391700
12.46687500
21.04520800
12.17166700
21.24016700
12.20933300
21.64920800
11.87958400
21.04558300
12.49016700
21.99187500
12.74291600
29.63804200
6.35858300
22.14020900
6.63204100
19.70354200
14.02400000
20.57912500
12.73570800
20.78220900
12.83200000
21.36075000
11.99054100
21.06825000
12.08766700
22.00591700
11.23733300
20.36908300
13.34595900
20.60566600
12.67083400
20.51616600
12.65800000
20.47204200
12.99091700
20.12404100
13.26183400
20.40770800
13.15045800
20.93766700
12.79075000
24.20583300
8.68058400
21.91429100
11.46475000
22.88425000
10.57337500
20.85745900
12.49658300
20.30041700
13.03341600
19.76575000
13.67825000
19.59104200
13.64775000
19.12820800
14.58158400
20.04870800
13.05562500
19.69087500
13.76304200
20.43995800
12.86275000
20.47466700
12.67925000
20.09400000
13.55520800
21.38762500
11.69279200
20.96679100
12.64262500
20.19983400
13.04600000
20.59995800
12.99025000
20.39112500
12.83608300
21.42670900
11.94037500
20.42812500
12.75766600
20.41220900
12.99575000
20.24770800
13.13745800
20.43445900
12.93233300
20.43675000
12.87587500
21.15841700
12.13920800
21.12208300
12.29216700
20.71537500
12.68750000
20.57975000
12.85475000
20.55516700
13.00820800
20.42912500
12.66954200
20.44991600
12.89862500
21.09387500
12.21829200
21.20754200
12.17300000
20.99579100
12.39845900
20.90754100
12.43295900
20.68741600
12.65629200
20.93720800
12.33412500
21.01454200
12.56012500
20.31525000
13.04387500
21.21358300
12.04404200
21.16087500
12.24879200
21.41883300
11.64641700
21.12050000
12.41775000
21.07579100
12.19558400
21.00108300
12.53091700
20.83379100
12.61125000
20.64054200
12.71691700
20.77212500
12.50041600
20.76533400
12.54383300
20.67470800
12.88458400
20.58204100
12.66754200
20.55283300
12.82191700
19.97958300
13.70087500
20.87912500
12.24037500
20.35991700
13.45562500
20.82858300
12.14491700
21.76458300
12.01525000
22.60429200
10.50712500
21.52929200
11.80145800
21.52520800
11.92016700
22.75470800
10.66537500
23.77945900
9.43595800
22.95679200
10.57858300
22.07358300
11.07500000
21.13479200
12.73075000
21.55516700
11.15204100
20.31091700
13.08891700
20.41962500
13.01675000
20.58633300
12.76804200
20.57216600
12.75591700
21.09745800
12.41958400
20.68625000
12.53775000
20.65054100
12.59375000
20.73095900
12.80179100
20.38941700
12.74866700
20.25733300
13.15608300
20.07745900
13.49720800
20.39000000
12.92833300
20.38808400
12.99716600
20.35541700
12.93270800
20.89162500
12.39116700
20.95816700
12.72612500
21.29425000
11.91020800
20.78179200
12.50058300
20.36604200
13.10254100
19.90387500
13.42454200
20.39945800
12.93887500
20.20445900
13.25020800
20.30000000
13.01250000
20.22820800
13.32762500
20.08950000
13.24016700
20.53362500
12.85295800
20.63187500
12.65737500
20.43425000
12.98087500
19.63383400
13.63041600
20.06587500
13.38879200
19.84662500
13.52337500
19.74675000
13.57883300
19.72483400
13.61087500
19.81945800
13.51637500
19.90366700
13.48254100
20.38425000
13.19604200
20.18004200
13.13187500
19.85462500
13.52254100
19.80766700
13.41754200
20.25891600
13.01945900
20.19587500
13.20875000
20.36354100
12.99041700
20.06929200
13.16912500
20.01875000
13.34633300
20.43879200
12.94937500
20.74141600
12.55220900
20.65316600
13.07754200
19.88908300
13.13987500
20.36533400
13.16558300
20.29708300
12.97304200
20.46258300
12.90200000
20.97141700
12.62191700
21.73154100
11.58154200
22.40587500
10.79637500
21.27541700
12.14558300
21.07050000
12.18245800
21.12050000
12.11550000
20.71137500
12.80454200
21.01070800
12.30429200
20.81345800
12.62020900
20.38854100
13.03566700
20.59820800
12.73325000
20.33595900
13.08441600
19.95920900
13.51562500
19.93462500
13.52850000
20.49012500
12.81416600
19.89608400
13.64095800
21.09695800
11.99391700
20.56537500
12.84720800
20.37054200
12.68900000
20.23233300
13.52258400
20.21662500
13.00320800
20.27895800
13.10020900
20.41995800
12.94937500
20.16775000
13.33358300
20.35641700
12.81833300
20.40237500
13.10187500
20.39937500
12.90987500
20.06279200
13.18779200
20.57766600
12.82004200
20.26308300
13.33008400
20.41062500
12.77133300
20.43437500
12.93579200
20.59012500
12.78320800
20.66870800
12.72308400
20.67791600
12.79475000
20.08225000
13.17741700
20.36237500
13.21820800
20.39354200
12.86166700
20.44154100
12.83466700
20.35845800
13.11429200
20.51045800
12.71520900
20.65308300
13.18870800
21.51466700
11.28075000
20.38620800
12.98033400
20.18129100
13.35816700
20.62945800
12.78933400
20.21650000
12.92825000
20.34650000
13.18095800
20.52595800
12.79075000
20.43462500
12.90533400
20.76987500
12.65466600
20.69854200
12.58291700
20.43470800
12.90712500
21.20216700
12.34395800
20.94387500
12.43945800
20.80533400
12.42208300
20.47350000
12.86725000
20.25033300
13.06975000
20.49800000
12.82941700
20.36304200
12.89795800
20.36045800
13.02000000
20.25120900
13.14775000
20.73958300
12.75870800
20.77116700
12.48900000
20.79741700
12.84012500
20.24875000
13.15137500
20.30475000
13.11062500
20.22408300
13.12091700
20.34495800
12.87487500
20.13350000
13.41912500
20.40170800
12.91329200
20.14325000
13.21591700
20.55062500
12.70441600
20.01550000
13.39420900
20.32958300
12.96895800
20.61937500
12.94554200
20.37204200
12.91500000
20.23454100
12.97845900
20.53491600
13.02620900
20.59370800
12.64045800
20.17091700
13.07666700
20.47470800
12.92045800
21.09891700
12.24112500
21.23558300
12.12154200
21.25287500
12.12833300
21.00658400
12.37283300
20.91175000
12.46483300
21.14116700
12.16616700
21.32883300
12.07429200
20.82820800
12.47904200
21.34658300
12.10045800
21.09791700
12.34625000
21.43620800
11.68854200
21.20816700
12.34091600
21.37637500
11.89383400
21.25325000
12.13470800
21.10595800
12.29225000
20.99295900
12.61895800
20.55687500
12.77233300
20.00187500
13.34775000
20.20783400
13.18429100
19.96845900
13.59370800
20.04433300
12.93087500
19.89387500
13.74904200
20.13791700
13.25941600
20.12445900
12.98287500
20.24195800
13.31133300
20.11433400
13.35850000
20.18808300
13.02066700
20.13833300
13.09391700
20.25791600
13.26254200
20.05150000
13.23420800
20.15400000
13.16179200
20.18295800
13.41475000
20.34395900
12.94187500
20.39195800
13.07395800
20.14645900
12.97108300
20.28508300
13.25654200
20.20645800
13.13133400
20.29270800
13.15650000
20.66104200
12.60420800
20.26612500
13.06787500
20.46037500
12.95308300
20.53050000
12.92137500
20.37229200
13.09050000
20.04675000
13.24162500
20.30625000
13.05766700
20.41570800
12.84370800
20.54670900
12.99675000
20.41704100
12.73495900
20.48912500
12.95950000
20.60608300
12.64362500
20.45962500
12.90495800
19.78220900
13.49537500
20.60541600
12.99066700
20.32237500
13.00345800
19.83308400
13.55533300
20.12929200
13.21450000
20.03775000
13.04854100
19.97500000
13.64208400
20.15708300
13.12845800
21.24045900
12.21341600
20.72641700
12.68945800
20.78316700
12.32454200
20.36787500
12.98770800
20.41775000
12.78458300
20.33883400
13.22350000
20.51391600
12.86487500
20.41708400
12.85195800
20.00162500
13.37137500
20.65362500
12.80316700
20.31529100
13.04445900
20.35208300
12.99266700
20.47700000
12.97395800
20.52329200
12.77937500
20.58229100
12.77295900
20.85675000
12.48070800
21.05329200
12.24845800
21.05662500
12.36725000
21.16791700
12.36695800
20.97641700
12.28183300
21.11666700
12.10283300
20.40608300
12.90370900
20.56725000
13.16429100
21.00862500
12.09008400
20.73083300
12.57341700
21.14941600
12.27250000
20.98912500
12.34904200
20.99783300
12.43579200
21.31725000
12.08829200
20.88354100
12.42458400
21.00133300
12.47208300
21.19483400
12.14391600
21.23183400
11.97645800
20.84612500
12.86350000
20.67983300
12.66208400
20.61883300
12.73487500
20.28404200
12.79645800
20.45750000
13.16225000
20.67320800
12.50487500
21.04854200
12.30154200
21.16370800
12.19525000
21.03850000
12.27008300
20.64600000
12.74995900
20.66408300
12.78004200
20.83179100
12.64504200
21.50383300
11.62725000
21.43600000
12.11758400
21.01516600
12.38029200
20.93075000
12.22145800
21.74662500
11.72250000
21.05779200
12.35812500
21.51270800
11.71125000
20.94025000
12.46008400
21.05495800
12.53083300
20.95125000
12.44770900
19.85370800
13.42054200
19.80820800
13.54383300
19.55016700
14.00320800
19.61029200
13.55395800
19.90808400
13.58408300
20.03412500
13.42120800
19.73016700
13.57183300
19.89612500
13.45416700
20.05162500
13.30341700
19.82291600
13.45733400
20.07870800
13.43800000
20.12925000
13.16729200
19.96254100
13.36100000
20.08970900
13.38320800
20.27166700
12.95533300
20.34937500
13.22791700
19.76679100
13.68225000
20.33458400
12.89420800
19.95595800
13.15987500
19.77250000
13.89604200
19.88004200
13.28475000
19.98341600
13.50929200
20.15470800
13.31641700
20.14162500
13.05520800
20.17316700
13.26095800
20.12666700
13.20500000
20.11950000
13.25695800
19.98766700
13.21008300
19.87554200
13.75787500
20.10558300
12.91604200
19.89554200
13.74083300
19.94200000
13.29037500
20.79770800
12.78462500
21.06687500
12.23458400
20.56825000
12.58045800
20.42291700
13.07575000
20.03187500
13.49658300
20.07425000
13.01212500
20.39608300
13.24591700
20.12779200
13.21570800
20.02983300
13.05637500
20.37545900
13.30287500
20.11333300
13.14291700
19.94687500
13.26520800
20.34062500
13.10695800
20.61762500
12.73412500
20.69900000
12.57791700
20.69641700
12.98054100
20.56887500
12.52737500
20.49562500
12.76712500
20.90170900
12.66562500
20.72483300
12.72850000
20.81516700
12.50950000
20.70754100
12.53270900
20.83245800
12.50983300
21.12962500
12.17829200
21.10133300
12.29504200
21.00316700
12.50437500
20.91275000
12.52154100
20.91608400
12.30462500
21.19370800
12.23495800
21.02995900
12.25037500
20.65420800
14.08441700
26.25041600
7.47641700
24.96200000
7.70062500
23.90966700
9.93995800
23.61025000
8.81175000
23.49083300
9.69304200
21.67120800
11.32816700
21.72404200
12.03875000
20.78420800
12.37237500
20.72929200
12.85754100
22.33391700
10.86658300
20.35858400
12.87512500
20.33816600
13.74283400
20.93704100
11.64133400
20.24254100
13.26870900
20.43579100
13.43512500
20.19541700
12.81637500
20.37250000
13.28333300
21.19029200
11.80850000
19.87770800
13.42550000
19.92650000
13.71608400
20.29741600
13.22737500
20.80787500
12.04891700
20.97979200
12.74837500
20.37370800
12.99416700
20.03583300
13.57579200
21.19470800
12.23320800
21.12054200
11.55462500
20.72733300
12.94166700
21.35941700
11.48458300
21.25804200
12.29562500
20.90916600
12.46679200
20.67941700
12.68870800
21.07766700
12.38879100
20.74829200
12.77204200
20.99616600
12.07025000
20.31991700
13.03750000
20.42937500
12.80825000
21.10916700
12.60183300
21.27325000
12.20245800
20.61070900
12.47787500
20.54270800
12.79779200
20.39320800
12.95345800
20.14633400
13.12750000
20.03666600
13.49450000
20.57691700
12.75000000
20.58279200
12.76045800
20.55062500
12.72983300
20.81987500
12.59800000
20.62029200
12.82933300
20.53970900
12.68520800
20.58233300
12.97787500
20.68433400
12.55916600
20.54520900
12.82087500
20.22533300
13.19175000
20.20241700
13.22454100
19.98875000
13.77487500
21.20112500
11.91266700
20.39491700
13.11812500
20.32108300
12.84862500
20.70825000
12.79233300
20.51520900
12.81700000
20.29058300
12.77637500
20.43254200
13.21583300
20.19891700
13.18241600
20.21795900
12.89308300
20.35275000
13.12604200
19.77312500
13.91525000
19.97820800
13.18545800
19.93208400
13.25316600
20.31304200
13.16841700
20.11604100
13.18116700
20.04845800
13.50504200
20.30204200
12.89525000
20.34200000
13.11833300
20.06195800
12.85883400
20.39104100
13.06870900
20.49145800
12.87179200
20.68429100
12.69558400
20.62570800
12.91804200
20.72279100
12.78050000
20.54750000
12.52641700
20.56658300
13.06620900
20.69391600
12.45300000
20.72625000
12.61675000
20.25833400
12.94341600
20.68812500
12.81095900
20.76275000
12.83750000
20.93600000
12.41408300
20.73229200
12.35112500
22.56358300
20.52670800
6.86841700
20.58675000
13.02979200
20.60387500
12.83412500
20.53925000
12.84995800
19.85954200
13.41316600
20.33229200
13.12512500
20.11275000
13.27245800
20.19420900
13.10579100
20.14754200
13.27554200
20.18629100
12.95108400
20.03216600
13.53937500
19.76758400
13.68016600
19.94437500
13.37237500
20.28204200
13.08145800
20.69604200
12.62645800
20.77620900
12.75429100
19.95483400
13.42712500
19.62412500
13.50429100
19.83591700
13.63170800
19.86841700
13.55916700
19.47241600
13.87483400
19.79062500
13.57979100
19.50270900
13.95329100
19.43045900
13.87650000
19.98741600
13.45045900
19.62070800
13.83966700
19.69758300
13.51912500
19.78662500
13.67050000
19.88683300
13.54583400
19.41429100
13.72441700
19.58241700
13.96216600
19.05037500
14.30583400
19.20416600
14.17079200
19.07854200
14.31308300
19.09116700
14.13854100
18.96312500
14.67312500
19.30841700
13.78212500
18.89075000
14.65408300
19.13233400
14.22404100
19.06025000
14.08879200
19.23720800
14.21033400
19.25745800
14.07966700
19.12012500
14.10825000
19.39208300
14.11870800
19.23462500
14.38250000
18.84325000
14.31654200
19.03350000
14.47304200
18.92766600
14.44154200
18.94529200
14.28362500
18.92900000
14.59591600
18.76983400
14.59595800
18.65916700
14.53145800
19.24275000
14.66412500
19.27020800
13.77395900
19.08975000
14.03762500
19.47329100
14.02075000
19.17479200
14.11133300
19.59012500
13.67058400
20.29762500
12.84108300
20.55645800
13.23012500
20.06470900
13.23212500
20.39245800
12.91029200
19.02908300
14.35370800
21.23379200
12.10179200
20.17087500
13.12808300
19.79079200
13.52787500
19.58791600
13.99383400
19.17329100
14.10508400
19.85000000
13.67158300
19.34541700
13.68187500
19.21862500
14.21412500
18.66816600
14.91529200
18.18033300
15.26775000
18.03970900
15.08437500
18.04733300
15.61237500
18.26241700
15.27562500
17.47308300
15.79233300
17.16379200
16.11691700
18.36458300
16.06779200
17.70891600
14.11512500
19.68975000
13.80962500
20.30900000
13.10420900
20.13141600
12.95816700
20.52025000
12.96483300
20.52850000
12.97958400
21.03958300
12.29729200
20.45045800
13.01825000
20.64045800
12.59037500
21.23254200
12.17637500
20.74820800
12.77608400
21.08754100
12.17691700
20.63370800
12.78179200
20.86641700
13.06533300
23.61337500
9.53650000
23.65725000
13.16445800
22.71562500
9.00866700
119.76941700
7.32175000
21.43791600
6.65033400
20.71333300
6.53316700
21.48754100
6.56220900
22.42645800
7.83441700
21.93770800
6.83695800
21.20537500
6.52058400
21.25500000
6.29812500
21.24554100
6.29912500
20.52412500
6.44966700
20.96875000
6.57045800
20.37575000
6.50600000
21.05775000
6.49575000
20.52337500
6.35712500
20.33250000
6.42175000
20.32404200
6.48037500
20.57266700
9.49175000
20.03587500
13.31045800
20.42995800
13.08445900
20.49320800
13.06800000
20.23012500
13.09200000
20.34083300
12.92958400
20.34325000
13.09079100
19.24750000
13.98637500
19.33579200
14.02525000
19.30670800
14.10391700
19.48050000
14.02383300
19.25979200
13.89333300
19.71504200
13.88100000
19.57608300
13.56766700
19.69308300
13.66058400
19.82500000
13.62012500
19.78337500
13.49050000
19.88729100
13.44608400
19.76458300
13.72191700
19.97691600
13.43250000
19.70854200
13.31520800
20.06387500
13.66212500
20.34941700
12.94325000
19.95858300
13.50429200
19.89070800
13.52558400
19.72983300
13.63583300
20.26287500
13.16150000
19.24395900
14.11083300
19.70679200
13.67512500
20.57770800
12.51858300
20.76633400
12.79429100
20.68641700
12.56820800
20.94579200
12.35041700
20.26079100
13.15179200
20.95066700
12.44883300
20.53566700
13.22079100
20.59179200
12.41191700
22.14666600
11.34825000
21.36829200
12.00100000
22.05758300
11.15929200
20.27133300
12.98879200
20.34762500
13.37912500
20.34704200
12.64812500
20.90837500
12.58812500
21.02870800
12.25700000
20.96704200
12.29812500
20.76233300
12.85008300
20.48133400
12.72141600
21.10687500
12.25537500
21.40750000
11.98341700
20.42183300
13.13916700
21.40475000
12.17291700
20.83637500
12.80166600
21.71858400
11.49508300
21.25725000
11.83870800
20.57454200
12.88329200
20.47583300
12.81858300
20.58129200
12.86308300
20.47475000
12.90887500
20.75041700
12.62600000
20.52262500
12.85029200
20.49300000
12.63358300
20.58483300
12.96195900
20.64283300
12.75516700
20.59650000
12.65700000
20.82433300
12.72875000
20.39954200
12.86287500
20.49816600
12.75962500
20.61383400
12.85812500
20.71045800
12.68854200
20.35937500
12.96212500
20.56312500
13.00304100
20.44666700
12.86633300
20.42187500
13.69220900
19.55195800
13.02550000
20.86920800
12.40454200
20.49283300
12.75033400
20.68333300
12.44375000
20.02345800
13.57625000
19.90954200
13.36775000
20.02054200
13.39350000
19.70962500
13.73320800
19.63850000
13.73837500
19.80212500
13.40437500
19.97366700
13.53120800
19.80358300
13.33787500
19.68925000
13.79058400
19.76812500
13.68970800
19.84091700
13.45133300
20.12304200
13.27525000
20.23995800
12.99216700
20.53975000
12.99487500
20.04966600
13.08254200
20.28708300
13.21829200
20.19041700
13.25570800
20.04541700
13.17537500
20.48979100
13.06600000
20.16233400
13.02016600
19.82425000
13.65054200
19.93266700
13.33670800
20.11295800
13.43808400
19.95587500
13.00179100
20.75129200
12.56016700
20.91383300
12.59608300
21.14195900
12.08825000
20.95520800
12.59658300
21.35975000
12.13408400
20.70775000
12.61741600
21.01258400
12.29654100
21.01133400
12.19658300
20.77408300
12.64062500
20.57625000
13.00216700
21.38441700
11.88441600
21.49058400
12.01700000
21.39666600
11.74550000
21.23608400
12.04495800
21.00520800
12.57391700
21.16841700
12.03633300
21.09654200
12.31712500
21.03958300
12.30575000
21.06775000
12.34700000
20.98025000
12.21391700
20.84733300
12.63016700
21.72495800
11.65166700
21.92529100
11.74883400
19.81950000
13.61350000
19.37212500
13.77533300
19.60245800
13.95204200
19.60854200
13.77229100
19.59187500
13.62087500
19.75295900
13.55112500
19.52950000
13.97704100
19.74479200
13.80662500
19.49866700
13.73504100
19.23095900
14.20504100
19.58383400
13.64670800
20.09041700
13.58166600
20.35462500
12.59704200
19.40529200
14.13370800
19.64670800
13.78241700
19.80287500
13.49804200
19.59554100
13.70379200
19.27525000
14.03483300
20.53366700
12.98041700
20.29704100
12.99179200
19.54183300
13.91541700
19.57691700
13.54662500
21.20416600
12.06416700
21.02966700
12.51333300
20.92645800
12.23337500
21.19187500
12.24470900
21.35908300
12.06841700
21.00687500
12.33700000
20.84508300
12.61691700
20.97562500
12.33225000
21.15904100
12.31616700
21.77200000
11.43029200
21.10545800
12.43745800
21.14775000
12.12691700
20.91550000
12.56416700
20.77250000
12.54170800
20.72437500
12.46954200
20.57195800
12.73091700
20.91179100
12.60891700
20.69900000
12.54858300
20.88250000
12.56162500
20.93708400
12.51700000
21.06287500
12.18545800
20.94750000
12.43554200
21.13162500
12.33316600
20.83191700
12.20445800
20.97112500
12.62991700
21.16583300
12.12020900
21.05883300
12.49516700
21.07654100
12.32937500
21.11725000
12.06191700
21.19250000
12.23416700
21.26108300
12.01941700
20.92720800
12.61300000
20.97995800
12.28462500
21.10891700
12.28920800
21.02345900
12.30837500
20.35812500
12.89637500
21.81333300
11.60558300
21.93487500
11.84679200
21.93433300
11.10175000
21.24804200
12.26291700
21.29904100
12.50970900
17.62375000
15.90041600
17.50920900
15.69566600
17.53900000
15.79591700
17.69183300
15.84716700
17.37133300
15.84279200
17.62000000
16.12950000
17.72816700
15.68125000
17.93729100
15.01925000
17.95037500
15.48545900
18.13020800
15.31095800
17.84395900
15.39670800
18.21316700
15.25358300
17.84895800
15.57504200
17.81566700
15.19750000
17.91412500
15.64345800
17.81762500
15.63566700
17.86129100
15.34104200
18.01170800
15.57416700
17.93579200
15.35891600
17.78195900
15.45729100
18.02020900
15.54000000
17.97933300
15.32304200
17.79287500
15.80862500
18.78662500
14.43595800
17.92570800
15.38412500
17.57962500
15.65379200
17.54525000
15.89604200
17.55904100
15.42466700
19.63145800
13.63579200
20.26395800
13.10754200
20.52595800
12.86487500
20.75104200
12.55700000
20.98175000
12.37795800
20.66437500
12.60154200
20.87262500
12.55679200
21.01029100
12.32633400
21.50391600
11.83325000
21.20745900
12.18241600
20.95754200
12.39637500
21.24008300
11.96637500
20.45308400
13.05775000
20.75125000
12.70012500
21.07141600
12.18095900
21.08941600
12.31841700
21.14895800
12.21012500
21.37587500
12.10825000
21.38862500
11.89441700
21.20270800
12.17812500
21.01195900
12.62295800
21.12458300
12.10229200
20.84412500
12.52391700
20.96750000
12.44370800
20.35633300
12.94800000
20.15841700
13.15154200
19.52708300
13.94837500
20.15479200
13.38300000
19.52391600
13.72520900
19.34187500
13.88416600
19.00725000
14.49062500
19.23170900
13.96379100
19.16095900
14.16583300
19.07083300
14.38795900
19.07537500
14.47891600
18.96004200
14.40916700
18.81225000
14.59595800
18.85279200
14.26929100
18.59866700
14.75104200
18.91029100
14.58066700
18.61529200
14.71875000
18.59766600
14.80966700
18.64650000
14.93658300
18.44225000
14.73004200
18.31320800
15.06941700
18.47816700
14.94629100
18.39100000
14.96470900
18.42570800
14.99762500
18.37112500
14.88379200
18.49025000
14.75091600
18.34208400
14.96033300
18.68983300
14.68141700
18.74045800
14.40933400
18.95212500
14.55758300
18.84495800
14.71841700
19.06054200
14.19908300
18.93416700
14.51983300
19.50245800
13.69791700
19.43708300
14.03233400
19.30020800
14.01933300
19.45391700
13.99862500
19.55970800
13.92525000
19.32237500
13.95491700
19.08012500
14.24558300
19.37750000
13.92912500
19.96379200
13.62200000
18.88100000
14.40104200
19.57045800
13.77012500
19.34345800
14.16925000
19.26033400
13.91591600
19.30700000
14.30033400
19.08820800
14.12354200
18.38300000
14.81508300
19.00212500
14.58554200
19.41525000
13.90054100
18.96183400
14.41512500
19.28079100
14.05408400
19.09075000
14.27529100
19.23491700
14.29700000
18.73795800
14.42487500
18.97395900
14.54883300
18.71912500
14.32995800
19.22208400
14.54900000
19.65037500
13.67575000
19.45704100
13.51408400
18.78466600
14.66691700
18.78312500
14.94212500
19.00470800
14.30404200
18.97912500
14.05716700
19.35041600
14.14520900
18.97754100
14.52941700
18.71433300
14.68550000
18.93358400
14.14620800
19.49091700
14.12945800
19.66795800
13.69879200
19.87350000
13.67191700
20.12470800
13.39550000
21.78804200
11.32500000
21.42075000
11.74829100
20.42341700
13.19137500
21.76129200
11.70779100
23.27795900
10.14712500
22.27587500
11.31983300
20.26716700
12.52129100
19.87279200
13.45633300
19.95237500
13.55908400
19.48408300
13.84945800
19.05216700
14.27241700
18.54908300
14.67683300
19.12512500
14.30887500
18.51204200
14.61529200
19.38033300
14.21850000
19.24337500
14.15929200
19.66866600
13.35254200
19.94600000
13.70887500
19.85750000
13.50466700
19.75016600
13.67633400
20.14866600
13.31087500
20.27245900
11.87245800
23.55216700
10.61300000
21.56350000
11.79479100
21.80050000
11.51766700
20.86737500
12.62366700
20.96579100
12.43662500
20.86741700
12.35262500
20.96137500
12.43762500
21.14645800
12.24275000
21.06533400
12.22362500
21.01900000
12.34550000
20.59716600
12.94458400
21.10812500
12.04400000
21.43687500
11.90504100
21.03262500
12.29450000
21.22412500
12.19291700
21.19166700
12.04045800
20.81137500
12.50900000
21.29491700
12.22733300
21.11125000
12.21075000
21.17358300
12.05904200
21.40062500
12.02745800
21.50391700
11.84779200
21.50691600
11.85762500
21.75650000
11.58829200
21.54995800
11.76554200
21.77729200
11.45570800
21.54079200
11.94741600
21.25020900
12.06545800
21.20979200
12.16620800
21.73912500
11.59391700
21.76237500
11.67175000
21.77166600
11.35916700
21.84433300
11.64937500
21.91162500
11.48679200
21.71112500
11.74483300
22.88045900
10.26679100
21.42779200
11.84283300
21.82887500
11.93820900
22.44504100
10.64350000
22.68158400
10.79666600
21.99683400
11.07229100
21.92650000
11.45004200
22.08475000
11.34391700
22.18225000
11.13725000
22.06962500
11.21970800
22.66458300
10.88512500
22.84270900
10.30150000
21.87545800
11.44354200
21.93070800
21.53254200
6.46591600
16.87016700
22.79362500
10.48658300
21.84891700
11.67725000
23.13616700
22.53645800
5.47420800
22.12837500
9.97808400
22.03000000
11.22487500
22.08212500
11.40216600
21.86525000
11.51037500
22.32387500
10.94716700
22.17066700
11.25366600
22.27870900
11.02537500
22.09975000
11.23891600
22.31112500
11.09816700
22.20837500
11.14416700
22.25512500
11.09266600
21.87412500
11.52520900
23.28570800
10.25733300
24.61429200
8.72487500
27.45937500
5.73858300
22.83970900
10.54183300
21.85450000
11.47041700
21.98870800
11.39150000
22.34483300
11.02554200
22.06962500
11.32133300
21.91316700
11.42275000
21.88654200
11.48741600
21.64962500
11.70054200
21.69495800
11.67954200
22.02475000
11.33620800
22.19650000
11.17516700
21.77962500
11.58554200
21.95391600
11.41537500
21.95425000
11.43454200
21.94625000
11.42683300
21.93158400
11.41850000
21.92004100
11.43608400
21.92625000
11.47691600
21.43595900
11.91462500
21.54645800
11.78691700
21.80045800
11.59333300
21.60916700
11.73820800
21.84479200
11.52016700
21.89291600
11.50104200
21.67504200
11.67337500
21.78379100
11.59408400
21.88929100
11.47583400
21.85879100
11.47975000
21.58987500
11.78708400
21.90408300
11.49433300
21.49408400
11.83212500
21.84479100
11.54504200
21.90825000
11.44362500
21.82745800
11.54395900
21.85266600
11.50129200
21.77191700
11.61591600
21.75720900
11.61104100
21.63212500
11.74175000
21.78016700
11.57362500
21.65400000
11.71937500
21.70662500
11.63675000
21.86725000
11.50925000
21.78870800
11.57425000
21.74779200
11.61575000
21.46016700
11.90345800
21.86225000
11.50720800
21.74679200
11.62116700
21.83479100
11.58558400
21.34704100
11.98429200
21.87354200
11.50308300
21.73316700
11.62787500
21.91195800
11.45012500
21.66337500
11.69208300
21.75870900
11.61666600
22.29400000
11.08229200
21.47054200
11.87900000
21.73870800
11.62995800
21.58275000
11.78062500
21.70962500
11.65579200
21.76595800
11.59262500
21.92625000
11.43579200
21.93887500
11.44516700
21.78316600
11.56608400
21.55516600
11.83191700
21.64745800
11.71333400
21.71266600
11.65320900
22.93925000
11.38558300
20.40320800
13.06466700
21.01279200
12.38795800
21.11425000
12.16691700
20.99012500
12.94637500
21.62920800
11.18858300
21.41487500
12.24558400
21.26833300
11.84333300
20.93437500
12.45583400
21.18416600
12.11525000
21.07070900
12.29404100
20.99362500
12.24758400
21.33425000
12.09575000
21.15720800
12.22187500
21.33862500
12.08245800
21.25937500
12.02287500
21.20270900
12.23637500
21.21537500
12.11758300
21.20225000
12.20237500
20.94933300
12.37508400
20.91804100
12.38750000
20.95675000
12.57533400
20.77975000
12.59654100
21.32670900
11.90408300
21.20983300
12.32779200
21.55350000
11.69845800
21.86050000
11.45908400
21.63120800
11.64095800
21.05025000
12.54129200
21.22925000
12.04262500
21.28979200
12.17879100
21.11420900
12.27658300
21.14108300
12.11200000
21.27254200
12.17516700
21.13933300
12.11070800
21.16037500
12.25929200
20.80712500
12.62145800
21.15804200
12.14245800
21.35212500
12.00608400
21.31337500
12.01437500
21.23487500
12.11658300
21.49991700
11.93266600
21.14787500
12.09575000
21.34287500
12.32200000
21.40350000
11.67487500
21.22437500
12.19012500
21.01145900
12.47804100
21.35458400
11.89041600
21.03833400
12.41587500
21.12754100
12.22629200
21.28137500
12.08875000
20.77362500
12.56125000
20.72037500
12.68691700
20.54300000
12.74875000
20.99483300
12.35829200
21.22100000
12.22783300
21.06100000
12.31241700
21.24833300
12.09004200
21.00962500
12.25812500
21.28166600
12.19762500
21.00670900
12.30762500
21.13341600
12.32525000
21.21000000
12.13416700
21.28800000
12.16175000
21.29133300
11.83395900
21.27616600
12.25945900
21.06308300
12.35166700
21.13745800
12.05616700
21.27625000
12.26066600
21.08795900
12.27979100
20.84050000
12.40441700
20.92541700
12.59891600
21.02400000
12.24033400
21.05887500
12.38570800
21.28875000
12.07287500
21.10595800
12.25991700
20.86000000
12.51995800
21.05895900
12.23141600
20.98145900
12.51562500
21.08033300
12.11033300
21.13266700
12.52000000
21.02054200
12.16766600
20.83883400
12.54425000
20.91695800
12.29679200
20.73745800
12.78662500
20.65108300
12.72179200
20.83175000
12.48262500
20.89554200
12.50250000
20.77354100
12.54387500
20.70370900
12.74079100
20.84583400
12.49041600
20.70804200
12.70829200
20.70820800
12.49683300
21.38770900
12.24783300
21.21420800
11.93416700
21.00341700
12.36466600
20.58720900
12.81941600
20.69333400
12.68750000
20.72720800
12.64345800
21.02029200
12.38812500
20.98095800
12.27491700
20.99604200
12.35745800
20.82129200
12.53516600
20.86737500
12.60775000
20.88287500
12.43550000
20.67350000
12.69566700
20.68062500
12.69391700
20.62616600
12.87816700
21.70904200
11.46241600
20.71295900
12.77345800
20.62712500
12.72033300
20.70075000
12.65270900
20.65483300
12.77633300
20.61712500
12.70416700
20.60512500
12.77362500
20.85245800
12.44770900
20.75566600
12.53033400
20.66058300
12.72154200
20.82254100
12.67020900
20.90979100
12.50741700
20.65720800
12.59762500
20.90004200
12.47741700
20.69466600
12.67900000
20.52695900
12.68950000
20.72758300
12.75987500
20.78608300
12.67916700
20.59491700
12.73358300
20.87195800
12.48491700
20.74600000
12.78129200
20.78804100
12.19041700
20.97554200
12.65245800
20.70795800
12.60204200
20.47816700
12.78237500
20.67041600
12.93433400
20.86554100
12.30125000
20.66554200
12.84720800
20.74679200
12.58291700
20.45766600
12.84133400
20.29166600
12.44470900
16.22812500
16.76112500
16.64475000
16.72650000
16.60066600
16.68633400
16.74891600
16.70450000
16.58158400
16.69300000
16.84579100
16.78537500
16.45183400
16.88925000
16.47483300
16.69370800
16.80504200
16.56075000
16.66787500
16.88908300
16.57691700
16.58795800
16.96445900
16.52958300
16.65866700
16.77529100
16.48279200
16.83762500
16.76154200
16.63595800
16.49316700
17.00133300
16.47845800
16.59608400
16.76337500
16.74333300
16.65704200
16.80779100
16.44308400
16.73029100
16.86116700
16.52441700
16.84333300
17.14504200
16.67033300
18.00995800
16.31829200
15.93800000
16.95987500
16.64425000
16.01629200
16.39970800
16.87854200
16.63312500
17.09079100
16.29695900
16.69929100
16.85937500
16.61591700
16.46408300
16.78258400
16.48320800
16.78641700
16.70262500
16.56966600
16.71562500
16.74983400
16.58595800
16.53254200
16.81975000
16.60729100
16.61995900
16.85016600
16.55966700
16.61654200
17.21000000
16.41391600
16.64716700
16.97100000
16.32091700
16.63520800
16.69908300
16.74266700
16.77879200
16.79029100
16.46795900
16.54025000
16.81337500
16.66050000
16.70104100
16.56704200
16.83012500
16.80125000
16.55262500
16.65937500
16.54312500
16.89091700
16.58145800
16.63550000
16.79125000
16.65687500
16.62295800
16.76329200
16.53900000
16.68416700
16.66466600
16.93320900
16.55187500
16.69587500
16.76854100
16.59850000
16.75854200
16.63912500
16.71562500
16.52850000
17.09637500
16.78491700
16.37916600
16.95695900
16.73941600
16.60100000
16.73195900
16.79475000
16.58116600
16.85187500
17.27645900
15.60945800
16.58579200
17.04454100
16.37779200
16.90358300
16.86287500
16.38066700
17.08641700
16.40733300
16.49291700
16.69145800
17.25158300
16.29812500
16.54562500
16.76425000
17.60429200
16.00479200
16.50337500
16.50366600
16.76500000
16.79095900
16.61420800
16.70033300
16.67825000
16.42966700
17.09750000
16.44341700
16.57437500
16.94595800
16.74129200
16.70920800
16.62725000
16.45070800
16.66354200
16.51150000
16.70566700
16.90829100
16.80754200
16.45887500
16.80333300
16.74300000
16.55808400
16.71812500
16.76420800
16.38433300
16.71508400
16.80954100
16.90112500
16.69387500
16.64262500
16.43408400
16.90200000
16.98383300
16.24370800
16.58975000
16.89345900
16.67175000
16.46254100
16.97729200
16.39762500
18.56937500
14.95970800
16.76820900
16.57412500
16.80962500
16.51575000
16.71695800
17.18591700
16.18987500
16.64091600
16.82470900
16.58712500
16.63900000
17.34375000
15.97704100
16.84562500
16.41679200
17.31275000
16.42216700
16.83654100
18.20595900
15.72058300
16.99550000
16.32837500
16.38820800
16.34529200
16.89737500
16.55575000
16.79825000
16.47270800
16.86404200
16.62850000
16.29408300
16.76829200
16.60195800
16.71966700
16.77804200
16.52795800
16.65933300
16.85691700
16.64329200
16.72158300
16.50254200
16.63416600
16.78545900
16.66079100
16.65550000
16.62037500
17.01033400
16.27900000
16.79387500
16.97237500
16.54070800
16.66412500
16.73312500
16.36029200
16.66866600
16.89666700
16.55050000
16.68595800
16.77666700
16.71870800
16.63020900
16.84175000
16.40408300
16.71245800
16.73295900
16.65762500
16.66016600
16.90275000
16.49116700
16.59583300
16.84050000
16.53466700
16.74441700
16.74887500
16.56437500
16.68750000
16.67245800
16.76075000
16.67062500
16.62266700
16.76570800
16.77866700
16.53525000
16.75262500
16.85791600
16.48670900
16.74337500
16.77529100
16.55916700
16.65245800
16.72725000
16.62787500
16.64866700
18.03516700
15.39304100
16.61204200
16.99783300
16.35979200
16.73829200
16.74804100
16.82762500
16.45841700
16.71037500
16.82566700
16.51270800
16.87158300
16.62295900
16.71370800
16.69800000
16.56983300
17.42987500
16.92966700
17.02075000
15.88820800
18.08987500
15.66062500
15.93304200
16.75162500
16.51016700
16.75329100
16.82887500
16.58420900
16.66616600
16.76883400
16.54095800
16.80808300
16.82016700
16.36150000
16.78458300
16.53025000
16.82700000
16.51462500
16.85729200
16.55450000
16.83970800
16.69825000
16.48850000
17.00883400
16.50670800
16.49129200
17.09808300
16.30600000
16.73387500
16.70804200
16.73204100
16.51237500
17.00233400
16.46008300
16.67450000
16.81029200
16.41070800
16.94470800
16.84075000
16.40266700
16.79570800
16.76241700
16.63816700
16.55758300
17.03033300
16.53770900
16.57395800
16.90541700
16.45266600
16.67591700
16.84520800
16.61179200
16.69245800
16.71425000
16.62487500
16.90116700
17.62312500
16.17679200
16.21683300
16.75787500
16.62920800
16.75920900
16.48412500
16.66687500
16.64887500
16.72866600
16.47604200
16.87533300
16.73137500
16.54362500
17.07241700
16.26966700
16.70862500
16.78829100
16.40500000
16.86133400
16.68150000
16.43220800
16.65429200
16.88104100
16.54766700
16.61795800
16.83850000
16.60391700
16.67875000
16.87387500
17.94225000
15.31654200
16.79679100
16.48958400
16.68495800
17.92520800
15.56425000
16.51420900
16.89570800
17.91875000
15.30304200
16.80500000
16.47575000
16.70250000
16.96037500
16.59620800
18.81683300
14.62904200
16.59841700
16.72125000
16.80408300
16.43191700
16.65179100
16.69304200
16.84050000
16.56704200
16.69570800
16.77166700
16.74629100
16.72866700
17.50762500
15.79437500
18.02070800
16.10900000
16.32691700
17.09795800
16.27670900
16.71404100
16.72133400
16.44250000
16.73850000
16.45316600
16.64850000
17.00708400
17.21854100
15.90787500
16.70979200
16.58020800
16.66791700
16.95466700
16.44479100
16.51933400
16.78379100
16.72162500
16.48662500
16.75279200
16.57537500
16.74091700
16.77579100
16.55350000
16.64462500
16.95625000
16.78795900
16.74025000
16.19050000
16.96279100
3147.93300000
24.02275000
25.74166700
24.44366700
23.33208300
21.83141700
23.53791600
23.02112500
22.90745900
22.55079100
24.17883400
24.75108300
22.94691700
22.22037500
22.46700000
21.96533300
21.37795800
21.09458400
23.46287500
22.93200000
21.52287500
21.13112500
21.22595800
20.51687500
20.90000000
19.40808300
20.61462500
22.07025000
20.00179200
22.18133300
20.56516700
20.46695800
20.70650000
20.82441700
20.84691700
20.49504100
21.75575000
23.47845900
26.89012500
24.73633300
23.37870800
24.00050000
24.61641700
22.78683300
21.70633400
21.81833300
22.22820800
20.86295900
24.84662500
22.82320800
21.53420800
22.08245900
21.25650000
21.66000000
23.51429100
21.65704200
21.62120800
21.08554200
22.30366700
21.59850000
22.66616600
38.02804200
24.03166700
25.78804100
23.83041700
21.40816700
21.22258300
20.71233300
19.74541700
21.66700000
21.49195800
20.86295900
21.74141600
21.22429200
20.04354200
21.31958300
20.66175000
20.36012500
20.67708300
20.11433400
19.69633300
23.23279200
21.43262500
21.27200000
20.81108300
20.52408300
19.96887500
21.16391700
20.78870800
20.83241700
21.08454200
20.66445800
21.02554200
20.89233300
20.69975000
20.01883300
20.26816700
21.98312500
20.54000000
19.81812500
20.36912500
19.82850000
19.03083300
20.27012500
18.28987500
20.70837500
18.94387500
19.46400000
21.71487500
19.64325000
19.79208400
19.90900000
19.72745800
19.80929200
19.35300000
19.95620800
19.38779200
19.50691600
19.28525000
19.40566700
19.55504200
19.27400000
19.14362500
19.22012500
19.15379100
19.40716700
20.74816700
19.51587500
21.69875000
20.94450000
20.86329100
19.64825000
21.00837500
20.72887500
20.73975000
21.56166700
19.73500000
21.96670800
20.89641700
20.83620800
20.67183400
20.57412500
20.63191600
20.45820900
19.89691600
20.43183400
21.71766600
20.43675000
19.65300000
21.49041700
20.72183300
19.70720900
20.24870800
21.79283300
21.09933400
20.56408300
20.40404200
21.23650000
20.53045800
19.83575000
21.69925000
20.95579200
18.10033300
23.22612500
18.69266700
22.80387500
20.28425000
20.62845800
20.78550000
20.29983300
20.36191700
20.56266700
20.25100000
20.47812500
20.71654100
20.20929200
20.30262500
20.75366700
20.30370800
20.41345800
19.62670900
21.70779100
19.39304200
21.44033300
20.01266700
20.24620800
20.85608400
20.36650000
19.90687500
22.32966600
20.97854200
19.79600000
20.27133300
21.87175000
20.50529200
21.26308300
20.98283400
20.61775000
19.92462500
21.27695800
20.65512500
20.77387500
20.45912500
20.87241700
20.52908300
19.88154200
21.70362500
20.84862500
20.63429100
