20.42462500
12.96004200
20.43575000
12.73012500
20.22679200
13.32891600
20.18066700
13.19783300
20.05445900
13.10845800
20.10841700
13.44366600
19.87808400
13.30325000
19.97616600
13.39050000
19.90479200
13.64862500
19.69558300
13.48429200
19.72854200
13.83262500
19.70729100
13.66008400
19.45183300
13.71962500
20.53341700
12.83345800
19.70504200
13.84854100
19.47316700
13.89408300
19.33900000
14.02654200
19.20987500
13.97283300
18.87595900
14.48850000
19.46558300
14.09825000
18.90091700
14.26825000
18.63508300
14.73170800
18.51041700
14.85600000
18.79583300
14.76487500
19.85954200
13.50583300
19.59679200
13.57720800
19.59866700
13.97033300
19.18300000
14.17437500
18.99462500
14.17904200
19.14908300
14.21754200
19.24237500
14.31104200
19.47370800
13.92900000
19.76012500
13.59104200
19.93745800
13.40862500
19.94704200
13.43770800
20.11054200
13.05137500
20.15433300
13.39270800
20.50912500
12.86454200
20.16325000
13.22033300
20.10425000
13.05808400
19.98362500
13.57216600
19.82933400
13.54716600
19.93683400
13.41316600
20.63416700
12.73662500
20.50679200
12.89412500
20.44712500
12.73500000
20.64358300
12.81283300
20.77858400
12.65879100
20.80350000
12.55575000
20.86225000
12.50025000
20.56516700
12.81691700
20.65104100
12.70975000
20.53050000
12.82845900
20.54050000
12.63916600
20.54170900
13.02070800
20.61775000
12.74250000
20.81462500
12.36279200
20.47241600
12.89708400
20.34704100
13.01687500
20.17858400
13.38441600
20.34137500
12.82925000
20.05804200
13.49629200
20.16045800
13.20387500
20.02875000
13.34370800
19.99512500
13.18020900
19.97829100
13.56329200
19.93362500
13.25800000
19.89483300
13.66245900
19.83545800
13.34062500
19.81025000
13.77783300
20.00375000
13.32345900
19.68125000
13.69083300
19.55354200
13.82554100
19.99775000
13.35879200
19.54600000
13.81558300
19.45758400
13.91325000
19.55041600
13.77870900
19.54612500
13.85462500
19.54195800
13.64087500
19.78691700
13.76741600
20.49529200
12.85116700
20.21783300
13.18050000
19.82600000
13.53816700
19.85187500
13.48329100
19.67641700
13.52366700
19.72808300
13.83558300
19.78641700
13.38329200
19.80358300
13.56325000
19.70400000
13.86512500
19.79208300
13.56516700
19.74958300
13.56304200
19.72304200
13.50429100
19.73004200
13.63666700
19.82495800
13.73020800
19.60841700
13.77287500
19.67720800
13.67316700
19.57008300
13.60983400
19.53116600
14.03583400
19.65337500
13.51283300
19.65404200
13.89670800
19.73362500
13.65308300
19.37270900
13.78983300
19.43637500
14.11470800
19.64858400
13.53375000
19.22008300
14.14662500
19.04050000
14.51358300
18.79962500
14.55454200
19.38254200
14.01441600
19.16954200
13.99291700
19.30033300
14.27225000
18.90870800
14.45308400
19.22520800
13.93933300
19.11387500
14.44625000
19.03929200
14.33704200
19.25695800
14.09291700
19.32875000
13.85162500
19.02679100
14.53879200
19.33291700
14.02112500
19.36370800
14.01450000
19.59491700
13.57387500
19.51850000
13.84820800
19.46475000
14.09341700
20.03816600
13.13691700
20.49729200
12.94812500
20.14691600
13.32562500
19.61687500
13.76916700
19.62437500
13.54104200
19.80275000
13.74504100
19.89412500
13.28870900
20.27770800
13.08900000
20.87587500
12.52704200
20.55170800
12.97866700
20.48387500
12.68283300
20.86116700
12.50820800
20.35887500
13.20637500
20.38666700
12.97683300
20.31350000
13.02733300
20.59029200
12.62166700
20.88654100
12.66479200
20.49500000
12.66937500
19.91541700
13.64266600
20.14641700
13.22850000
20.02825000
13.13875000
19.69354200
13.87925000
19.56970800
13.59100000
19.82329200
13.71591600
19.67454200
13.51966700
20.36695800
13.16733300
20.36787500
13.00208400
20.18625000
13.18358300
20.22970800
12.96266700
20.66279200
12.70391600
20.76854200
12.59887500
20.48775000
12.87829200
20.57670800
12.92445800
20.35333400
13.04595800
20.46662500
12.77504200
20.49870800
13.01658300
20.37887500
12.79700000
20.80775000
12.75550000
20.78379200
12.56866700
21.01841600
12.34804200
20.59320800
12.77929200
20.63141700
12.74400000
19.92558300
13.43350000
20.26925000
13.09695800
20.31433400
13.04516600
20.35066700
13.01620800
20.24287500
13.11708400
20.63191600
12.55958400
20.51591600
13.03108400
20.19866600
13.17241700
19.95454200
13.22737500
19.88925000
13.66433300
19.88150000
13.30104200
20.29262500
13.25775000
20.22862500
13.12200000
20.16041600
13.15875000
20.41395900
13.02020800
20.57604200
12.78987500
20.61408300
12.75079200
20.42966600
12.94991700
20.06845800
13.30591700
19.96083300
13.38487500
20.12095900
13.25775000
19.92541600
13.44170900
19.82479100
13.53020900
19.99995800
13.37575000
19.94941700
13.42145800
22.75895800
10.57325000
20.37487500
12.84650000
20.77533400
12.77112500
21.24362500
11.92129100
20.91762500
12.62250000
20.00250000
13.39308400
20.12770800
13.03662500
20.01466700
13.51645800
20.12712500
13.29970800
20.38887500
12.88895900
20.17683300
13.23108300
20.36104200
13.01179200
20.31695800
13.03504200
20.05991600
13.31708400
20.15250000
13.24100000
20.22408300
13.12629200
20.26450000
13.09133300
20.14445800
13.04366700
20.16466700
13.38612500
19.96141600
13.40762500
20.03141700
13.35483300
20.04579200
13.31287500
21.00600000
12.35995800
20.94129200
12.35854200
21.04079100
12.40287500
20.91033400
12.24870800
20.81637500
12.75729200
20.87720800
12.48891700
20.83433300
12.52100000
20.89895800
12.44008400
20.83383300
12.57475000
20.96795800
12.22187500
20.92191700
12.60670800
20.85129200
12.55475000
21.37387500
11.94683300
21.13887500
12.23045900
21.01129100
12.37170900
20.89375000
12.46366600
20.39866700
12.78358300
20.04291700
13.31116700
20.35095800
13.01508300
20.13437500
13.42683400
20.15162500
13.22770800
20.12283300
13.23079200
20.03741700
13.32554100
20.03141700
13.22895800
20.02091700
13.46033300
20.18625000
13.17083400
20.17991600
13.08337500
20.13520900
13.34920800
20.23104200
13.11420800
20.15950000
13.22700000
20.28016700
13.08900000
20.25625000
12.90587500
20.25387500
13.28362500
20.50966600
12.89004200
20.32225000
12.84079200
20.16295800
13.39641700
20.16712500
13.21295800
20.31741700
13.03895800
20.21883300
13.13316700
20.30783300
13.07345900
20.19516600
13.02933400
20.27975000
13.22525000
21.01341600
12.36508400
20.94162500
12.22270800
21.18379200
12.18362500
21.18362500
12.38487500
20.46762500
12.69720800
21.16570800
12.19916700
20.55412500
12.81208300
20.26558400
13.28987500
20.31458300
12.86329200
19.87775000
13.48870800
20.03612500
13.54104200
19.93454100
13.22175000
19.75254200
13.75600000
19.78595800
13.64091700
19.45183300
13.90345900
19.62770800
13.75608300
19.79512500
13.56854200
19.79920800
13.55312500
19.95195900
13.42075000
20.08637500
13.08470800
20.52958300
13.02825000
20.12016700
13.24708300
20.18666700
13.19116700
20.24020800
12.92250000
19.96766700
13.59220800
20.03791700
13.31441600
20.23054200
12.95741700
19.87108300
13.49550000
20.17437500
13.19254200
20.27345800
13.09300000
20.84725000
12.71262500
20.29354200
13.10729100
20.69691700
12.44233300
21.03175000
12.51095900
21.14137500
12.25329100
21.12004200
12.22741700
21.17629100
12.19612500
21.12658400
12.25687500
21.29404100
12.07358400
21.36583300
11.99133300
21.22958400
12.14229100
21.65516700
11.70754200
21.11458300
12.24225000
20.98275000
12.39837500
21.04608300
12.32100000
21.27308400
11.88841600
20.94466700
12.61504200
20.82179100
12.55604200
20.81695800
12.54008400
20.84420800
12.51579200
20.69554100
12.67162500
20.68837500
12.67404200
20.15612500
13.21450000
20.19216700
13.17633300
20.01941700
13.35033300
20.39320800
12.78037500
20.89045900
12.68154100
21.20037500
11.96104200
21.08062500
12.28595800
21.00933400
12.35725000
21.49100000
12.06779100
21.12583400
12.24304100
21.02825000
12.14437500
21.41325000
12.16529200
21.46258300
11.69200000
21.20133400
12.35420800
21.24666700
12.13987500
21.18487500
11.97312500
21.20704100
12.36737500
21.62095900
11.75208300
21.33650000
12.00791700
21.52120800
11.65379200
20.18029100
13.39354200
19.76554200
13.39387500
19.49283300
14.07162500
19.49250000
13.87879200
19.59283300
13.76125000
19.40716700
13.96037500
19.37954100
14.00145900
19.56683300
13.78929200
19.54979100
13.81583400
19.52950000
13.84979100
19.70537500
13.64716700
19.57295800
13.60162500
19.95791700
13.61691700
20.09833300
13.06012500
19.77970800
13.80129200
19.67237500
13.63175000
19.71916700
13.70191600
19.42795900
13.92687500
20.45670800
12.71579200
20.02162500
13.56100000
20.34587500
12.99658300
20.77387500
12.60458300
20.15295900
13.21137500
20.15187500
13.20612500
20.40150000
12.77350000
19.92250000
13.64654100
20.07683400
13.27550000
19.71987500
13.64941600
19.61195900
13.77041600
19.66870900
13.68470800
19.57541700
13.79012500
19.55366600
13.82837500
19.78733400
13.56141600
19.86700000
13.30916700
19.73816700
13.82241600
19.80666700
13.54495800
19.77516700
13.41254200
19.69287500
13.86962500
19.68216600
13.70891700
19.71208300
13.63104200
19.83675000
13.33316700
19.70254100
13.66404200
19.80075000
13.75750000
19.69079200
13.69325000
19.78354100
13.58587500
20.35133400
13.00204100
20.50516700
12.87279200
20.49362500
12.82870800
20.66383300
12.72979200
20.43554200
12.94337500
20.86420800
12.30300000
21.31875000
12.24233300
21.23462500
11.93275000
21.17162500
12.39737500
21.60391700
11.73612500
21.03279200
12.34870800
21.19600000
12.18750000
21.60916700
11.74045800
21.44966700
11.91691600
20.93470900
12.44750000
21.01516600
12.27641700
21.86583300
11.53279200
21.78983300
11.61733400
24.26970800
8.89512500
21.59495800
11.77041700
22.10229200
11.46716600
22.14154200
11.20491700
21.44050000
11.93404100
20.92883400
12.45279100
21.19225000
12.16958400
20.64091600
12.72308400
20.38487500
12.99441600
20.09408400
13.06195800
19.80737500
13.75020800
19.66408400
13.71633300
19.49462500
13.87170800
19.61995900
13.74116600
19.41891700
13.74900000
19.54379200
14.03058300
19.47429200
13.88270800
19.34991700
13.99483300
20.45820800
12.73341700
20.00387500
13.55866700
20.31491600
13.04016700
19.86958300
13.43395900
19.89466600
13.54604200
19.96579200
13.20454100
19.93895900
13.42779100
19.88433400
13.67370800
19.53925000
13.63587500
19.44779200
13.91887500
19.72325000
13.64345800
19.89520800
13.65566700
19.78366700
13.60025000
19.72566600
13.43954200
19.55741700
14.00254100
19.44033400
13.94366600
19.72762500
13.42841700
19.62566700
13.93108300
19.90291700
13.27350000
20.22854100
13.34408400
20.35658300
12.99770800
19.85083400
13.53058300
19.92254200
13.44283300
19.65991700
13.69879100
19.54029200
13.80795800
19.76116700
13.63491700
20.29908300
13.05079200
20.23216600
13.13604200
19.83112500
13.55087500
20.12295800
13.22550000
20.32812500
13.04333400
20.05954100
13.11050000
20.41716700
13.14604200
20.27375000
13.08729100
20.26733400
13.12304100
19.32370900
14.01075000
19.63591600
13.74275000
19.68750000
13.68945900
19.66645800
13.71537500
19.76537500
13.58391700
19.75945800
13.61191700
19.83158300
13.50950000
19.76070800
13.59775000
20.52600000
12.86358400
20.93716600
12.23416700
20.07887500
13.47983300
19.89320900
13.48445800
20.06270800
13.10041700
20.08491700
13.46704100
20.09666700
13.29087500
19.86758300
13.49895900
20.00937500
13.33350000
20.20887500
13.00312500
20.16970800
13.38137500
20.04358300
13.30150000
19.82937500
13.54125000
19.95412500
13.42591700
19.89470800
13.46091700
19.69570800
13.66662500
19.97608400
13.19770800
19.94329200
13.64054100
19.68145900
13.55366600
20.34179200
12.93929200
20.20979100
13.34620900
20.14550000
13.22108300
20.46091700
12.92387500
20.15337500
13.00583300
20.09658300
13.27012500
20.14129200
13.43112500
20.23870800
13.12579200
20.83366700
12.52175000
20.47133300
20.52495800
8.87008400
20.30533300
13.24729200
20.56558300
12.80116700
20.49316600
12.85754200
20.37420800
12.81379200
20.12212500
13.44854200
19.93945800
13.40620800
19.89508400
13.49641600
19.53950000
13.61925000
19.57762500
13.97525000
19.58650000
13.77487500
19.42383400
13.76187500
19.54162500
14.01491600
20.11220900
13.25458300
20.68820800
12.48862500
20.83700000
12.70116700
19.56679200
13.80075000
19.52954100
13.85625000
19.25475000
14.09900000
19.40158400
13.96533300
19.23945800
13.94854200
19.47062500
13.89891700
19.08120800
14.46800000
19.26491700
13.91616600
19.30995900
14.05670800
19.07704200
14.47412500
19.18729100
14.19604200
19.47525000
13.88716700
19.33408300
13.83816700
18.89829100
14.46579200
18.80266700
14.56404100
18.66154200
14.70504200
18.49458300
15.03866700
18.92791600
14.46983400
18.85833300
14.49516700
18.77554100
14.60879200
18.65233300
14.71558400
18.39354100
14.76975000
18.49691700
15.04970800
18.51533400
14.86941600
18.16654200
15.18145800
18.14120900
15.22591600
18.00050000
15.38716700
18.22962500
15.10875000
18.13429200
15.05987500
18.19350000
15.37200000
17.81795800
15.53854200
17.61529100
15.56262500
17.66229200
15.87804200
17.93941600
15.43975000
17.60325000
15.57850000
17.97241700
15.58554200
18.44150000
14.82791600
17.87420900
15.55775000
17.77929100
15.62108400
18.08629100
15.30629200
18.48816700
14.84037500
19.03062500
14.35604100
19.66920900
13.49541600
19.99166700
13.57795800
19.86950000
13.47745900
19.69195800
13.69275000
18.37612500
14.78975000
19.25191700
14.11450000
19.13220800
14.43604200
18.98362500
14.36187500
18.78650000
14.58116600
18.57045900
14.81958300
18.47287500
14.87104200
18.78441600
14.39987500
18.31370900
15.26066600
17.85591700
15.46495800
17.05329200
16.18020800
16.65508400
16.80516600
16.56620900
16.78266600
16.57866700
16.78975000
16.57708300
16.68325000
16.68337500
16.81029200
17.15925000
16.15729200
18.54604100
14.74387500
19.19537500
14.36562500
20.05729200
13.11500000
20.32704200
13.23975000
20.16275000
13.06612500
20.16750000
13.13695800
20.44341700
13.11170800
20.22570800
13.15541700
20.37258300
12.97670900
20.15254100
13.20016700
20.05720800
13.13791700
20.24704200
13.30141600
20.26591700
12.91887500
20.30470800
13.26141700
20.38675000
12.96566700
20.27391600
12.90737500
20.18087500
13.37150000
20.31241700
13.05633300
20.33754200
12.84770800
20.08966700
13.27075000
20.35870800
13.19612500
20.18512500
13.17820900
20.30945800
13.07908300
20.14033400
13.21741600
20.27820900
13.07729100
20.21654200
13.06066700
21.58845800
11.87908300
20.19700000
13.12695900
20.05945800
13.15175000
19.92558300
13.61758400
20.30633300
13.07729200
20.35191600
13.01754200
20.46329200
12.70716600
20.30608400
13.24725000
20.15850000
13.02150000
20.40654100
12.96012500
20.02858400
13.53070800
19.75662500
13.60216700
19.76400000
13.62479100
19.89633400
13.45308300
18.31775000
15.02091700
18.55008300
14.84895800
18.69908400
14.66429100
18.61641700
14.75979200
18.63979100
14.52662500
19.12558400
14.43133300
19.05629200
14.12020800
19.19816700
14.37037500
19.33575000
14.01341600
19.63108400
13.73833300
19.48012500
13.89783300
19.58516700
13.78112500
19.18570800
14.16933400
19.48508300
13.89725000
19.86679200
13.49116600
19.86741700
13.49233300
19.87304200
13.50791700
19.38183300
13.98800000
18.99275000
14.35787500
19.76758300
13.41120900
18.96004100
14.60045900
19.42687500
13.96020800
20.45133300
12.70112500
21.04016700
12.32662500
20.50875000
13.03608300
20.92037500
12.45154200
20.32429200
13.05941600
20.74837500
12.62125000
20.30545900
13.03679100
20.11837500
13.06904200
20.37237500
12.99433300
20.05900000
13.49612500
20.29987500
12.87837500
19.64787500
13.89154200
20.16633300
13.20825000
20.38537500
12.99583400
20.93991600
12.42737500
20.71354200
12.64295800
20.83500000
12.53883400
20.38729100
12.98070900
20.11262500
13.24800000
21.01200000
12.39133300
21.07945800
12.26204200
20.59466700
12.75779100
20.90370900
12.47025000
20.66233300
12.51145800
20.98537500
12.57000000
20.54675000
12.63141700
20.70145800
12.86458400
20.50670800
12.66058300
21.04270900
12.51054100
20.53625000
12.64537500
21.02645900
12.33854100
20.71191700
12.82904200
21.33283300
11.85962500
21.00504200
12.36179100
20.97687500
12.56975000
20.87154200
12.31487500
21.22566700
12.14120800
20.74329200
12.62404100
20.79100000
12.57495900
20.74025000
12.80791600
20.73608400
12.66104100
20.56679200
12.78962500
20.63429200
12.73133300
20.59329200
12.76241600
20.52445900
12.84666600
20.72587500
12.66458400
20.67883300
12.53754200
20.80050000
12.69825000
20.79366600
12.59337500
19.76954200
13.37687500
19.55112500
13.81550000
19.51712500
14.05041700
19.47125000
13.87733300
19.28454200
14.08620800
19.70425000
13.68283300
19.50820900
13.65116600
19.59470900
13.95275000
19.68045800
13.69741700
19.92079100
13.44750000
19.60629200
13.72550000
20.22366700
13.06637500
19.90241600
13.38220900
20.62495800
12.92166700
20.24645800
13.13258300
20.46133400
12.87845800
20.27179200
13.11641600
20.86145900
12.53062500
20.65141600
12.69045900
20.23145800
13.13145800
19.95520900
13.42695800
19.70708300
13.65720900
19.84341600
13.32616700
19.81395800
13.77387500
20.72625000
12.62683400
20.82241600
12.47900000
21.47916700
11.96625000
20.90533300
12.24033400
20.85941600
12.68991700
21.18870800
12.20304200
21.25283300
12.10741700
23.55241700
9.67875000
22.17954100
11.12250000
22.89179200
10.62304200
22.62379100
10.59450000
24.03820900
9.32779100
22.89887500
10.46875000
21.76675000
11.60491700
22.77179200
10.58933300
22.65066700
10.89637500
23.08162500
10.18329100
23.63325000
9.65445900
22.34683300
11.02041700
98.51662500
4.75787500
40.23933300
4.56491700
22.30062500
4.58020800
22.76066700
4.37533300
20.15916700
4.48100000
19.99258300
4.38866700
19.23891600
4.28733400
20.29370800
4.88483300
19.56625000
4.19575000
20.89291700
4.34962500
27.78191700
9.94812500
24.59804100
8.95975000
32.29383400
4.74937500
29.62641600
5.74925000
21.04858400
4.92916600
19.84241700
4.27454200
19.68154100
4.92304200
19.46670800
14.10275000
19.61533400
13.75312500
20.26066600
13.09837500
19.42579200
13.94058300
19.24100000
14.10579200
19.73229200
13.63766600
19.29937500
14.07983400
19.58825000
13.58604100
19.62162500
13.89704200
21.18937500
12.20058300
20.98712500
12.20429200
21.17654200
12.39479100
21.38987500
11.96558400
21.88704100
11.48979200
21.85229200
11.51333300
20.94825000
12.39329200
21.83966600
11.35062500
22.62133400
10.88312500
22.19500000
11.21037500
21.41379100
11.96062500
21.83179200
11.55650000
21.84450000
11.47641700
21.21687500
12.15291600
22.32316700
11.07054200
21.61733300
11.70666700
22.95720800
10.26175000
22.42716700
11.13879100
38.22745900
9.48633300
35.61900000
7.72816700
28.78916600
5.89245900
26.06941600
5.00116700
29.47129200
5.54304100
27.01258400
5.40312500
23.77541600
4.37100000
22.49404200
4.35754200
21.53737500
4.49066600
21.88679200
6.30987500
21.41858300
12.13900000
20.85804200
12.57129200
20.75658300
12.35670800
21.37912500
11.98754200
21.05841700
12.53341600
21.06287500
12.28495900
20.89220800
12.26795800
20.56725000
12.90791700
21.02858300
12.43537500
20.67325000
12.67758400
20.92850000
12.29558300
21.15175000
12.16783300
21.70804200
11.84695800
16.68758400
16.49054100
16.68312500
16.87000000
16.76758400
16.45104100
17.23970900
16.22570800
17.05595800
16.32766700
17.23045800
16.16908400
16.57570800
16.72516700
16.56191600
16.81591700
16.55087500
16.87737500
16.48950000
16.86891700
16.49758300
16.68333300
16.68325000
16.76166700
16.70350000
16.58504200
16.68312500
16.81716600
17.16837500
16.21841700
17.20133300
16.13825000
16.74533400
16.49454100
16.71837500
16.80095900
16.88841600
16.45162500
16.55754200
16.79225000
16.91704200
16.48116600
16.54254200
16.78620800
16.58033400
16.88379100
16.48291700
16.68362500
16.68333300
16.80683400
16.98279100
16.41070900
16.53279100
16.81770900
16.54920800
16.79879200
19.50808300
13.93154200
20.10295800
13.07516700
20.60050000
12.97029100
20.73904200
12.42350000
21.18125000
12.39391700
20.93225000
12.41812500
21.00637500
12.16804100
21.42941700
12.14137500
21.66170800
11.69341700
21.86441700
11.50666600
22.47162500
10.90287500
21.82495900
11.33695800
20.14525000
13.41358300
20.80887500
12.36566700
21.12125000
12.45183300
21.16408400
12.20687500
21.56912500
11.78825000
21.96545800
11.40641700
21.50712500
11.85066600
21.38537500
11.98954200
21.31229200
12.06200000
21.30266600
12.04212500
21.75491700
11.41991700
21.08887500
12.48183300
21.09712500
12.24720800
20.30091700
12.88408300
19.85950000
13.69212500
22.35487500
10.82808400
20.53754100
12.98087500
22.05733400
11.29620800
21.36904200
12.02458300
19.14145800
14.05845900
18.84804100
14.72179200
18.81941700
14.51808300
19.17233300
14.22558400
19.09883300
14.26220800
18.39529200
14.96312500
18.07766700
15.29395800
18.09991700
15.26491600
18.50250000
14.81633400
18.22529100
15.18062500
18.35475000
14.93608400
17.95670800
15.50479200
18.10708300
15.24483300
17.93341700
15.45162500
18.08058300
15.29495900
18.08037500
15.26487500
18.81679100
14.35450000
18.37920900
15.19316600
18.61062500
14.54983400
18.02695800
15.52470800
18.19037500
15.21254200
18.27295800
15.04679200
18.50025000
14.88500000
18.07712500
15.09633300
18.09912500
15.46604200
18.16033300
15.19020900
18.38858300
14.79579200
18.57108300
15.01008300
18.79987500
14.54712500
18.90766700
14.31029200
19.05891600
14.48112500
19.10125000
14.04583400
19.05291600
14.52120900
18.87195800
14.28720800
19.70850000
13.85100000
19.31575000
13.85812500
18.75404200
14.77970800
18.52345900
14.86816600
18.46754200
14.72604200
18.53800000
15.00166600
18.23445900
14.94041600
18.03145900
15.53870800
18.10875000
15.25666700
18.03808300
15.22879200
18.27629100
14.98791700
18.38654200
14.98020800
19.75475000
13.61179200
18.77600000
14.77587500
19.25720800
14.12725000
18.76787500
14.39566700
18.21987500
15.33662500
18.59262500
14.58466600
18.61629200
14.77579200
18.56641600
14.93220900
19.22679100
14.16329200
19.61483300
13.57245900
18.83112500
14.72212500
18.33708300
14.84125000
18.87941700
14.48712500
18.35741600
15.00941700
18.07141700
15.49450000
18.00000000
15.16716600
18.09483400
15.46591600
18.13358400
15.03920800
18.34462500
15.24366700
20.34087500
12.96254100
19.93850000
13.47308400
18.80179100
14.36170900
18.78870800
14.67970800
18.80208400
14.65100000
18.80537500
14.57916600
18.63145900
14.70833300
18.80995800
14.37725000
18.41616700
15.15045800
18.98212500
14.36758400
18.88879100
14.48425000
18.67529200
14.50216700
17.73758300
15.78633300
18.81287500
14.58275000
18.68700000
14.69275000
19.08908400
14.26483300
19.65516700
13.70733300
19.31016700
13.87416600
19.50991700
14.04379200
19.33287500
14.03433300
19.33383300
14.04716700
19.33541700
14.02408300
19.15720800
14.01458400
20.78062500
12.79300000
19.77958300
13.58716700
19.42450000
13.73512500
19.39962500
14.16891600
19.36295900
14.00979100
19.52350000
13.82295900
19.34966600
13.82945900
19.43545800
14.13591700
19.37862500
13.96891600
19.50295900
13.68079100
19.41029200
13.95345800
19.54650000
13.82016700
19.37679200
14.17770800
19.31683300
13.86191700
19.32645800
14.22945900
19.22862500
14.13808300
19.27354200
13.90391600
19.49166700
13.87504200
19.68045800
13.73062500
19.47370800
13.84858400
19.50920800
14.04500000
19.60287500
13.76541700
19.96508300
13.21237500
20.67183300
12.87945900
19.79795800
13.57037500
19.86525000
13.51979200
19.78345800
13.58079200
19.77616600
13.56912500
19.71220900
13.67579100
19.73316700
13.43150000
20.20879200
13.15758300
19.91683300
13.51262500
20.00604200
13.50050000
19.78662500
13.37750000
20.27733300
13.27970900
19.94154100
13.43995900
19.80833300
13.35337500
20.21604200
13.33854100
19.72991700
13.44845800
20.35187500
13.01745900
20.02229100
13.53095900
19.74866600
13.42883400
20.35033300
13.01658300
19.99495900
13.55737500
19.76483300
13.61841700
19.81091600
13.48425000
19.93325000
13.30241700
20.02358300
13.53245900
19.81375000
20.11887500
9.98612500
16.62525000
20.25654100
13.31175000
19.89241700
13.46137500
19.88587500
20.18658300
9.78879200
20.28983300
13.12225000
20.03612500
13.28500000
20.18233400
13.18445800
20.09225000
13.27433300
20.29725000
13.06954200
20.15929200
13.20733300
20.08558300
13.42562500
20.49137500
12.90775000
19.98516700
13.20470800
20.43570900
13.11054100
20.06979200
13.21012500
20.18483300
13.28412500
20.01679200
13.33387500
19.81591700
13.44291600
19.94283400
13.35333300
20.08958300
13.27616700
20.20970800
13.32854200
19.77625000
13.59825000
20.03529200
13.31595800
20.03720800
13.34075000
19.80679200
13.57941700
20.30683300
12.86487500
20.39245800
13.15637500
19.89220900
13.48712500
20.24025000
13.11100000
19.88000000
13.48033300
19.88591700
13.48650000
20.18683300
13.19500000
19.96250000
13.37287500
20.02383300
13.18358400
20.22533300
13.13804200
20.14512500
13.39987500
19.87437500
13.31395800
20.01604200
13.35037500
20.22079100
13.15041700
20.20283300
13.33629200
20.14033300
13.04954200
20.17579200
13.37108300
19.89895800
13.28737500
20.00712500
13.55625000
19.99800000
13.34854200
20.25816700
13.11054100
19.90912500
13.27895900
20.28616600
13.26000000
20.30625000
13.06108400
20.24270800
12.94375000
20.12691700
13.23975000
20.13533300
13.40212500
19.81700000
13.57541700
19.82620800
13.52283300
19.87025000
13.48533400
19.91962500
13.27920800
19.98700000
13.57483300
19.80754200
13.36387500
20.61283300
12.94087500
19.89900000
13.47558400
19.91683300
13.42875000
19.95783300
13.42962500
20.10325000
13.26416700
19.81008300
13.51895900
20.34320800
13.04729200
19.97512500
13.20995800
20.16466700
13.37795800
19.99995800
13.36970900
20.19183300
13.18866700
20.05383300
13.12000000
20.03387500
13.48825000
20.12462500
13.27933300
19.86016700
13.49145800
19.72625000
13.46275000
20.35079200
13.11683300
19.98433400
13.28145800
19.94800000
13.59670800
19.83637500
13.54720900
19.79833300
13.55033300
19.71112500
13.65716700
19.78620800
13.40312500
20.07883400
13.47412500
19.78600000
13.42620800
19.93220800
13.40137500
20.06812500
13.49054200
20.23954200
13.10866600
20.05570900
13.33104100
19.94287500
13.42775000
19.96645900
13.20441600
19.63345900
13.92395800
20.12379200
13.24933300
19.68437500
13.48304200
19.69979100
13.84570900
19.54216600
13.82400000
20.23908400
13.12841600
19.69141700
13.59929200
19.63250000
13.63383300
19.69920800
13.84300000
19.89204200
13.47441700
20.00095800
13.38283300
19.98495900
13.35820800
19.82808300
13.36700000
19.64333400
13.72325000
19.69470800
13.84241700
19.82033300
13.55637500
19.80075000
13.58195800
20.03583400
13.31529100
19.56570900
13.80283300
19.79995800
13.38395900
19.89066600
13.47587500
19.59216700
13.77750000
19.79591700
13.76191600
19.91775000
13.44929200
19.66620800
13.68533400
19.67100000
13.71195800
19.69162500
13.67333300
19.60083400
13.74745800
19.89445800
13.29658400
20.06716600
13.29954200
19.67520800
13.86962500
40.07000000
4.98725000
19.95041700
4.69250000
19.64879200
10.57291600
19.56370900
13.95820800
20.06591700
13.14550000
19.85070800
13.51600000
19.60562500
13.94391700
19.54341600
13.83062500
19.82341700
13.35300000
19.77925000
13.58729200
19.83333300
13.72100000
20.06104200
13.29362500
19.77841600
13.58987500
19.82616700
13.56008300
19.63208400
13.72791600
19.67862500
13.49791700
19.61866700
13.74904100
19.89670900
13.46895800
19.51037500
14.03437500
19.56754200
13.62100000
19.60175000
13.76475000
19.54370800
14.00150000
19.81087500
13.57033300
19.54562500
13.62812500
19.85387500
13.69383400
19.65404100
13.70775000
19.60741700
13.77850000
19.48233300
13.86645900
21.08762500
12.10254100
21.14512500
48.54537500
35.57583400
4.90712500
21.81725000
4.94575000
21.92554100
4.70387500
19.80879200
4.66116700
19.47625000
4.73800000
19.49395800
4.64875000
19.54004200
11.17866600
19.54300000
13.75370900
21.16716600
12.28291700
19.50133300
13.85000000
19.75508400
13.60670800
19.88625000
13.50025000
19.82458300
13.35241700
19.48458300
14.05700000
19.53125000
13.85208400
19.61770800
13.74683300
19.48470900
13.68987500
19.44441600
13.92479200
19.49016700
14.06841600
19.33587500
13.83691700
19.53166700
14.00866600
19.37195900
14.01645800
19.61654200
13.73445800
19.47366700
13.71491600
19.51216700
13.85233300
19.46891700
14.07312500
19.45775000
13.91329200
19.55579100
13.82525000
19.70200000
13.64775000
19.49120900
13.87862500
19.32937500
14.05125000
19.46354100
13.70870900
19.37670800
13.99087500
22.37345800
10.99600000
20.45450000
12.90937500
20.47200000
13.05958400
23.49700000
9.70375000
19.54029100
14.00654200
19.57591700
13.78329100
19.39958400
13.98929100
19.85283400
13.50595800
19.57729200
13.78433300
19.43412500
13.75062500
19.33491700
14.14670800
19.37450000
14.05400000
19.49108300
13.89104200
19.36508300
14.00291700
19.52166700
13.82887500
19.27812500
14.09070800
19.29558300
14.08604200
19.36616700
13.80583300
19.24750000
14.30100000
19.40645800
13.96154200
19.56812500
13.79075000
19.32166700
14.05145800
19.31491700
13.87016600
19.38433400
14.16108300
19.28762500
14.08041700
19.63045800
13.75245800
19.31358400
14.03220800
19.34404200
14.02966600
19.44604200
13.93066700
19.61100000
13.74191600
19.85566700
13.50904200
19.51812500
13.86483300
19.47208300
13.89425000
19.40166700
13.95387500
19.45300000
13.92800000
19.35483300
13.81558400
19.46508300
14.08220800
19.55983400
13.81141600
19.71016700
13.47141700
19.60958300
13.93075000
19.67145800
13.70308400
16.50170800
16.87808300
16.62241700
16.72062500
16.51229200
16.86404100
16.62495900
16.56087500
16.68329100
16.68325000
16.87737500
16.61712500
16.67383400
16.56512500
16.79862500
16.56808300
16.87908300
16.61700000
16.67575000
16.69804200
16.67162500
16.55841700
16.88545800
16.66604200
16.63095800
16.55091700
16.79316600
16.68562500
16.57104200
16.79183300
16.68633400
16.57212500
16.83341600
16.73037500
16.48608400
16.68437500
16.68233300
16.82629200
16.65920800
16.74570800
16.65391700
16.53158300
16.68325000
16.77512500
16.78595900
16.69129100
16.48087500
16.84550000
16.52125000
16.68354200
16.86733300
16.66450000
16.51904200
16.81345800
16.75370900
16.48179100
16.68325000
16.84604200
16.64995800
16.75204200
16.66737500
16.67195800
16.66762500
16.69495900
16.51675000
16.68337500
16.68354100
16.84229200
16.69800000
16.71066700
16.61225000
16.55587500
16.80833300
16.55675000
16.85666700
16.50900000
16.76529100
16.60137500
16.88833400
16.47820800
16.82370800
16.68275000
16.66687500
16.55995900
16.68466600
16.86470900
16.50412500
16.83954100
16.52379200
16.83683300
16.73037500
16.62341700
16.70770800
16.51816700
16.81916700
16.54762500
16.68404100
16.68262500
16.81829200
16.71187500
16.62808300
16.64533400
16.78100000
16.51575000
16.68304100
16.68450000
16.86887500
16.49654200
16.87066700
16.70379100
16.68220900
16.47675000
16.87187500
16.66575000
16.51616600
16.79195900
16.70487500
16.75166600
16.66383400
16.70329100
16.63925000
16.71387500
16.49412500
16.81341700
16.55816700
16.67829100
16.78062500
16.58608400
16.80758300
16.55933300
16.85012500
16.51629200
16.81412500
16.70683300
16.71758400
16.49479100
16.87325000
16.65054200
16.53420800
16.87587500
16.48333400
16.68279100
16.81966700
16.75062500
16.47954200
16.68391600
16.83175000
16.74083400
16.68158300
16.47895800
16.85412500
16.51483400
16.83000000
16.53529100
16.82554200
16.69737500
16.52637500
16.90554200
16.65716600
16.63729200
16.53400000
16.86800000
16.65708300
16.72733400
16.66758300
16.68587500
16.49304200
16.87175000
16.68291600
16.49787500
16.80404200
16.56050000
16.68483300
16.87766700
16.62341700
16.54720800
16.87116700
16.49566600
16.82383400
16.54262500
16.68337500
16.82541600
16.68583400
16.66587500
16.55658300
16.88150000
16.48575000
16.88566700
16.47987500
16.68333300
16.83787500
16.61241700
16.59987500
16.68316600
16.81016700
16.55650000
16.82391700
16.67750000
16.75358300
16.64225000
16.71816700
16.48458300
16.83116700
16.68141600
16.69275000
16.52804200
16.68329200
16.78508300
16.78279200
16.63958300
16.52591700
16.68416600
16.82520900
16.75179100
16.68541700
16.49670800
16.78345900
16.68720800
16.68337500
16.72891700
16.69033300
16.62412500
16.74441700
16.49829100
16.87262500
16.66579200
16.65787500
16.72270800
16.49758400
16.83595800
16.73125000
16.69362500
16.62933300
16.52662500
16.68308400
16.68333300
16.68333300
16.90641700
16.46054200
16.81566600
16.75516700
16.47970800
16.87204200
16.49516700
16.87687500
16.60004100
16.74233400
16.51279100
16.70300000
16.81650000
16.73191700
16.48187500
16.84129200
26.75987500
6.46900000
16.79954100
16.67804200
16.70550000
16.68787500
16.66654200
16.68983300
16.53608300
16.90045900
16.66825000
16.50133300
16.66320800
16.85245900
16.71333300
16.67387500
16.49341700
16.87658300
16.63966700
16.74254100
16.62995900
16.52820800
16.68425000
16.77950000
16.72562500
16.54720800
16.68245900
16.82008300
16.75404200
16.66341600
16.49350000
16.86041700
16.50604200
16.92016600
16.44658400
16.87420800
16.69604200
16.68491600
16.64154200
16.52037500
16.88745800
16.47862500
16.83062500
16.53625000
16.75212500
16.82354200
16.67654200
16.48083300
16.68379200
16.89145800
16.47491700
16.68454100
16.86904200
16.63854200
16.54200000
16.68270800
16.68329200
16.83304100
16.73337500
16.48366700
16.88704200
16.63233300
16.67345800
16.69566700
16.52808300
16.80250000
16.56404200
16.68508300
16.88191700
16.63987500
16.66641700
16.54366600
16.83387500
16.72645900
16.69220800
16.48045800
16.88225000
16.69625000
16.47145900
16.81787500
16.68333300
16.54966700
16.85983300
16.50600000
16.68366700
16.83016600
16.72666700
16.69466700
16.68058300
16.67100000
16.72154200
16.64616600
16.64416700
16.73904200
16.48187500
16.68041600
16.82770900
16.53920800
16.82812500
16.74354200
16.62937500
16.53245800
16.88820800
16.63170900
16.52966600
16.82870900
16.66625000
16.70379100
16.53575000
16.87925000
16.65770900
16.71666600
16.61737500
16.54470900
16.73695800
16.62966700
16.68508300
16.68133300
16.81358400
16.55333300
16.87466700
16.64320800
16.73975000
16.62695800
16.66708400
16.69912500
16.53254100
16.83770900
16.74387500
16.46816600
16.80608400
16.76191600
16.48208400
16.68333300
16.68350000
16.83220800
16.66995900
16.70933300
16.71500000
16.49104200
16.68233300
16.81537500
16.68600000
16.69616700
16.53583300
16.78545800
16.73779200
16.70816700
16.63204100
16.73154200
16.69670800
16.67579200
16.64141700
16.73366600
16.49150000
16.89775000
16.65725000
16.64675000
16.53070900
16.81279100
16.55400000
16.68316700
16.68416700
16.87341600
16.49262500
16.68325000
16.80983400
16.74591600
16.49645900
16.84245800
16.70100000
16.50416700
16.68345800
16.80575000
16.74408300
16.50041700
16.84600000
16.70591700
16.49779100
16.68333400
16.82570800
16.54100000
16.80825000
16.69683300
16.74037500
16.62533400
16.54612500
16.83800000
16.73550000
16.66766600
16.65954200
16.69200000
16.69308300
16.49737500
16.87345900
16.66562500
16.71379100
16.61720900
16.71695800
16.65625000
16.54058300
16.68270900
16.68325000
16.68341600
16.68333400
16.68416600
16.68254200
16.68329200
16.68329100
16.68341700
16.68333300
16.68320900
16.68333300
16.68329200
16.68383300
16.68291700
16.68345800
16.68333300
16.68320900
16.68345800
16.68454200
16.68212500
16.68325000
16.68333300
16.68325000
16.68625000
16.68045800
16.68329200
16.68354200
16.68420800
16.68229200
16.68337500
16.68320800
16.68350000
16.68333300
16.68341700
16.68304200
16.68350000
16.68333300
16.68320800
16.68337500
16.68341700
16.68325000
16.68333300
16.68341700
16.68350000
16.68312500
16.68537500
16.68158300
16.68316700
16.68316700
16.68329100
16.68350000
16.68329200
16.68341700
16.68320800
16.68329200
16.68345800
16.68600000
16.68070800
16.68337500
16.68320900
16.68325000
16.68345800
16.68325000
16.68416700
16.68258300
16.68333300
16.68333400
16.68679100
16.67979200
16.68345800
16.68591700
16.68070800
16.68333400
16.68325000
16.68329100
16.68337500
16.68333400
16.68329100
16.68333400
16.68345800
16.68337500
16.68325000
16.68341700
16.68316600
16.68345900
16.68333300
16.68320800
16.68341700
16.68558300
16.68104200
16.68345800
16.68562500
16.68091700
16.68325000
16.68341700
16.68337500
16.68337500
16.68320800
16.68337500
16.68325000
16.68345800
16.68325000
16.68337500
16.68341700
16.68329200
16.68520800
16.68141700
16.68325000
16.68341600
16.68350000
16.68320900
16.68337500
16.68333300
16.68320800
16.68329200
16.68337500
16.68333300
16.68345900
16.68333300
16.68341700
16.68329100
16.68320900
16.68341600
16.68379200
16.68337500
16.68275000
16.68329200
16.68337500
16.68566600
16.68100000
16.68333400
16.68337500
16.68337500
16.68333300
16.68337500
16.68333300
16.68325000
16.68333400
16.68337500
16.68325000
16.68333300
16.68329200
16.68337500
16.68337500
16.68337500
16.68325000
16.68345800
16.68325000
16.68537500
16.68133300
16.68333400
16.68345800
16.68316700
16.68341600
16.68320900
16.68333300
16.68329200
16.68333300
16.68354200
16.68312500
16.68375000
16.68304100
16.68316700
16.68354200
16.68329100
16.68316700
16.68341700
16.68337500
16.68337500
16.68333300
16.68325000
16.68333300
16.68333400
16.68333300
16.68345800
16.68320900
16.68329100
16.68333400
16.68354100
16.68325000
17.69575000
17.56145900
14.79308300
16.68329200
16.68362500
16.68341600
16.68295900
16.70183300
16.67525000
16.67500000
16.68129200
16.68312500
16.68366600
16.68304200
16.72612500
16.64070800
16.68300000
16.68362500
16.71595900
16.65041600
16.76270900
16.73908300
16.54804200
16.68350000
16.71808300
16.69795800
16.74404200
16.58941700
16.80400000
16.67895800
16.55087500
16.81975000
16.70491700
16.52579100
16.68570900
16.83837500
16.60195800
16.60691700
16.82920800
16.67108300
16.69433400
16.71620800
16.50591700
16.68325000
16.68316600
16.68337500
16.68337500
16.70841700
16.67787500
16.69658300
16.65066700
16.68295800
16.68358400
16.68354100
16.68333400
16.68333300
16.68304200
16.68325000
16.69662500
16.67008300
16.72108300
16.69887500
16.63058400
16.68316600
16.70183400
16.66454100
16.68354200
16.68325000
16.68341700
16.68308300
16.68345800
16.68333400
16.68337500
16.68316600
16.68333400
16.69316600
16.70075000
16.65654200
16.68300000
16.68341700
16.68354100
16.68304200
16.68312500
16.68362500
16.68358300
16.68558400
16.68062500
16.68362500
16.68329100
16.68312500
16.68320900
16.68345800
16.68704200
16.67958300
16.68500000
16.68183300
16.68320900
16.68325000
16.71745800
16.71833300
16.63629200
16.66154200
16.73345800
16.63300000
16.73795800
16.62895900
16.68304100
16.78362500
16.58429200
16.68216700
16.68595800
16.68058300
16.68341700
16.68337500
16.68337500
16.68366700
16.68295800
16.68337500
16.68333300
16.72541700
16.64112500
16.68333300
16.68333400
16.68333300
16.72983300
16.63691700
16.68316700
16.68354100
16.69437500
16.71966700
16.63595800
16.76429200
16.61187500
16.67383300
16.68312500
16.68616700
16.68075000
16.68325000
16.68325000
16.68354200
16.68587500
16.68075000
16.68325000
16.68337500
16.68312500
16.68337500
16.68337500
16.68337500
16.68345800
16.68458300
16.68225000
16.68304200
16.68329200
16.68362500
16.68320800
16.68329200
16.68579100
16.68070900
16.68354100
16.68312500
16.68391700
16.68275000
16.68354200
16.68304100
16.68379200
16.68300000
16.68337500
16.68329200
16.68325000
16.68616600
16.68079200
16.68591700
16.68058300
16.68350000
16.68304200
16.68350000
16.68333300
16.68350000
16.68333300
16.69312500
16.67337500
16.68383400
16.68275000
16.68354100
16.68304200
16.68337500
16.68354200
16.68525000
16.68137500
16.68320800
16.68350000
16.68312500
16.68350000
16.68341700
16.68316600
16.68333400
16.68337500
16.68325000
16.68362500
16.68333300
16.68316700
16.68325000
16.68325000
16.68337500
16.68333300
16.68350000
16.68341700
16.68325000
16.68337500
16.68312500
16.68329100
16.68329200
16.68341700
16.68341600
16.68333400
16.68325000
16.68354100
16.68320900
16.68358300
16.68295800
16.68608400
16.68070800
16.68537500
16.68112500
16.68379200
16.68295800
16.68333300
16.68329200
16.68350000
16.68337500
16.68329200
16.68325000
16.68329100
16.68345900
16.68325000
16.68341600
16.68325000
16.68333400
16.68320800
16.68358300
16.68325000
16.68320900
16.68341600
16.68325000
16.68345900
16.68325000
16.68325000
16.68337500
16.68600000
16.69491600
16.66916700
16.68333300
16.68645900
16.68016600
16.68337500
16.68337500
16.68466700
16.68191700
16.68354100
16.68312500
16.68341700
16.68337500
16.68325000
16.68325000
16.68333300
16.68354200
16.70462500
16.66200000
16.68337500
16.68308300
16.71108400
16.65587500
16.68320800
16.68333300
16.68470900
16.68191600
16.68320900
16.68770800
16.67895800
16.68345900
16.68341600
16.68308400
16.68354100
16.68329200
16.68320800
16.68341700
16.68633300
16.68300000
16.68066700
16.68345800
16.70120900
16.66541600
16.68333400
16.68337500
16.68325000
16.68337500
16.73625000
16.66075000
16.65437500
16.68183300
16.68341700
16.68329100
16.68325000
16.68350000
16.68325000
16.68345900
16.68312500
16.68354100
16.68320900
16.68412500
16.68258300
16.68329200
16.68345800
16.68325000
16.68337500
16.68337500
16.68320800
16.68333400
16.68341600
16.68325000
16.68354200
16.68316700
16.68337500
16.68341600
16.68316700
16.68350000
16.68629200
16.68029100
16.68333400
16.68333300
16.68341700
16.68325000
16.68829100
16.67850000
16.68341700
16.68304200
16.68370800
16.68283300
16.68345900
16.68325000
16.68358300
16.68358300
16.68300000
16.68329200
16.68333300
16.68337500
16.68333400
16.68325000
16.68370800
16.68308300
16.68341700
16.68333300
16.68320900
16.68329100
16.68341700
16.68312500
16.68420800
16.68300000
16.68304200
16.68329200
16.68320800
16.68350000
16.68341700
16.68316600
16.68329200
16.68341700
16.68333300
16.68316700
16.68341600
16.68354200
16.68312500
16.68345800
16.68345900
16.68308300
16.68341700
16.68308300
16.68412500
16.68270800
16.68329200
16.68337500
16.68341700
16.68316600
16.68329200
16.68362500
16.68316700
16.68329100
16.68329200
16.68345800
16.68337500
16.68325000
16.68325000
16.68341700
16.68362500
16.68300000
16.68354200
16.68462500
16.68200000
16.68308300
16.68354200
16.68387500
16.68520800
16.68100000
16.68333300
16.68333400
16.68629100
16.68729200
16.67616700
16.68416600
16.68254200
16.68337500
16.68333300
16.68341700
16.68337500
16.68325000
16.68329200
16.68320800
16.68345800
16.71329200
16.65650000
16.68016700
16.68350000
16.68316600
16.68345900
16.68341600
16.81508400
20.35716600
13.46137500
16.09962500
16.68479200
16.68229200
16.68366600
16.68375000
16.68212500
16.68329200
16.68333300
16.68337500
16.68379200
16.68575000
16.68045800
16.72725000
16.74083400
16.58200000
16.73695800
16.65500000
16.65795800
16.74883400
16.75550000
16.62691600
16.60204200
16.73675000
16.76987500
16.58554200
16.78570800
16.58287500
16.64020800
16.68370900
16.68254100
16.68791700
16.67862500
16.88375000
16.61420800
16.73520900
16.50004100
16.68333400
16.68312500
16.68329100
16.68962500
16.68095900
16.67941600
16.68325000
16.68341700
16.68337500
16.68316700
16.68354100
16.68379200
16.68270800
16.68333400
16.68470800
16.68504200
16.75583300
16.66950000
16.70191700
16.60395800
16.68254200
16.68329100
16.79150000
16.75825000
16.68454200
16.61141700
16.57083300
16.68345800
16.88450000
16.58604200
16.75920800
16.65966700
16.70820800
16.68083400
16.50808300
16.86266700
16.58229100
16.75541700
16.54095800
16.80620900
16.69658300
16.60008300
16.61916700
16.79216700
16.57470800
16.83183300
16.63945900
16.57854100
16.86712500
16.50704200
16.73183300
16.77108400
16.66120800
16.56812500
16.67712500
16.80916700
16.67433300
16.61891700
16.76041600
16.64766700
16.73783300
16.55454200
16.66387500
16.68316700
16.70720800
16.75779200
16.62166600
16.68808400
16.76350000
16.56166600
16.68325000
16.68458400
16.85045800
16.69908300
16.50270900
16.67995800
16.68370800
16.81766700
16.68533300
16.55045900
16.72529100
16.70391700
16.62745800
16.84545900
16.62700000
16.64675000
16.73825000
16.54887500
16.72545800
16.64087500
16.68354200
16.70516600
16.66137500
16.68475000
16.72945900
16.69266600
16.70216700
16.60741700
16.68379100
16.68325000
16.68312500
16.68325000
16.68345900
16.68370800
16.68287500
16.68333300
16.68337500
16.68337500
16.68333400
16.68329100
16.68333400
16.83125000
16.53591600
16.70779200
16.65850000
16.68354200
16.68337500
16.68370800
16.68275000
16.68391700
16.68287500
16.68320800
16.68358300
16.68345900
16.68308300
16.68354200
16.68300000
16.68341600
16.68362500
16.68320900
16.68320800
16.68345800
16.68345900
16.68379100
16.68212500
16.68483400
16.68208300
16.68329200
16.68333300
16.69883300
16.70225000
16.65512500
16.67741700
16.68300000
16.69187500
16.72550000
16.63266700
16.68333300
16.73550000
16.63137500
16.73500000
16.69791700
16.61950000
16.68191600
16.68254200
16.68320800
16.68375000
16.68341700
16.68312500
16.68429200
16.68216600
16.68550000
16.68137500
16.70641700
16.66008300
16.70312500
16.77458400
16.57183300
16.68408300
16.68270900
16.68337500
16.68345800
16.68408300
16.68258400
16.68366600
16.68383400
16.68250000
16.68300000
16.68329100
16.68558400
16.68133300
16.82020800
16.58429200
16.64637500
16.68308300
16.68295900
17.96791600
15.39895900
16.85295800
16.51412500
16.84641700
16.56729100
16.80095900
16.71212500
16.65800000
16.51412500
16.68362500
16.68350000
16.84595800
16.52170800
16.72441700
16.80183300
16.71595900
16.48970800
16.68337500
16.87337500
16.65929200
16.71008300
16.68258300
16.62804200
16.73458300
16.69233400
16.65662500
16.51454100
16.87437500
16.65950000
16.71000000
16.67858400
16.65941600
16.71054200
16.48950000
16.85012500
16.51683300
16.86883400
16.50012500
16.68066600
16.73366700
16.63404200
16.68245800
16.69025000
16.67645800
16.68325000
16.68408400
16.72058300
16.64545800
16.68362500
16.72625000
16.66212500
16.66266700
16.68200000
16.68308300
16.68345900
16.70654100
16.66004200
16.68341700
16.68975000
16.67687500
16.68333300
16.73287500
16.63408300
16.68337500
16.78479200
16.58150000
16.68362500
16.70487500
16.66170800
16.68325000
16.68320900
16.68329100
16.68500000
16.70383400
16.76766600
16.75575000
16.50458400
16.75616600
16.75570900
16.72191600
16.49966700
16.68345800
16.80175000
16.72416700
16.69887500
16.66458300
16.72525000
16.48504200
16.87525000
16.49141700
16.86391600
16.70154200
16.49691700
16.84908300
16.67829200
16.68025000
16.51333300
16.88304200
16.59529100
16.73995900
16.51500000
16.86433300
16.55812500
16.62783300
16.86441700
16.61733300
16.56929200
16.86291700
16.55620800
16.82550000
16.52904200
16.64162500
16.68354100
16.74887500
16.79616700
16.70570800
16.55166700
16.61412500
16.87941700
16.65029100
16.53733400
16.86295800
16.48654200
16.77225000
16.59504100
16.86254200
16.51654200
16.71775000
16.63858300
16.87633300
16.65533400
16.51725000
16.68550000
16.68000000
16.68304100
16.78108400
16.58545800
16.86041700
16.68383300
16.67279200
16.51662500
16.80725000
16.74358300
16.58716700
16.78908300
16.67254200
16.64295800
16.77195800
16.45200000
16.68525000
16.68337500
16.68245900
16.68541600
16.68000000
16.85987500
16.68920900
16.57504100
16.76695900
16.52587500
16.68320800
16.68320800
16.68345900
16.76041600
16.63158400
16.67354100
16.67291700
16.69129200
16.73562500
16.61779100
16.68695900
16.68000000
16.68325000
16.68312500
16.68333300
16.70183300
16.66475000
16.68341700
16.71058300
16.65612500
16.69162500
16.70916700
16.70387500
16.62866700
16.68358300
16.69966700
16.71816600
16.63212500
16.68354200
16.71325000
16.65316700
16.68308300
16.68370800
16.68562500
16.68083400
16.68354100
16.68529200
16.68362500
16.68066700
16.68341600
16.68329200
16.84854200
16.52308300
16.84766700
16.53833300
16.65920800
16.78962500
16.74000000
16.52029200
16.68408300
16.68329200
16.68283300
16.68333400
16.68300000
16.68350000
16.68337500
16.68316600
16.68345900
16.68329100
16.68350000
16.68370900
16.68395800
16.68320800
16.68229200
16.68325000
16.68350000
16.68320800
16.68362500
16.68308400
16.68429100
16.68250000
16.68320900
16.68354100
16.68300000
16.68350000
16.68325000
16.68362500
16.68337500
16.68312500
16.68600000
16.68041700
16.68345800
16.68341700
16.68312500
16.68354200
16.68608300
16.68062500
16.68308300
16.68341700
16.68345800
16.68337500
16.68312500
16.68337500
16.68383400
16.68283300
16.68341700
16.68337500
16.68662500
16.68008300
16.68312500
16.68337500
16.68612500
16.68075000
16.68316700
16.68345800
16.68333300
16.68337500
16.68325000
16.68329200
16.68616700
16.68033300
16.68637500
16.68075000
16.68320800
16.68470900
16.68162500
16.68479100
16.68200000
16.68366700
16.68300000
16.68454200
16.68204100
16.68341700
16.68333300
16.68341700
16.68320800
16.68370900
16.68558300
16.68083300
16.68337500
16.68316700
16.68333300
16.68362500
16.68304200
16.68341700
16.68458300
16.68225000
16.68320800
16.68325000
16.68333400
16.68325000
16.68358300
16.68320800
16.68325000
16.68325000
16.68345900
16.68333300
16.68350000
16.68304200
16.68362500
16.68312500
16.68341600
16.68400000
16.68291700
16.68341700
16.68304100
16.68325000
16.68362500
16.68320900
16.68333300
16.68325000
16.68620800
16.68058400
16.68350000
16.68312500
16.68329100
16.68358400
16.68300000
16.68325000
16.68341600
16.68333400
16.68375000
16.68279100
16.68345900
16.68329100
16.68370900
16.68279100
16.68358400
16.68333300
16.68325000
16.68350000
16.68537500
16.68383300
16.68075000
16.68316700
16.68329200
16.68345800
16.68329200
16.68341600
16.68345900
16.68416600
16.68616700
16.68058300
16.68404200
16.68254200
16.68254100
16.68320900
16.68566600
16.68141700
16.68287500
16.68320800
16.68329200
16.68345800
16.68325000
16.68333400
16.68362500
16.76716600
16.71475000
16.58800000
16.84866700
16.49791700
16.68441600
16.75645900
16.60920800
16.68662500
16.81870800
16.67337500
16.63858400
16.60462500
16.82208300
16.69629200
16.67233300
16.69308300
16.70158400
16.67329100
16.65216700
16.72333300
16.65004200
16.71383300
16.51333400
16.68316600
16.85787500
16.51145900
16.75937500
16.73275000
16.55520800
16.68345800
16.68329200
16.68325000
16.68391700
16.68291600
16.68316700
16.68345800
16.68329200
16.68329200
16.68333300
16.68366700
16.68295800
16.68337500
16.68329200
16.68362500
16.68320800
16.68745800
16.67912500
16.68325000
16.68337500
16.68329200
16.68608300
16.68066700
16.68320800
16.68341700
16.68341700
16.68316600
16.68350000
16.68320900
16.68345800
16.68379200
16.68287500
16.68316600
16.68345900
16.68329100
16.68329200
16.68325000
16.68358300
16.68325000
16.68320900
16.68350000
16.68337500
16.68329100
16.68925000
16.67741700
16.68333300
16.68337500
16.68308400
16.68354100
16.68345900
16.68325000
16.68329100
16.68337500
16.68316700
16.68341700
16.68350000
16.68608300
16.68054200
16.68320800
16.68529200
16.68137500
16.68341600
16.68316700
16.68341700
16.68329100
16.68337500
16.68325000
16.68325000
16.68337500
16.68358400
16.68625000
16.68041600
16.68333400
16.68325000
16.68312500
16.68358300
16.68320800
16.68350000
16.68333400
16.68595800
16.68054200
16.68354100
16.68316700
16.68558300
16.68108400
16.68350000
16.68325000
16.68312500
16.68333300
16.68612500
16.68062500
16.68329200
16.68320800
16.68645800
16.68029200
16.68350000
16.68320800
16.68362500
16.68304200
16.68341700
16.68341600
16.68320900
16.68616600
16.68045900
16.68337500
16.68320800
16.68341700
16.68350000
16.68312500
16.68354100
16.68316700
16.68341700
16.68591600
16.68066700
16.68337500
16.68320800
16.68375000
16.68308400
16.68333300
16.68320800
16.68354200
16.68308300
16.68333400
16.68345800
16.68325000
16.68379200
16.68295800
16.68370800
16.68320900
16.68304100
16.68354200
16.68337500
16.68325000
16.68308300
16.68341700
16.68329200
16.68350000
16.68333300
16.68462500
16.68275000
16.68241700
16.68341600
16.68333400
16.68329100
16.68345900
16.68341600
16.68325000
16.68333400
16.68345800
16.68316700
16.68625000
16.68066600
16.68308400
16.68375000
16.68554100
16.68062500
16.68329200
16.68612500
16.68066700
16.68325000
16.68341600
16.68320900
16.68345800
16.68325000
16.68337500
16.68329200
16.68616600
16.68058400
16.68345800
16.68325000
16.68325000
16.68354200
16.68312500
16.68350000
16.68329100
16.68316700
16.68350000
16.68329200
16.68329100
16.68333400
16.68337500
16.68333300
16.68320800
16.68350000
16.68312500
16.68345900
16.68337500
16.68350000
16.68325000
16.68325000
16.68487500
16.68179100
16.68337500
16.68333400
16.68329100
16.68341700
16.68333300
16.68325000
16.68325000
16.68337500
16.68341700
16.68354200
16.68295800
16.68362500
16.68316700
16.68566600
16.68083400
16.68354100
16.68329200
16.68320800
16.68345900
16.68325000
16.68337500
16.68333300
16.68337500
16.68325000
16.68329200
16.68337500
16.68345800
16.68316700
16.68345800
16.68341700
16.68329100
16.68337500
16.68333400
16.68312500
16.68333300
16.68337500
16.68337500
16.68329200
16.68354100
16.68325000
16.68320900
16.68333300
16.68350000
16.68320800
16.68333400
16.68333300
16.68341700
16.68333300
16.68341700
16.68316600
16.68333400
16.68337500
16.68325000
16.68341600
16.68325000
16.68337500
16.68329200
16.68337500
16.68345800
16.68308400
16.68337500
16.68383300
16.68300000
16.68604200
16.68091600
16.68320900
16.68304100
16.68337500
16.68329200
16.68333300
16.68325000
16.68350000
16.68316700
16.68341700
16.68337500
16.68329100
16.68341700
16.68329200
16.68325000
16.68345800
16.68320800
16.68341700
16.68333300
16.68341700
16.68320800
16.68337500
16.68337500
16.68337500
16.68320900
16.68345800
16.68333300
16.68320900
16.68333300
16.68329200
16.68345800
16.68720800
16.67950000
16.68337500
16.68366700
16.68287500
16.68333300
16.68333400
16.68337500
16.68358300
16.68308300
16.68341700
16.68325000
16.68316700
16.68333300
16.68333300
16.68341700
16.68341700
16.68329100
16.68329200
16.68337500
16.70104200
16.66558300
16.68362500
16.68308300
16.69208400
16.67975000
16.67825000
16.68433300
16.68770800
16.67791700
16.68329200
16.70287500
16.66383300
16.70037500
16.69404200
16.65545800
16.71437500
16.65237500
16.68337500
16.69837500
16.66812500
16.69800000
16.66887500
16.70808300
16.68766700
16.69495800
16.68012500
16.68720900
16.68841600
16.69016700
16.63008300
16.71958400
16.64700000
16.68337500
16.76341600
16.66941700
16.67041700
16.70220800
16.68408300
16.68620900
16.69025000
16.68166600
16.69320900
16.69425000
16.70750000
16.65087500
16.68937500
16.58370800
16.77829200
16.71904100
16.68100000
16.67945900
16.71062500
16.65720800
16.66945800
16.73125000
16.68004200
16.61070800
16.77270900
16.66379100
16.68300000
16.71804200
16.67325000
16.67354200
16.71941600
16.64270900
16.69512500
16.50800000
16.87600000
16.49050000
16.90829100
16.64204200
16.72966700
16.65841600
16.62004200
16.74516700
16.66791600
16.49529200
16.88491700
16.66287500
16.69008300
16.49541700
16.87591600
16.49075000
16.89266700
16.47404200
16.68320800
16.89050000
16.66995800
16.68083400
16.69341600
16.67354200
16.67875000
16.70145800
16.47833400
16.87975000
16.69675000
16.64966600
16.66529200
16.72720800
16.67583400
16.48879100
16.88625000
16.62641700
16.74545800
16.68312500
16.62275000
16.73075000
16.69241700
16.66758300
16.49537500
16.89133400
16.66600000
16.68825000
16.48779100
16.87262500
16.69887500
16.70141700
16.46025000
16.87787500
16.69608300
16.47612500
16.87262500
16.70529200
16.64566700
16.72550000
16.63975000
16.69979100
16.68720900
16.49087500
16.88525000
16.49600000
16.85158300
16.67479200
16.71345800
16.65395800
16.69741700
16.49404200
16.74445800
16.62241700
16.87225000
16.68850000
16.64945800
16.52287500
16.86066700
16.69754100
16.68050000
16.49470900
16.85387500
16.71504100
16.65495900
16.67600000
16.71562500
16.65820800
16.69275000
16.50025000
16.68341700
16.78479100
16.58216700
16.87220800
16.67137500
16.71150000
16.47775000
16.89304200
16.66345800
16.66479200
16.51200000
16.87404200
16.67804100
16.68879200
16.49258300
16.85962500
16.50729200
16.87404200
16.68083300
16.49487500
16.68329200
16.85716600
16.50987500
16.86916700
16.68287500
16.68783300
16.66966700
16.69483300
16.68275000
16.68179200
16.67766700
16.70750000
16.67104100
16.67933400
16.69058300
16.67291700
16.65270800
16.52995800
16.85925000
16.67154200
16.71529200
16.65995800
16.51029200
16.87437500
16.68041600
16.66962500
16.70662500
16.65833400
16.68900000
16.69641600
16.49137500
16.85904200
16.50758300
16.68516700
16.85462500
16.70229200
16.66587500
16.50883300
16.87470800
16.49170900
16.87370800
16.69700000
16.47950000
16.88195800
16.67620900
16.66595800
16.70200000
16.68270800
16.67225000
16.69133400
16.69983300
16.47775000
16.89433300
16.66500000
16.67870900
16.69545800
16.68154200
16.66866600
16.70645900
16.67270800
16.68429200
16.68025000
16.70279100
16.64683400
16.71466600
16.64841700
16.68337500
16.69700000
16.69341700
16.66733300
16.69287500
16.68445800
16.66720900
16.61216600
16.75258400
16.72395800
16.65995800
16.68395900
16.67175000
16.70070800
16.63383300
16.70900000
16.50937500
16.85304200
16.69550000
16.69516700
16.67825000
16.69591600
16.48220900
16.85991600
16.70545900
16.67616600
16.67445900
16.50170800
16.86941700
16.68504100
16.49450000
16.88725000
16.67087500
16.49179200
16.88625000
16.66908300
16.49495900
16.91662500
16.44995800
16.89079200
16.47575000
16.68454100
16.68208400
16.88000000
16.68062500
16.71150000
16.65950000
16.67441600
16.70054200
16.47675000
16.68366700
16.88491600
16.48137500
16.87166700
16.70637500
16.66362500
16.49191700
16.82416600
16.54233400
16.89095800
16.68445800
16.47462500
16.88212500
16.68829200
16.67362500
16.68583300
16.70183400
16.65825000
16.49325000
16.92037500
16.63941600
16.67904200
16.70079200
16.67104100
16.48937500
16.73208400
16.63466600
16.87645900
16.69445800
16.67341700
16.69954100
16.67833400
16.67245800
16.69241700
16.68495800
16.67312500
16.71933300
16.66787500
16.46754200
16.68341700
16.88870800
16.67550000
16.51433300
16.65475000
16.87525000
16.69629200
16.68237500
16.67237500
16.49054200
16.68316600
16.88041700
16.65041700
16.60645800
16.78650000
16.70341700
16.66962500
16.48658300
16.89029200
16.69033300
16.66591700
16.48683300
16.68325000
16.87891700
16.49095800
16.87387500
16.48970800
16.88991700
16.66808300
16.69016700
16.69025000
16.66937500
16.69075000
16.68987500
16.47812500
16.90116700
16.66962500
16.67479100
16.68475000
16.69295900
16.60325000
16.55670800
16.68333300
16.68333400
16.88987500
16.47679100
16.68354200
16.88870800
16.68637500
16.66566700
16.49241700
16.89270800
16.47420800
16.68320900
16.68320800
16.68333300
16.68320900
16.89095800
16.47733300
16.82979200
16.53562500
16.82250000
16.54404200
16.76975000
16.66041600
16.82591700
16.47704200
16.87537500
16.65225000
16.52245800
16.68329200
16.68345800
16.83104200
16.53562500
16.88920800
16.59091700
16.57025000
16.70366600
16.66762500
16.67958400
80.09758300
19.47225000
7.51991700
9.06833300
19.37745800
5.97300000
5.78491700
5.90045800
5.88716700
7.75091700
16.68466600
16.87358400
16.49512500
16.86954100
16.49370900
16.71037500
16.65633300
16.88575000
16.68387500
16.67266700
16.49108300
16.88845800
16.48066700
16.88575000
16.68841700
16.66779100
16.48879200
16.89125000
16.47550000
16.68329200
16.68329100
16.68354200
16.88920800
16.47733400
16.68333300
16.89220800
16.47445900
16.88295800
16.55512500
16.61191700
16.68329100
16.88958400
16.47704100
16.89266700
16.47416700
16.86904100
16.68679200
16.49670800
16.87358400
16.67925000
16.49445800
16.86937500
16.64675000
16.75929200
16.45800000
16.86583300
16.70354200
16.66445800
16.68662500
16.70100000
16.65691700
16.69225000
16.70129100
16.65720900
16.68020800
16.70420800
16.67641700
16.68183300
16.49487500
16.85704200
16.70625000
16.61825000
16.55179200
16.68325000
16.68337500
16.68341600
16.68320900
16.68341600
16.68325000
16.68420900
16.68262500
16.68325000
16.68333300
16.68333300
16.68333400
16.68337500
16.68329100
16.68379200
16.68300000
16.68325000
16.68337500
16.68320800
16.68362500
16.68316700
16.68358300
16.68308400
16.68316600
16.68341700
16.68395800
16.68291700
16.68320800
16.68333400
16.68600000
16.68054100
16.68400000
16.68275000
16.68379200
16.68295800
16.68329200
16.68616700
16.68025000
16.68350000
16.68379100
16.68291700
16.68325000
16.68337500
16.68600000
16.68054200
16.68345800
16.68341700
16.68325000
16.68341600
16.68316700
16.68337500
16.68341700
16.68333300
16.68495800
16.68166700
16.68325000
16.68341700
16.68325000
16.68387500
19.33120800
21.03212500
18.86625000
18.95258300
15.78425000
16.16662500
16.67575000
16.13041700
16.94179200
18.23479100
18.03312500
17.37120900
17.86383300
18.08404200
18.29666600
16.70354200
16.05929200
15.83525000
16.65233300
16.95062500
16.47683300
16.90945900
15.54216600
15.17312500
15.02083400
17.49875000
15.88883300
17.67475000
16.50708300
15.64908400
16.13783300
16.39145800
16.30887500
17.23870900
16.33004100
18.56095900
18.46170800
18.53266700
16.25850000
16.23241600
15.65608400
16.15525000
15.93912500
16.02770800
15.48741700
15.78791600
16.98741700
16.83037500
16.29870800
15.51241700
16.48266700
16.16512500
16.38295800
15.41804200
15.32870800
16.02675000
16.61245800
16.44541700
15.22000000
15.96087500
16.01883300
15.61587500
16.36112500
16.76375000
16.17150000
16.98291700
18.22345800
15.59008400
16.67979100
16.90312500
17.23162500
17.13833400
16.98091600
16.86566700
16.96504200
17.95241600
17.52554200
16.24862500
16.61929200
16.14754100
16.21625000
16.53808400
16.68133300
16.72866700
17.12437500
16.42708300
15.83250000
17.73116700
16.01412500
17.22179100
17.05483400
17.00566600
17.02437500
17.19750000
17.03995900
17.17095800
16.18683300
16.17525000
16.63895900
16.02800000
16.66400000
15.98783300
16.07733300
15.91512500
15.75291700
16.65745800
16.50275000
18.05970900
17.62695800
17.09283300
16.35870900
15.90729100
19.85620900
18.22058300
18.34883300
18.80604200
31.20791700
21.35670800
20.39395800
16.61687500
16.25116700
15.75508300
15.70887500
15.58650000
15.39150000
15.87166700
15.73500000
15.71183300
15.55820900
16.19991600
16.12641700
15.97750000
15.74520800
17.31437500
17.87345900
15.99237500
16.99829100
16.47045900
16.78870800
15.32508300
15.66091700
15.86270800
16.34100000
16.01583400
16.02337500
17.14725000
15.56712500
15.30000000
15.93208300
16.26141700
16.05308300
15.99283300
15.89316700
16.70020800
17.14616700
14.86508300
13.97012500
14.43287500
14.77445900
14.71175000
14.90341600
14.84495900
16.68308300
16.68366700
16.68320800
16.68312500
17.48266700
15.88404100
16.68350000
17.00137500
17.02241700
16.02604200
16.68354100
16.68879200
16.67775000
16.68345800
16.68291700
16.68345800
16.68345900
16.68320800
16.68383300
16.68316700
16.68358300
16.68329200
16.68629200
16.67991600
16.68679200
16.68016700
17.96383300
15.99754200
16.17629100
17.58970900
17.90979100
17.07366700
16.84291700
16.54191600
15.33666700
16.53683300
15.54729200
20.23787500
16.82287500
16.35820800
16.50433400
16.61750000
16.50570800
15.41241700
16.47112500
16.22395800
15.77666700
16.58587500
17.02900000
17.29287500
16.50279100
16.00533400
16.60037500
16.66945800
16.68370800
17.35837500
16.00825000
16.78800000
16.57858400
16.68345800
17.58075000
15.78591700
18.00420800
18.63312500
25.25720800
19.20083400
19.16200000
18.41287500
17.10170800
16.36920800
16.28387500
16.22470900
17.14133300
16.20204200
14.77175000
15.76945800
14.63262500
14.90229200
14.56512500
14.24454100
14.99862500
14.76895900
14.56804100
15.81858400
16.68341600
16.68333400
16.68341600
16.68316700
16.68341700
16.68341600
16.68354200
16.68279200
16.68350000
16.68329100
17.53725000
16.68554200
15.93083300
16.84554200
16.82087500
16.27979200
16.92816600
16.43883400
16.68320800
16.68320800
17.40895900
16.63245800
17.00466700
17.05620800
15.44091700
17.50004100
15.74033400
16.68325000
17.52575000
17.08616600
16.74483400
15.37650000
17.12420800
16.24237500
17.58095800
15.81733400
18.09995800
15.96637500
15.95212500
17.58987500
15.77679200
16.68316600
18.22345900
15.84562500
17.09704100
15.66745900
16.58333300
17.64312500
16.65141700
15.75745800
16.79862500
18.25770800
15.66004200
16.61841700
16.11912500
16.64387500
16.86783300
17.04675000
16.13558300
16.68329200
16.68329200
16.80466600
16.56237500
16.68312500
16.68366700
16.69900000
16.66729200
16.68316600
16.96266700
17.24816700
15.83933300
16.68375000
16.68291700
16.68312500
16.68358300
17.01733300
16.59733400
16.43575000
17.86979100
15.49637500
17.61079200
17.21637500
16.10245800
15.95900000
17.07875000
16.22116700
17.38400000
16.68175000
17.68079200
15.91862500
17.34600000
16.71300000
15.59145800
17.31008300
18.38295900
15.92441600
16.34416700
15.63995800
15.87750000
17.77983400
15.58745800
16.68287500
16.68341700
16.68341600
17.36054200
16.21162500
17.79733300
15.95687500
16.33850000
16.69054200
16.42795800
16.85512500
16.51133400
16.68329100
16.68341700
16.68420800
19.17658400
16.45616600
15.40358400
16.87625000
16.25375000
19.03279100
16.60733400
17.34345800
18.41487500
18.12204200
18.13941600
17.90483400
17.00791600
17.44029200
16.98841700
17.32316600
17.30554200
17.52270800
16.54870900
16.42695800
15.79537500
16.06233300
16.99179200
16.18095800
15.92937500
16.77504200
15.25645800
15.15850000
15.96691700
16.18204200
16.57075000
15.87429100
16.55841700
16.63883300
17.68883400
16.79620800
16.32591700
17.68750000
15.21241600
14.60670900
14.90054100
15.24529200
16.68329200
17.34529100
16.51262500
16.19387500
16.68254200
22.08595800
17.80979200
15.90070800
14.53229200
15.02029200
14.96212500
16.47108300
16.68325000
16.68325000
16.68350000
16.68320800
16.68329200
16.68350000
16.68312500
16.68329200
16.68362500
16.68304100
16.68337500
16.68316700
16.68370800
16.68312500
16.73883400
16.62783300
16.68320800
16.68333400
16.68337500
16.68333300
16.68358300
16.89670900
16.46970800
17.06691700
17.25520800
15.72816700
16.68320800
16.69529200
16.67137500
16.68345800
16.68329200
16.68337500
16.69287500
16.68091600
16.67629200
16.69150000
16.69125000
16.66741700
16.68316600
16.68341700
16.68312500
16.68329200
16.68329100
16.68350000
16.68325000
16.68325000
16.68362500
16.68841700
16.68508300
16.67645900
16.68333300
16.69008300
16.67645900
