15.59379200
18.21641700
15.32108300
17.63425000
15.72645800
17.61229200
15.77066700
17.46208300
15.86695800
17.43591700
15.92816700
17.34245800
16.06675000
17.47416700
15.85941600
18.13833400
15.25241600
18.24291700
15.10120800
17.97041700
15.42966700
17.65754100
15.69437500
17.58079200
15.74570800
17.82662500
15.54125000
19.69941700
13.69850000
19.29875000
14.07412500
19.24345800
14.09295900
19.57904100
13.80850000
19.09429200
14.23562500
19.50341700
13.90816600
19.42887500
13.89608400
19.87050000
13.53195800
18.67029200
14.69058300
19.43591700
13.90141600
19.45133400
13.79283300
19.00545800
14.49745900
19.58150000
13.80216600
19.83283400
13.51079100
19.53970900
13.86941600
19.86487500
13.48375000
19.62354200
13.58412500
19.67312500
13.69354200
18.78654100
14.58012500
18.50291700
15.03695800
18.40591700
14.97941700
18.32062500
15.03041600
18.86037500
14.50141700
18.63970800
14.73008400
18.84300000
14.49291600
18.71479200
14.50841700
19.36850000
14.18491600
18.46991700
14.87120800
18.50870900
14.86591600
18.61545900
14.75954100
19.11887500
14.26033400
18.27941600
15.04304200
18.39691700
14.99591600
18.33225000
14.86212500
18.41604200
15.10308300
18.56437500
14.81937500
18.10445900
15.27758300
18.38579200
14.96762500
17.98729100
15.37766700
18.34033300
15.04283400
18.57337500
14.67262500
18.57258300
14.89808300
18.01450000
15.35750000
18.07583400
15.28170800
18.47062500
14.80445800
18.24975000
15.23179200
18.22416700
15.12350000
18.16129100
15.21237500
17.94391700
15.24545800
18.21850000
15.33741700
18.42237500
14.90908300
18.36258400
15.03391600
18.52791700
14.84337500
18.27491700
15.06333300
18.36362500
15.03045800
18.44925000
14.89820900
18.44187500
14.93304100
18.37983400
14.97433300
18.35300000
15.02308300
18.26108400
15.09766600
18.67512500
14.52600000
18.16691700
15.38733300
18.37870900
14.80037500
18.30500000
15.23545800
18.29466700
15.08370800
18.27175000
15.11900000
18.22891700
15.09341600
18.28091700
15.10383300
18.19037500
15.16020900
18.18929100
15.08091700
18.13404200
15.25587500
18.45945800
14.96262500
17.94983300
15.26991700
18.22479200
15.30483300
18.06295800
15.30879200
17.85975000
15.48487500
17.73833300
15.64295900
17.95308300
15.42604200
17.66750000
15.66854100
17.74520900
15.47645800
18.19762500
15.32095800
19.66829200
13.67829200
18.55816600
14.84491700
18.20991700
15.16062500
18.18725000
15.17612500
17.89933300
15.29879200
17.85541600
15.51095900
17.99758300
15.36941700
18.20070800
15.28220800
19.93587500
13.48004200
19.21529200
14.11237500
19.19595800
14.19887500
19.45795800
13.89137500
20.05375000
13.34000000
19.44495900
13.89670800
19.26575000
14.12679200
19.20420800
14.12979200
19.45808300
13.93650000
19.52691700
13.83241600
19.80800000
13.53179200
20.01550000
13.32729200
20.39583300
13.03445800
19.82075000
13.54558400
19.83766600
13.49466700
19.88033300
13.50787500
19.85062500
13.52829200
19.96504200
13.38750000
18.50083300
14.89225000
18.74970800
14.60512500
18.98145900
14.36587500
18.61775000
14.76912500
18.27604100
15.08000000
18.87883400
14.48758300
18.40750000
14.96941700
18.24550000
15.13112500
17.68966600
15.50116700
17.81883300
15.68920900
17.74900000
15.64445800
17.80004200
15.55379100
17.75083400
15.60737500
18.35133300
15.04979200
18.19575000
15.16091600
18.37837500
14.81762500
18.17550000
15.37620900
18.48029100
14.86875000
18.39437500
14.93700000
18.77458400
14.64558300
18.71916700
14.61745800
18.03125000
15.35154200
18.41429100
14.96370900
18.23691600
15.10216700
18.40995800
14.95833400
18.49879100
14.83700000
18.34950000
15.07058400
18.16420800
15.18766700
18.54779100
14.82987500
18.14600000
15.22195900
18.80600000
14.53487500
18.12312500
15.26729100
18.22375000
15.14212500
18.27108400
15.08004100
18.36487500
14.84195900
18.03433300
15.50554200
18.49979100
14.84200000
18.23125000
15.14370900
18.34904100
15.02258400
18.42791600
14.94029200
18.16104200
15.20812500
18.53483300
14.83687500
18.77458300
14.57912500
18.81137500
14.55408400
18.40304100
14.97458400
18.54170800
14.81170800
18.35795900
15.00825000
18.49804100
14.71495900
18.76375000
14.78004100
18.24991700
14.93950000
18.33300000
15.19945800
18.22562500
15.14987500
18.41558400
14.93129100
18.40683400
14.94020800
18.79708300
14.59875000
18.85737500
14.50741700
18.84062500
14.52054200
18.33379100
15.03875000
18.58583400
14.76616600
18.20787500
15.16666700
18.54600000
14.83108300
18.48333400
14.85700000
19.04775000
14.31925000
19.14762500
14.23591600
19.20450000
14.13916700
18.55691700
14.83129100
18.12904200
15.23800000
18.46591700
14.89300000
19.05400000
14.31029100
18.36350000
15.02995900
19.46704100
13.87570900
19.72533300
13.62304200
19.28745800
14.12816700
19.30395800
14.05729200
20.03870800
13.32008300
19.88537500
13.49416700
20.18837500
13.17825000
19.88754200
13.46554100
20.27941700
13.10066700
20.08816600
13.27929200
20.61741700
12.71645800
20.59083300
12.80566700
20.27470800
13.09491700
19.85158300
13.49612500
19.81854200
13.55512500
19.89270800
13.46162500
20.41175000
12.94641700
20.32825000
13.05587500
19.36083300
14.01383400
19.16141600
14.19295900
18.48341600
14.88829200
18.30645800
15.06895900
18.49550000
14.69725000
18.35104100
15.17450000
18.23754200
14.97066700
18.73641600
14.79179200
18.29687500
15.06929200
18.34762500
14.85754100
18.53329200
14.99516700
18.49279100
14.87291700
18.41900000
14.96691700
18.38550000
14.93420800
18.31716700
15.08866600
18.62725000
14.73937500
18.48900000
14.87920900
18.46387500
14.88891600
18.43600000
14.77079200
18.58079200
14.95591600
18.71237500
14.64566700
18.54970800
14.82208400
18.66233300
14.53770800
18.49295900
15.03170800
18.63908300
14.71954200
18.60608300
14.74191700
18.75012500
14.64529200
18.65229100
14.71650000
18.61695900
14.75854100
18.59950000
14.75633400
18.59554100
14.77808400
18.60983300
14.76091700
18.65466600
14.69850000
18.61495900
14.76533300
18.44320800
14.92945900
18.50375000
14.86920800
21.15545800
12.19479200
18.41037500
14.97258300
18.50154200
14.68166700
18.44366600
15.08050000
18.54220900
14.84783300
18.48812500
14.86991700
17.87625000
15.47175000
18.22487500
15.15937500
18.35025000
15.02100000
18.24041600
15.12129200
18.34233300
15.01883400
18.46887500
14.90600000
18.47908300
14.87575000
18.35837500
15.00633300
18.72154200
14.66070800
18.49895900
14.87470800
17.99762500
15.36287500
18.16775000
15.02279200
18.52204100
15.00866700
18.45391700
14.89141600
18.77025000
14.59866700
18.63245800
14.74645900
18.53770800
14.83725000
18.80675000
14.56545800
18.94016700
14.41879200
19.24295800
14.13200000
19.25604200
14.11816600
19.21358400
14.14075000
19.07295800
14.28754200
19.18716600
14.19225000
18.74937500
14.61608400
19.01233300
14.35412500
19.08954200
14.10508300
19.03775000
14.51279200
19.37491600
13.96579200
19.14079200
14.24504100
19.15491700
14.20329200
20.06437500
13.27691600
19.48466700
13.93395800
19.32587500
14.02487500
19.89641700
13.43179200
20.11333300
13.27712500
19.79479200
13.56008300
19.72329200
13.60425000
19.48975000
13.91495800
19.36258300
13.98220900
19.34641600
14.05400000
19.40945900
13.92200000
19.82925000
13.59116600
20.23354200
13.11129200
20.06583300
13.30266700
20.00170800
13.37925000
20.21162500
13.14366700
20.05633300
13.30841700
20.06125000
13.29579100
20.62354200
12.74900000
20.23441700
13.13712500
20.15525000
13.22620800
19.26512500
13.92245800
19.16550000
14.36625000
19.19862500
14.18020900
19.15658300
14.21883300
19.07216700
14.27808300
19.06529200
14.13195800
18.27941700
15.08712500
18.02362500
15.50700000
17.90350000
15.46741700
17.86137500
15.54020800
17.86991700
15.49441600
17.94154200
15.39429200
17.89558300
15.48212500
18.03979200
15.30875000
18.05479100
15.32833400
18.06329100
15.30687500
18.43345900
14.75041600
18.17975000
15.35687500
18.35595900
14.84070800
19.11720800
14.41579200
18.59300000
14.60733300
18.20354200
15.33608300
18.45804200
14.92416700
18.04962500
15.30116600
18.02112500
15.17291700
18.16129200
15.39487500
18.27712500
15.07370800
18.13737500
15.24137500
18.05479200
15.31054100
18.11004200
15.07220800
17.99091700
15.56808300
18.11525000
15.26491700
18.07200000
15.27441700
18.27154100
15.09120900
18.06370800
15.31262500
18.18016700
15.17141600
18.43345900
14.94475000
18.14108300
15.23262500
18.27354200
15.07800000
18.16158300
15.02541700
18.28100000
15.08562500
18.28604100
15.24983400
18.09654100
15.27904200
18.14770800
15.21920900
18.27191600
15.10166700
18.24837500
15.15075000
18.53970800
14.80200000
18.33529200
15.01929200
18.19741600
15.17075000
18.12420900
15.25383300
17.97462500
15.19845800
18.97745900
14.38929100
18.51225000
15.07558400
19.06808300
14.27829200
18.72220800
14.44350000
18.87220800
14.71416700
18.97266700
14.37629100
18.82195900
14.52345800
18.84208300
14.34379200
18.85075000
14.51595800
18.93945900
14.42833300
21.02779200
12.48808300
21.32904200
11.99591600
23.19120900
10.06816600
21.68812500
11.85762500
19.17979200
14.20158300
19.64229200
13.71204200
19.12870800
14.25979200
19.10162500
14.10341600
19.01479200
14.48891700
19.31070800
14.08070800
19.24816700
14.12033300
19.55950000
13.77683400
18.96075000
14.39091600
19.30204200
14.06154200
20.36545800
13.01916700
19.53629100
13.80637500
19.56025000
13.80154200
19.44725000
13.94295800
19.50520900
13.81970800
19.32600000
14.08016700
19.80241600
13.53154200
19.07820800
14.31795900
19.30979100
14.03404200
19.16637500
14.10450000
18.93258300
14.51862500
19.05904200
14.29237500
18.82962500
14.57837500
19.18995800
14.15283400
19.17566600
14.20579200
19.18141700
14.17979100
19.45129200
13.92658300
19.72900000
13.48362500
17.87883400
15.67333300
18.50508300
14.67695900
18.78933300
14.58308300
19.52750000
14.01791700
18.52641700
14.65750000
18.30720800
15.05679200
18.15204100
15.21462500
18.26483400
15.10187500
18.24441600
15.30020900
18.26216600
15.11337500
18.25270900
15.12020800
17.98479200
15.18895800
18.51154200
15.06112500
18.81329100
14.54029200
18.68587500
14.66725000
18.54695800
14.82983400
18.43575000
14.93850000
18.18379100
15.16658400
18.82825000
14.54983300
18.32616700
14.84816600
18.62262500
14.92425000
18.57050000
14.61595900
18.42945800
15.14075000
18.68241700
14.67479100
18.50500000
14.84808400
18.37491600
14.81120900
18.50925000
15.04233300
18.49379200
14.89912500
18.55279100
14.79633400
17.74366600
15.42945900
18.07983300
15.46500000
18.16366700
15.22158300
18.31887500
15.03008300
18.38875000
14.97716700
18.44083300
14.94037500
18.27454200
14.89912500
18.38629200
14.98050000
18.27920800
15.08745800
18.46758400
15.09854100
18.47262500
14.87291700
18.29325000
15.09120800
18.39187500
14.97075000
18.25725000
15.09625000
18.33541700
14.85229200
18.33637500
15.22170800
18.48912500
14.86341700
18.23379100
15.13558400
18.44204100
14.74458400
19.05308300
14.49300000
18.43612500
14.95000000
18.37729200
14.98208300
18.32304200
15.02925000
18.45783300
14.73170800
18.37670900
15.18175000
18.20425000
15.14841600
18.17354200
15.18375000
18.38450000
14.81370800
18.57466700
14.79200000
18.62587500
14.91433300
18.73675000
14.64883400
18.64841600
14.70508400
18.47395800
14.89345800
18.43487500
14.94200000
18.97141700
14.39508300
18.51562500
14.83508400
18.50166600
18.35308400
13.20066600
18.41495900
14.95383300
18.62987500
14.74029200
18.41175000
14.94545800
18.49875000
14.87758300
18.54433400
14.82625000
18.44141600
14.91308400
18.53212500
14.83233300
18.01416700
15.17758300
18.26712500
15.10008300
18.10766700
15.40254200
19.44162500
13.78100000
18.99254100
14.37870900
19.25091600
14.11108400
19.75091600
13.79170900
19.49741600
13.85387500
19.07745900
14.12866600
19.08062500
14.45041700
18.85908300
14.46308400
19.01729100
14.37575000
18.89266700
14.46879200
19.12720800
14.25520800
18.67804200
14.65412500
18.59645800
14.78362500
18.96558400
14.41129100
18.78791700
14.59654200
19.76983300
13.58608300
19.57904200
13.78312500
19.31437500
14.07541700
17.72329100
15.65879200
17.66612500
15.68245800
17.53291700
15.80720800
17.49937500
15.72491700
17.28520800
16.08141700
17.39383300
16.09491700
17.44016700
15.80458300
17.28283300
16.21945900
17.27108300
16.08791700
17.07908300
16.28275000
16.96579200
16.27758300
17.08962500
16.38070800
17.21512500
16.17408400
16.99087500
16.25133300
17.42900000
16.06704200
17.19008300
16.17079200
17.01191600
16.22937500
16.89087500
16.58491700
16.90200000
16.46562500
16.75595800
16.62412500
16.82679200
16.52079200
16.72208300
16.54187500
16.68158300
16.79783400
16.56883300
16.79454200
16.57212500
16.68345800
17.02520800
16.45487500
16.84616700
16.51958300
17.29637500
16.08662500
17.66666700
15.70929200
18.44516600
14.78337500
18.29975000
15.23937500
18.18754200
15.17720800
18.03541700
15.34737500
17.41133300
15.90433400
17.57829100
15.80804200
17.85941700
15.35195800
17.56829200
15.96775000
17.26766600
16.06604200
17.69295800
15.70662500
17.38312500
15.95229200
17.20837500
16.14550000
16.96508300
16.39833400
16.73904100
16.50566700
16.68541700
16.69079100
16.67366700
16.79541700
16.57116600
16.78341700
16.58320800
16.68350000
16.68333400
16.86650000
16.50008300
16.79870800
16.56787500
16.77537500
17.14529200
16.25654200
17.92929100
15.31029200
18.08979200
15.45375000
18.57433300
14.80179200
18.14120800
15.03912500
18.42387500
15.11112500
18.70583300
14.49308400
18.70916600
14.65691700
18.47262500
14.89420800
18.61795900
14.90533300
18.36837500
15.01816700
18.47633300
14.88516700
18.59862500
14.76591600
18.61250000
14.77025000
18.84620900
14.51241600
18.48187500
14.87541700
18.54820800
14.83454200
18.50112500
14.85366700
18.81950000
14.37495800
18.29337500
15.24691700
18.74679100
14.61962500
18.57658400
14.79308300
18.48270800
14.89825000
18.79133400
14.38770800
19.02483300
14.33875000
19.76000000
13.60675000
19.52983400
13.99437500
19.71291600
13.62020900
19.63120800
13.79079200
19.58983300
13.73437500
19.29929200
14.10062500
19.37158300
13.96429200
19.34029100
14.05983400
19.33287500
13.99629100
19.52766700
13.82987500
20.32095800
13.06745900
20.18370800
13.17458300
19.40475000
13.97316700
19.64366700
13.73700000
19.46250000
13.87566600
18.61975000
14.72941700
18.73516700
14.51258300
18.84962500
14.70050000
17.38116700
15.93858300
17.53054200
15.85491600
17.78891700
15.59062500
17.54116700
15.79908300
17.67891700
15.54604100
17.99716700
15.52645800
18.13095900
15.12729100
18.13666700
15.36366700
18.00845800
15.17591700
17.62562500
15.87233300
17.82329200
15.46958300
18.15025000
15.33900000
18.39154200
14.96158300
18.04895800
15.33637500
17.74595900
15.43554100
17.61791700
15.87662500
18.43837500
14.97087500
17.35258300
15.96725000
17.80233400
15.59416600
18.37745900
15.00450000
18.88866600
14.49420900
18.59979100
14.75633400
19.15062500
14.19420800
18.19912500
15.20404200
19.02433300
14.32991700
18.60316600
14.73033400
18.47866600
14.92191700
18.70825000
14.64720800
18.41170900
14.78883300
18.46725000
15.06550000
18.13458300
15.23679200
18.65554200
14.71354100
18.65512500
14.72108400
19.03704100
14.32066700
18.76033300
14.58362500
19.13545900
14.24541600
18.28533400
15.09654100
18.46445900
14.89275000
19.09095800
14.26937500
18.89008300
14.47875000
18.49670900
14.70325000
18.89062500
14.64358300
18.65250000
14.71637500
18.85350000
14.48266700
18.80133300
14.57766700
18.82862500
14.55383300
18.68325000
14.66541700
18.64637500
14.74604100
18.51750000
14.84587500
18.56766700
14.78970800
18.70520900
14.49862500
18.60254100
14.92754200
18.87025000
14.48345800
18.98316700
14.38125000
18.74391700
14.65112500
18.67358300
14.65862500
18.82420800
14.55383400
18.87779100
14.51045900
18.85254100
14.49900000
18.62508400
14.73250000
19.04912500
14.33283300
19.14904200
14.23258300
18.94954200
14.39462500
18.97887500
14.40275000
18.95104100
14.41745900
19.26208300
14.09658300
18.89208400
14.47400000
19.02279100
14.34500000
18.33745900
15.01904100
18.12870900
15.23358300
18.10325000
15.25354200
18.16625000
15.20862500
18.04383300
15.29008300
19.69112500
13.67841700
19.14204200
14.24566600
19.24070900
14.09316600
18.98712500
14.40704200
19.06683300
14.29016700
19.15958300
14.20108400
19.21600000
14.17266600
19.62554200
13.75295800
19.27295900
14.06675000
19.20054100
14.17179200
19.73500000
13.62554200
19.23475000
14.12404100
19.73345900
13.66441600
19.72095900
13.49408300
18.39654200
15.11983300
20.17508300
13.20537500
19.18787500
14.19183400
19.12962500
14.23304100
18.07325000
15.30870900
18.95833300
14.38891700
18.97416600
14.37154200
18.85162500
14.53416700
19.27416600
14.09350000
18.93441700
14.38116700
19.46787500
13.93712500
19.02104100
14.35879200
19.02583300
14.17279200
18.87670800
14.49008400
18.85670800
14.67612500
18.73687500
14.62095800
18.84283400
14.52241600
18.90187500
14.48208400
19.12658300
14.22354200
19.02370800
14.33650000
19.04937500
14.22962500
19.04941700
14.38520800
19.13000000
14.26904200
19.20366600
14.17325000
19.19125000
14.17325000
18.95391700
14.24166700
19.18629100
14.35200000
18.99075000
14.38037500
17.71462500
15.47608400
17.77487500
15.74212500
17.74641600
15.64350000
17.61208400
15.58087500
17.69487500
15.82850000
17.87945800
15.33050000
17.76725000
15.76112500
17.73054200
15.62100000
17.60491600
15.77204200
17.72408300
15.63079200
18.01970800
15.20187500
17.75175000
15.76679200
17.91158300
15.44712500
17.84862500
15.53504200
17.93141700
15.45112500
17.73245800
15.57991700
17.83329100
15.57325000
17.67933400
15.69150000
18.01800000
15.32733300
17.82179200
15.55654100
17.86558400
15.52345800
18.20195800
15.14308400
19.21516600
14.14045900
19.00612500
14.39654100
19.05245900
14.30825000
19.10537500
14.24429100
19.05170900
14.32566600
19.13737500
14.23766700
18.95229200
14.40658300
19.07791700
14.30100000
19.36020800
14.00904200
19.16837500
14.17300000
19.12908300
14.07708300
19.05575000
14.48808400
19.08870800
14.26091700
19.07241600
14.29775000
18.85654200
14.54812500
19.00679200
14.31800000
18.87125000
14.49387500
18.82245800
14.38666700
19.90125000
13.62287500
19.06866600
14.19204200
19.04616700
14.44854100
18.92437500
14.42820900
19.20170800
14.18495800
18.64495900
14.62141600
19.15700000
14.12387500
19.04158400
14.49108300
18.97908300
14.39866700
19.22270800
14.13770900
19.77916600
13.41666700
19.89816700
13.61704100
19.90583400
13.49120800
19.97733300
13.37145900
19.76416600
13.61895900
19.74008300
13.60562500
19.98320800
13.39391700
19.61516700
13.75308300
20.04387500
13.29620800
19.90241700
13.48116700
20.23250000
12.97525000
19.61112500
13.93325000
19.92629100
13.43016700
16.51570800
16.73920900
16.96325000
16.38400000
17.12279100
16.27833400
17.94475000
15.47825000
17.86270800
15.37687500
16.68316700
16.78008300
16.58658300
16.68341700
16.78541700
16.70462500
16.55987500
16.76370800
16.60295800
16.76875000
16.59787500
16.78504200
16.58166700
16.78712500
16.57954100
16.68354200
16.68325000
16.86425000
16.68833300
16.62120900
16.55945800
16.77025000
16.59637500
16.80875000
16.55800000
16.83712500
16.52950000
16.68345800
16.68325000
16.80429200
16.56229200
16.80454100
16.56212500
16.78458400
16.58208300
16.68345800
16.68325000
16.68345900
16.68316600
16.78416700
16.58250000
16.78029200
16.58637500
16.79912500
16.56783300
16.80337500
17.97975000
15.26675000
18.39425000
15.15183300
18.65041700
14.71029200
18.87658300
14.48929200
19.11150000
14.26104100
18.83050000
14.53695900
18.86508300
14.48591700
19.19045800
14.19883300
19.34804200
14.00212500
19.54691700
13.64995800
19.23845800
14.30737500
19.21037500
13.97700000
18.23541700
15.29708300
18.85920900
14.52679100
19.48933400
13.87179100
19.26504200
13.92208300
19.21729200
14.33637500
19.29416700
14.07137500
19.11325000
14.23966600
19.16991700
14.22104200
19.06204100
14.10820900
18.85200000
14.69200000
18.92954100
14.25975000
18.73829200
14.81891700
18.45479100
14.89487500
18.28308400
15.08491600
17.98179200
15.39283300
17.90766700
15.44279200
17.44733300
15.75279200
17.52016600
15.93608400
17.43045800
15.99354200
17.46650000
15.90775000
17.13887500
16.22337500
17.04762500
16.29658300
17.51862500
15.72041700
17.33891600
16.17516700
16.93525000
16.39725000
16.96912500
16.40870800
16.84129200
16.53245800
17.22441700
16.01070800
16.76812500
16.71858400
16.85629100
16.39033400
16.81362500
16.68345800
16.55279200
16.79608300
16.57058300
16.83400000
16.78841700
16.62762500
16.70229200
16.51387500
16.65295800
16.78445800
16.62087500
16.75929200
16.90354200
16.44412500
16.64170800
16.72650000
16.56966700
16.81108300
17.19291700
16.13104100
18.84850000
14.58562500
18.15837500
15.20037500
18.73483400
14.61429100
18.30366700
15.06370800
18.11187500
15.26879200
18.52654200
14.83229100
18.77470900
14.58941600
18.51095900
14.88683300
19.02333300
14.31175000
18.83208400
14.55012500
18.44100000
14.92266600
18.96654200
14.42179200
18.73541600
14.59704200
18.79195800
14.58620900
18.63108300
14.74070800
18.42837500
14.92270900
18.98062500
14.40241600
18.84900000
14.54550000
17.11858400
16.22583300
16.91937500
16.42033300
16.99191700
16.40375000
17.14820800
16.22850000
17.05962500
16.28245900
17.18112500
16.20220800
17.13787500
16.06820800
17.15191700
16.33762500
16.96720800
16.43354200
16.98804200
16.33445800
16.83916700
16.41466600
16.77650000
16.67837500
17.14979200
16.24212500
17.11200000
16.15320800
17.17950000
16.17525000
17.14712500
16.21945900
17.15108300
16.33875000
17.09454200
16.28066600
17.53745900
15.69750000
17.21737500
16.26987500
17.14883300
16.24329200
17.00150000
16.21912500
16.97320800
16.50025000
17.13050000
16.26833300
17.30879200
15.92645800
17.04966700
16.30954200
17.07991600
16.28670900
17.17141600
16.26200000
16.97604200
16.43716700
16.79900000
16.57433300
17.20208300
16.23200000
17.21958400
16.09241600
17.34450000
16.06250000
17.40079200
15.95783300
17.66950000
15.53212500
17.25525000
16.23462500
17.22470900
16.16816600
16.63904200
16.68604200
17.38604100
16.01441700
17.41012500
15.96895800
17.50029200
15.86462500
17.51316700
15.87216600
17.76370900
15.61937500
17.84162500
15.33766600
17.81058400
15.73141600
17.76045900
15.61545800
17.69908300
15.65283400
17.85262500
15.52187500
19.45075000
13.91183300
18.75558300
14.61929200
18.33333300
14.85350000
17.89537500
15.65895900
17.98312500
15.32720800
17.95550000
15.45370800
17.99562500
15.39300000
17.80495900
15.55137500
17.92445800
15.43070800
17.84454200
15.34625000
18.27150000
15.14154200
18.11491600
15.38133400
17.83775000
15.41870800
18.00262500
15.48975000
17.93479200
15.41916600
18.45537500
14.90991700
17.87383300
15.37062500
18.11425000
15.19720900
18.24450000
15.29391600
18.04775000
15.14708400
18.23658300
15.30512500
18.23979200
15.12783300
18.29387500
14.89683300
18.49020900
15.05366600
18.28220900
14.91020800
18.43412500
15.11087500
18.57470800
14.75529200
19.42741700
13.79462500
19.26487500
14.10179100
19.15654200
14.39183300
19.36041700
13.98941700
19.11170800
14.26729200
19.05670800
14.28433300
19.23483400
14.14379100
19.20133400
14.15137500
19.27279100
14.08787500
19.40375000
13.96908400
19.63404100
13.72116700
19.18466700
14.22229100
19.35983400
13.82829100
19.40633400
14.12775000
18.96466600
14.38133400
19.15437500
14.22487500
19.78366600
13.58500000
19.81883400
13.56595800
19.15179200
14.21479100
18.38925000
14.97145900
18.35666600
15.02825000
18.32983400
18.22454100
13.51341700
16.47387500
18.51216700
14.96545800
18.47720800
14.77841700
18.51050000
18.13000000
13.40962500
18.51166700
15.01833300
18.19241700
15.19283300
18.39675000
14.97833300
18.35462500
14.99220900
18.23225000
15.14554100
18.22029200
15.15079200
18.49725000
14.68366600
18.60745900
14.93229100
18.50841700
14.68479200
18.66112500
14.87887500
18.30420800
15.06120800
18.41458400
14.96045800
18.41450000
14.95095800
18.45754200
14.72987500
18.52141700
14.84529100
18.42704200
15.11179200
18.52825000
14.83383300
18.46958300
14.89804200
18.45604200
14.90475000
18.26087500
15.11166600
18.11837500
15.07966700
18.51450000
14.94904200
18.44925000
14.99083300
18.24933300
15.12912500
18.60770900
14.57691600
18.54366700
14.97320800
18.59525000
14.62120900
18.61433300
14.75229200
18.42758300
15.09933300
18.32475000
15.05825000
18.12887500
15.24541700
17.98458300
15.37129200
17.96212500
15.41004200
18.49925000
14.87241600
18.30100000
14.88179200
18.49920800
15.03495900
18.40100000
14.94875000
18.51029100
14.87508400
18.36858300
15.00475000
18.35000000
14.86054200
18.66579100
14.85204200
18.47675000
14.88783300
18.41020900
14.96987500
18.31591600
15.02641700
18.34104200
14.86762500
18.52129100
15.02587500
18.61225000
14.74137500
18.03870900
15.32912500
18.65983300
14.53825000
19.30779200
14.21358300
18.33095800
15.03045900
18.04895800
15.35787500
18.50870800
14.85741700
18.48066700
14.85891600
18.12754200
15.25570800
18.29633400
15.06770800
18.35070800
15.00454200
18.52937500
14.76662500
18.44358300
15.00837500
18.33279200
14.85475000
18.54700000
14.81954200
18.47512500
14.91016600
18.55666700
14.95845800
18.22733400
15.13004100
18.48779200
14.89629200
18.31904100
15.01804200
18.10258300
15.23670900
19.05687500
14.36287500
19.12425000
14.07112500
19.38295800
13.98370800
19.34687500
14.17225000
19.52470900
13.80870800
19.39945800
14.00250000
19.57429200
13.77295800
20.34250000
13.03879200
18.52579200
14.85108300
19.26975000
14.07379200
18.83220800
14.55262500
19.73629200
13.64329100
20.40095900
12.96858300
19.59533300
13.77870900
19.48812500
13.79812500
18.25441600
15.12433400
19.98200000
13.44354100
19.02695900
14.33054100
18.24366700
15.14195800
18.44908400
14.91929100
18.38875000
14.96212500
18.32045900
15.05150000
18.05125000
15.33104100
18.22983400
15.11808300
17.93704200
15.43141600
18.06333400
15.31537500
18.30925000
15.04437500
18.13100000
15.23783300
18.22125000
14.97587500
18.20187500
15.30279200
18.37083300
15.02645800
17.96808400
15.42245800
18.29233300
15.05270900
18.19900000
15.16850000
18.36391600
15.01345900
18.19220800
15.16204200
18.07266600
15.28583400
17.96429100
15.45275000
18.03129200
15.30625000
18.40279200
14.78083300
18.63737500
14.81795800
18.67962500
14.78075000
18.17708400
15.16895800
18.10958300
15.28395900
18.27170800
15.03987500
18.30970800
15.07525000
18.42858400
14.94708300
18.19929200
15.18650000
18.02829100
15.32437500
18.43070900
14.93675000
18.16791600
15.21408400
18.17612500
15.16891600
18.10679200
15.27162500
17.89995800
15.47433400
18.20925000
15.14604100
18.04237500
15.31516700
18.07204200
15.31854100
17.94654200
15.39975000
18.09145800
15.29020900
18.00358300
15.34404200
18.29766600
15.08041700
18.10954200
15.25462500
17.92158300
15.46195800
18.08200000
15.27762500
18.07179200
15.28304200
18.24666600
14.95429200
18.02508300
15.51954200
18.17333300
15.18366700
17.99725000
15.38937500
18.60062500
14.72904200
18.56450000
14.78625000
17.73408300
15.68137500
18.22925000
15.13912500
17.96020800
15.22062500
18.07662500
15.36437500
18.06883400
15.40820800
18.15554200
15.18487500
18.21716600
15.15491700
18.00291700
15.38200000
18.03841600
15.31466700
18.01641700
15.35050000
18.01004100
15.37683400
18.09758300
15.18087500
17.86895800
15.57104200
17.84258300
15.52720900
18.04575000
15.31166600
17.83608400
15.52983300
18.28066700
15.10775000
19.63366600
13.69758400
19.06858300
14.25791700
19.44412500
13.98170800
18.84116700
14.49250000
18.96025000
14.42337500
18.76316600
14.58900000
19.29758400
14.09850000
18.80987500
14.52100000
19.10500000
14.25970800
19.19583300
14.19941700
18.94179200
14.38079100
19.24808400
14.16170800
19.10466700
14.23825000
18.90325000
14.48133300
18.76691700
14.57404100
18.83287500
14.55304200
19.69970800
13.61866700
19.67470800
13.74287500
17.97275000
15.40554200
18.14429200
15.21554100
17.98083400
15.37820800
17.90254200
15.48083300
18.08175000
15.27466700
17.99916600
15.37300000
17.93512500
15.43400000
18.01745900
15.33070800
17.91370800
15.46525000
17.85237500
15.52825000
17.89575000
15.45900000
17.83241700
15.52583300
18.01475000
15.36370900
17.93679100
15.41708400
18.08300000
15.29729100
17.87504200
15.48950000
17.96466700
15.24075000
17.52854100
15.98975000
17.64420900
15.74887500
17.62037500
15.75900000
17.74037500
15.59095800
17.93704200
15.41583300
17.86850000
15.52229200
18.18358300
15.12762500
17.88529200
15.53612500
17.98712500
15.38866600
17.98983400
15.35925000
17.73025000
15.63016600
17.92045900
15.43300000
18.08970800
15.28866700
17.99912500
15.37429100
18.01037500
15.36408400
17.93183300
15.42883300
18.02245900
15.34541600
17.81041700
15.52854200
19.15945800
14.22029200
17.92120800
15.45983300
17.95175000
15.39741700
17.94308300
15.44587500
17.95470900
15.39812500
17.94470800
15.44675000
17.92458300
15.43791700
17.94395800
15.40104200
17.94900000
15.42625000
18.21633300
15.17933400
17.84058300
15.51554200
17.96825000
15.37037500
16.67070800
16.70595800
16.59508400
16.69633300
16.70466700
16.73508300
16.63316700
16.68158300
16.66675000
16.68045800
16.70654200
16.72104200
16.66670800
16.71720800
16.62220900
16.58258300
16.77470800
16.69020900
16.67129100
16.76958400
16.62808300
16.67812500
16.69679200
16.62920800
16.70883300
16.67316700
16.68895800
16.69812500
16.69816700
16.67254200
16.66716600
16.71491700
16.67137500
16.73791700
16.61945800
16.57808300
16.76929200
16.59737500
16.72404200
16.64275000
16.79662500
16.72641600
16.65529200
16.55508300
16.77225000
16.59441700
16.83750000
16.52912500
16.68366700
16.68304100
16.68333400
16.68337500
16.68333300
16.68358300
16.68416700
16.68216700
16.68325000
16.68337500
16.68320800
16.68337500
16.68345800
16.68333400
16.68329100
16.68512500
16.68158400
16.68325000
16.68337500
16.68325000
16.68341600
16.68333400
16.68333300
16.68329200
16.68333300
16.68329200
16.68341600
16.68333400
16.68329100
16.70700000
16.70420900
16.63895800
16.68316700
16.68325000
16.68341600
16.68341700
16.68320800
16.81133400
16.66833300
16.68016700
16.67291600
16.73937500
16.63837500
16.66316700
16.75720800
16.65145900
16.68025000
16.55416600
16.84970900
16.63495800
16.68641700
16.56212500
16.68329100
16.85479200
16.62858300
16.67087500
16.75604200
16.50679200
16.84158300
16.52475000
16.86316700
16.57120800
16.72008300
16.69083400
16.57129100
16.81858400
16.68979100
16.65625000
16.68766700
16.56541700
16.84583300
16.62745800
16.67329200
16.68241700
16.58695800
16.68350000
16.76916700
16.59712500
16.81958300
16.66400000
16.70000000
16.54966700
16.76662500
16.60029100
16.76558400
16.68887500
16.76995800
16.62275000
16.67716700
16.69354100
16.56525000
16.68329200
16.79795800
16.67183400
16.73029100
16.69229200
16.69083300
16.69300000
16.63245900
16.55804100
16.82012500
16.71966700
16.61962500
16.57387500
16.80325000
16.62691700
16.61991600
16.81870900
16.54800000
16.80754100
16.67229200
16.73070800
16.52283400
16.78120800
16.58554200
16.68345800
16.79229200
16.57416600
16.82083400
16.70316600
16.64537500
16.56375000
16.79308400
16.68937500
16.73983300
16.58891700
16.72000000
16.70050000
16.55179100
16.79379200
16.57616700
16.83970800
16.69575000
16.51112500
16.79095800
16.57575000
16.78879200
16.70229200
16.67729100
16.56495900
16.79150000
16.57520800
16.82108300
16.54550000
16.79312500
16.75495900
16.67191600
16.65916700
16.53741700
16.68358300
16.82683300
16.70879200
16.51429200
16.80808300
16.74241700
16.62270800
16.70687500
16.67700000
16.71041700
16.51579100
16.76108400
16.60583300
16.84983300
16.68812500
16.62270900
16.70200000
16.55387500
16.78700000
16.57987500
16.68316600
16.68337500
16.68325000
16.68325000
16.68341700
16.68337500
16.68362500
16.68300000
16.68333300
16.68325000
16.68341700
16.68333300
16.68345900
16.68320800
16.68333300
16.68375000
16.68287500
16.68329200
16.68345800
16.68320900
16.68333300
16.68337500
16.68325000
16.68341700
16.68325000
16.68458300
16.68354200
16.68320800
16.76554200
16.74620800
16.53708300
16.68320900
16.68345800
16.68329200
16.68416600
16.82779200
16.71304200
16.50820800
16.82058300
16.67025000
16.55916700
16.87070800
16.49600000
16.81216700
16.69200000
16.72512500
16.66175000
16.65975000
16.66979200
16.70091600
16.54508400
16.80679100
16.70562500
16.66691700
16.67583300
16.69450000
16.67945900
16.61187500
16.75929100
16.67554200
16.55754200
16.81200000
16.73275000
16.64912500
16.73387500
16.62720800
16.72200000
16.64670800
16.55070900
16.78791600
16.57116700
16.84991700
16.51666600
16.82116700
16.54545800
16.80066700
16.56595800
16.80979200
16.65425000
16.72900000
16.70275000
16.52083300
16.68491700
16.86533300
16.50800000
16.86741700
16.62908300
16.68466700
16.54408300
16.84333400
16.52400000
16.68258300
16.79587500
16.75558300
16.63895900
16.66629100
16.55995900
16.87379100
16.64270900
16.73566600
16.65316700
16.62975000
16.69854200
16.72391600
16.63866700
16.68858300
16.71612500
16.67845900
16.52075000
16.83212500
16.72316600
16.68775000
16.49012500
16.68329200
16.68420800
16.84937500
16.73133400
16.46854100
16.80550000
16.56108400
16.81841600
16.73941700
16.62541700
16.55016600
16.81012500
16.73112500
16.69737500
16.62645900
16.55158300
16.82054200
16.54620800
16.81629200
16.55495800
16.85204200
16.50987500
16.68470800
16.84179200
16.55529100
16.83741700
16.62541700
16.55562500
16.85304100
16.63941700
16.55750000
16.68320800
16.82566700
16.75229200
16.47195800
16.82075000
16.72679200
16.64270800
16.70995800
16.51650000
16.80420900
16.56254100
16.68404200
16.86729200
16.62100000
16.56154100
16.68287500
16.68341700
16.68329200
16.68333300
16.68333300
16.68316700
16.68354200
16.68316600
16.68329200
16.68341700
16.68333300
16.68337500
16.68329200
16.68333300
16.68333300
16.68329200
16.68329200
16.68341600
16.68325000
16.68341700
16.68329200
16.68337500
16.68329100
16.68341700
16.68329200
16.68329100
16.68333400
16.68333300
16.69033300
16.67737500
16.68225000
16.68341700
16.68333300
16.68329200
16.68325000
16.68337500
16.68454200
16.80995800
16.55545800
16.84450000
16.67820900
16.66170800
16.68020800
16.71337500
16.66304200
16.66379200
16.69550000
16.67225000
16.66904100
16.72400000
16.64900000
16.69162500
16.69104200
16.68458300
16.55145900
16.87091600
16.49579200
16.80583300
16.68908400
16.55504100
16.68350000
16.86058400
16.64341600
16.65408400
16.72387500
16.65554100
16.60720900
16.63845800
16.79458300
16.69775000
16.75004200
16.49091700
16.84712500
16.67662500
16.64475000
16.68770800
16.56045800
16.79666700
16.57004200
16.68329100
16.68333400
16.68333300
16.68337500
16.68333300
16.68379200
16.68283300
16.68337500
16.68341700
16.68320800
16.68333400
16.68333300
16.68333300
16.68337500
16.68333400
16.68329100
16.68341700
16.68366700
16.68312500
16.68312500
16.68333300
16.68333300
16.68333400
16.68333300
16.68333300
16.68333400
16.68337500
16.68329100
16.68333400
16.68333300
16.68333300
16.68333400
16.68333300
16.68337500
16.68329200
16.68333300
16.68337500
16.68329200
16.68333300
16.68333300
16.68333400
16.68337500
16.68333300
16.68333300
16.68329200
16.68337500
16.68329200
16.68487500
16.68183300
16.68333300
16.68333400
16.68329100
16.68333400
16.68337500
16.68754100
16.67912500
16.68333400
16.68333300
16.68329200
16.68329100
16.68337500
16.68404200
16.68266700
16.68333300
16.68341700
16.68325000
16.68404100
16.68283400
16.68458300
16.68245800
16.68358400
16.68379100
16.68204200
16.68441700
16.68220800
16.68337500
16.68329200
16.68375000
16.68295800
16.68329200
16.68337500
16.68333300
16.68329200
16.68333300
16.68333300
16.68337500
16.68333400
16.68333300
16.68329200
16.68333300
16.68333300
16.68333400
16.68337500
16.68329100
16.68470900
16.68491600
16.68045900
16.68325000
16.68337500
16.68337500
16.68333300
16.68333300
16.68333400
16.68333300
16.68329200
16.68333300
16.68333300
16.68754200
16.67908300
16.68333400
16.68341600
16.68333400
16.68333300
16.68333300
16.68329200
16.68337500
16.68333300
16.68333400
16.68329100
16.68333400
16.68337500
16.68333300
16.68329200
16.68337500
16.68333300
16.68333300
16.68329200
16.68337500
16.68337500
16.68329200
16.68333300
16.68329200
16.68333300
16.68333300
16.68337500
16.68325000
16.68333400
16.68383300
16.68287500
16.68329200
16.68333300
16.68333300
16.68333400
16.68345800
16.68341700
16.68316600
16.68333400
16.68337500
16.68329100
16.68333400
16.68329100
16.68337500
16.68329200
16.68333300
16.68333400
16.68333300
16.68341700
16.68337500
16.68320800
16.68391700
16.68312500
16.68287500
16.68345800
16.68341700
16.68320800
16.68333300
16.68333400
16.68379100
16.68283400
16.68337500
16.68333300
16.68337500
16.68329200
16.68354100
19.83612500
17.85400000
19.78250000
15.18983400
14.87283300
15.19470800
17.27175000
15.94520900
15.96508300
17.26008300
16.73520900
16.77475000
16.29358300
15.80691700
16.36662500
17.09354100
16.37425000
15.94962500
16.47233400
16.62779100
16.68312500
16.68337500
16.68350000
16.68366700
16.68295800
16.68325000
16.68350000
16.68300000
16.68345900
16.68533300
16.68129200
16.68337500
16.68350000
16.68304100
17.06362500
16.30333400
16.68295800
16.68337500
16.68354200
16.68333300
16.68333300
16.68325000
16.68333400
16.68337500
16.68350000
16.99279100
16.37362500
16.68341700
16.68337500
16.68320800
16.68362500
16.68325000
16.68616700
16.68066700
16.68300000
16.68358300
16.68320800
16.68329200
16.68341700
17.03879100
16.32783400
16.68341600
16.68345900
16.68312500
16.68325000
16.68341600
16.68350000
16.68320900
16.68325000
16.68325000
16.68333300
16.68366700
16.68304100
16.68333400
16.68341600
16.68595900
16.68058300
16.68345800
16.68333400
16.68329100
16.68325000
16.68341700
16.68329200
16.68333300
16.68329200
16.68341600
16.68333400
16.68337500
16.68329100
16.68341700
16.68316700
16.68345800
16.68341700
16.68333300
16.68312500
16.68341700
16.68325000
16.68333300
16.68333300
16.68345900
16.68329100
16.68329200
16.68329200
16.68354100
16.68329200
16.68329200
16.68333300
16.68320800
16.68337500
16.68341700
16.68329200
17.07200000
16.29470800
16.71512500
16.65158300
16.68362500
16.68304200
16.68312500
16.68337500
16.68333300
16.68337500
16.68329200
16.68362500
16.68312500
16.68325000
16.68329200
16.68337500
16.68333300
16.68350000
16.68337500
16.68337500
16.68337500
16.68300000
16.68358300
16.68333400
16.68320800
16.68329200
16.68329100
16.68337500
16.68341700
16.68325000
16.68370800
16.68329200
16.68308300
16.68320900
16.68350000
16.68316600
16.68341700
16.68383300
16.68308400
16.68333300
17.46333300
15.90325000
16.68316700
16.68337500
16.68341700
16.68350000
16.68325000
16.68304100
16.68341700
16.68345800
16.68320900
16.69775000
16.66895800
16.68341700
16.68312500
16.68366600
16.68312500
16.68350000
16.68320900
16.68341600
16.68325000
16.68345900
16.68329100
16.68325000
16.68325000
16.68333400
16.68337500
16.68341600
16.68316700
16.68362500
16.68312500
16.68329200
16.68337500
16.68320800
16.68345800
16.68329200
16.68329200
16.68329100
16.68333400
16.68350000
16.68337500
16.68333300
16.68312500
16.68329200
17.54925000
15.81733300
16.68358300
16.68325000
16.68345900
16.68320800
17.21662500
16.14995800
16.68350000
17.56079200
15.80587500
16.68337500
16.68329200
16.68304100
16.68362500
16.68325000
17.10987500
16.25679200
17.35308300
16.01345900
16.68350000
16.68320800
16.68354200
16.68308300
16.68337500
16.68337500
16.68329200
16.68354100
16.68308400
16.68345800
16.68350000
16.68320800
17.19750000
16.16916700
16.68329200
16.68362500
17.02429100
16.34204200
16.68345800
16.68341700
16.68433300
16.68225000
16.68325000
17.83333400
15.93858300
16.27820800
16.68295900
16.74045800
16.62629200
16.68358300
16.68312500
16.68337500
16.68333300
16.68333400
16.68362500
16.68320800
16.68341700
16.68300000
17.50529100
16.51733400
16.02762500
16.68337500
16.68325000
16.68333300
16.68320800
16.68337500
16.68316700
16.68370800
16.68316700
16.68325000
16.68337500
16.68337500
16.68354200
16.68325000
17.08258300
16.28400000
16.68358300
16.68312500
16.68312500
16.68337500
16.68329200
16.68354200
16.68333300
16.93612500
16.43058300
16.68329200
16.68325000
16.68333300
18.03316700
15.33375000
16.68304200
16.68341600
16.68320900
16.68329100
16.68350000
16.68320900
16.68391600
16.68275000
16.68333400
16.68341600
16.68333400
16.68345800
16.68320800
16.68354200
16.68312500
16.68354200
16.68329100
16.68329200
16.68316700
16.68350000
16.68325000
17.30354100
16.06312500
16.68320900
16.68341600
16.68329200
16.68345800
16.68341700
16.68312500
16.68337500
16.68345800
16.68329200
16.68333300
16.68350000
16.68304200
16.68345800
16.68337500
16.68345900
16.68345800
16.94683300
16.42004200
18.07883300
15.28729200
16.79120800
16.57541700
16.68337500
16.68329200
16.68341600
16.68320900
16.68333300
17.10050000
16.26612500
16.68337500
16.68329200
16.68337500
16.68333300
16.68337500
16.68316700
16.68345800
16.68341700
16.68329100
16.68329200
16.68341700
16.68333300
16.68333300
16.68333400
16.68325000
16.68337500
17.77254100
15.59412500
16.68329200
16.68325000
16.68337500
16.68358300
16.68316700
16.68337500
16.68333300
16.68333400
16.68345800
16.68312500
16.68354200
16.68333300
16.68333300
16.68320900
16.68325000
16.68333300
16.68345800
16.68337500
16.68333400
16.68329100
16.68333400
16.68341600
16.68316700
16.94187500
16.42470800
16.68354200
16.68295800
16.68354200
16.76962500
16.59708300
16.68362500
16.68316700
16.68308300
16.68345900
16.68325000
16.68329100
16.68358400
16.68312500
16.68366600
16.68308400
16.68337500
16.68341600
16.68387500
16.68266700
16.68341700
16.68329100
16.68333400
16.68333300
16.68333300
16.68329200
16.68341700
16.68333300
16.68320800
16.68350000
16.68325000
16.95629200
16.41054200
16.68350000
16.68304100
16.68320900
16.68345800
16.68329200
16.68325000
16.68333300
16.68354200
16.68308300
16.68325000
16.68354200
16.68350000
16.68312500
16.68350000
16.68333300
16.68312500
16.68341700
16.68350000
18.03733300
15.32916700
16.68329100
16.68341700
16.68341700
16.68312500
16.68341600
16.68329200
16.68329200
16.68345800
17.11970800
16.24691700
16.68333300
16.68341700
16.68333300
16.68329200
16.68345800
16.68333400
16.68325000
16.68337500
16.68320800
16.68312500
16.68354200
16.68325000
16.68337500
16.68350000
16.68333300
16.68358300
16.68300000
16.68320900
16.68333300
16.68345800
16.68354200
16.68308300
16.68350000
16.68316700
16.68366700
16.68279100
16.68358400
16.68341600
16.68325000
17.17537500
16.19116700
16.68358300
16.68291700
16.68341700
16.68354100
16.68329200
16.68433300
16.69712500
16.66858400
16.68320800
16.68366700
16.68416600
16.68237500
16.68333400
16.68358300
16.68295800
16.68383400
16.68270800
16.68362500
16.68329200
16.68337500
16.68337500
16.68316600
16.68333400
16.68345800
16.68316700
16.68354100
16.68316700
16.68316700
16.68362500
16.68366600
16.68287500
16.68341700
16.68304200
16.68375000
16.68341600
16.68316700
16.68329200
16.68341600
16.68312500
16.68325000
16.68345900
16.68337500
16.68333300
16.68354200
16.68341600
16.68287500
16.68358400
16.68320800
16.68341700
16.68325000
16.68337500
16.68337500
16.68316600
16.68354200
16.68333300
16.68308400
16.68354100
16.68312500
16.68350000
16.68337500
16.68329200
16.68350000
16.68295800
16.68350000
16.68333400
16.68341600
16.68329200
16.68391700
16.68291600
16.68312500
16.68316700
16.68350000
16.68320800
16.68333400
16.68341600
16.68325000
16.68329200
16.68337500
16.68333300
16.68333400
16.68350000
16.68316600
16.68337500
16.68329200
16.68329200
16.68333300
16.68337500
16.68337500
16.68337500
16.68441700
16.68220800
17.42583300
15.94079200
16.68325000
16.68341700
16.68329100
16.68379200
16.68287500
16.68337500
16.68337500
16.68350000
16.68337500
16.68320800
16.68337500
16.68345900
16.68316600
16.68320900
16.82512500
16.54158300
16.68354200
16.68320800
16.68345800
16.68325000
16.68329200
16.68312500
16.68350000
16.68329200
17.68616600
15.68041700
16.68345800
16.68337500
16.68333400
16.68341600
16.68333400
16.68312500
16.68358300
16.68312500
16.68316700
16.68358300
16.68325000
16.68337500
16.68345800
16.68333400
16.68312500
16.68350000
16.68333300
16.68316700
16.68337500
16.68350000
16.68320800
16.68341700
16.68320800
16.68329200
16.68354100
16.68333400
16.68341600
16.68320900
16.68341600
16.68300000
16.68525000
16.68158400
16.68333300
16.68325000
16.68341700
16.68333300
16.68333300
16.68333400
16.68341600
16.68325000
16.68337500
16.68333400
16.68341600
16.68333400
16.68325000
16.68341600
16.68329200
16.68325000
16.68325000
16.68337500
16.68329200
16.68329100
16.68350000
16.68316700
16.68337500
16.68350000
16.68333300
16.68341700
16.68304200
16.68341600
16.68341700
16.68337500
16.68345800
16.68320900
16.68316600
16.68337500
16.68362500
16.68300000
16.68354200
16.68341700
16.68308300
16.68337500
16.68337500
16.68329200
16.68370800
16.68304200
16.68337500
16.68316600
16.68329200
16.68350000
16.68337500
16.68333300
16.68329200
16.68333300
16.68312500
16.68362500
16.68325000
16.68329200
16.68341700
16.68325000
16.68416600
16.68258400
16.68441600
16.68233400
16.68333300
16.68312500
16.68512500
16.68158300
16.68354200
16.68325000
16.68316700
16.68341600
16.68562500
16.68104200
16.68691700
16.67975000
16.68341600
16.68316700
16.68329200
16.68362500
16.68325000
16.68325000
16.68325000
16.68379100
16.68287500
16.68337500
16.68341700
16.68291700
16.68366600
16.68350000
16.68320900
16.68325000
16.68341600
16.68341700
16.68320800
16.68345900
16.68312500
16.68350000
16.68316600
16.68337500
16.68350000
16.68320900
16.68320800
16.68345800
16.68320900
16.68329100
16.68345900
16.68350000
16.68312500
16.68337500
16.68333300
16.68341700
16.68320800
16.68341700
16.68325000
16.68345800
16.68337500
16.68625000
16.68050000
16.68325000
16.68375000
16.68304200
16.68333300
16.68345800
16.68325000
16.68312500
16.68350000
16.68308400
16.68341600
16.68329200
16.68325000
16.68354200
16.68591600
16.68112500
16.68300000
16.68304200
16.68350000
16.68325000
16.68333300
16.68325000
16.68362500
16.68316700
16.68320800
16.68329200
16.68337500
16.68354200
16.68320800
16.68337500
16.68329200
16.68375000
16.68404100
16.68254200
16.68291700
16.68337500
16.68325000
16.68354100
16.68329200
16.68337500
16.68312500
16.68345800
16.68337500
16.68333400
16.68333300
16.68333300
16.68325000
16.68341700
16.68325000
16.68333300
16.68358400
16.68316600
16.68337500
16.68333400
16.68316600
16.68333400
16.68345800
16.68329200
16.68345800
16.68316700
16.68341600
16.68341700
16.68387500
16.68287500
16.68345800
16.68312500
16.68333400
16.68337500
16.68320800
16.68320800
16.68350000
16.68358400
16.68312500
16.68312500
16.68341600
16.68325000
16.68345900
16.68325000
16.68345800
16.68320800
16.68329200
16.74975000
16.61704200
16.68333300
16.68350000
16.68316700
16.68325000
16.68350000
16.68325000
16.68341600
16.68333400
16.68320800
16.68433300
16.68250000
16.68325000
16.68337500
16.68341700
16.68300000
16.68345800
16.68333400
16.68333300
16.68337500
16.68329200
16.68350000
16.68320800
16.68325000
16.68345800
16.68333400
16.68325000
16.68320800
16.68345800
16.68325000
16.68358400
16.68308300
16.68354200
16.68329100
16.68316700
16.68350000
16.68320800
16.68341700
16.68337500
16.68325000
16.68375000
16.68287500
16.68337500
16.68350000
16.68316700
16.68325000
16.68333300
16.68337500
16.91316700
16.45383300
16.68316700
16.68316600
16.68337500
16.68320900
16.68345800
16.68333300
16.68320900
16.68341600
16.68525000
16.68145900
16.68316600
16.68337500
16.68350000
16.68312500
16.68345900
16.68325000
16.68354100
16.68337500
16.68333400
16.68325000
16.68345800
16.68304200
16.68354100
16.68316700
16.68333300
16.68337500
16.68337500
16.68325000
16.68329200
16.68354200
16.68320800
16.68337500
16.68333300
16.68325000
16.68345900
16.68329100
16.68329200
16.68329200
16.68341600
16.68345900
16.68312500
16.68333300
16.68345800
16.68316700
16.68508300
16.68162500
16.68333400
16.68350000
16.68325000
16.96825000
17.39370800
15.68820800
16.68304200
16.68341700
16.68329100
16.68337500
16.68325000
16.68350000
16.68325000
16.68345900
16.68304100
16.68350000
16.68333400
16.68333300
16.68341700
16.68345800
16.68308300
16.68354200
16.68320800
16.68333400
16.68316600
16.68350000
16.68325000
16.68329200
16.68350000
16.68333300
16.68337500
16.68325000
16.68333400
16.68325000
16.68362500
16.68312500
16.68337500
16.68329100
16.68329200
16.68341700
16.68333300
16.68337500
16.68337500
16.68320800
16.80433400
16.56225000
16.68333300
16.68354200
16.68329100
16.68316700
16.68337500
16.68333300
16.68337500
16.68354200
16.68312500
16.68329200
16.68337500
16.68325000
16.68341600
16.68316700
16.68358300
16.68316700
16.68337500
16.68345800
16.68391700
16.68262500
16.68325000
16.68337500
16.68333300
16.68354200
16.68316700
16.68329100
16.68350000
16.68320900
16.68345800
16.68308300
16.68362500
16.68316700
16.68337500
16.68329200
16.68333300
16.68337500
16.68337500
16.68325000
16.68320800
16.68341700
16.68608300
16.68062500
16.68345900
16.68312500
16.68350000
16.68333300
16.68312500
16.68375000
16.70133300
16.66495900
16.68337500
16.68333300
16.68345800
16.68325000
16.68333400
16.68354100
16.68316700
16.68325000
16.68333300
16.68333400
16.88425000
16.48258300
16.68320800
16.68345900
16.68470800
16.68191700
16.68333300
16.68320800
16.68683400
16.67970800
17.33179200
16.54454100
16.17375000
16.68345900
16.68337500
17.50075000
15.86575000
16.68337500
16.68325000
16.68337500
16.68345800
16.68320800
16.68550000
16.68120900
16.68366600
16.68308400
16.68325000
16.68354100
16.68295900
16.68350000
16.68337500
16.68329100
16.68333400
16.68337500
16.68333300
16.68333300
16.68333400
16.68362500
16.68333300
16.68345800
16.68316700
16.68312500
16.68341700
16.68341600
16.68308400
16.68345800
16.68320800
16.68341700
16.68358300
16.68325000
16.68333400
16.68320800
16.68316700
16.68341600
16.68333400
16.68341600
16.68325000
16.68345900
16.68325000
16.68320800
16.68350000
16.68333300
16.68337500
16.68345900
16.68312500
16.68312500
16.68358300
16.68333300
16.68362500
16.68304200
16.68337500
16.68304200
16.68345800
16.68570800
16.68120900
16.68316600
16.68337500
16.68325000
16.68341700
16.68329200
16.68341600
16.68333400
16.68625000
16.68033300
16.68333300
16.68320900
16.68345800
16.68333300
16.68329200
16.68320800
16.68354200
16.68320800
16.68370900
16.68300000
16.68333300
16.68341700
17.08262500
16.28404100
16.68325000
16.68345900
16.68316600
16.68333400
16.68358300
16.68325000
16.68341700
16.68312500
17.40004100
15.96675000
16.68354200
16.68304200
16.68341600
16.68308400
16.68350000
16.68337500
16.75233300
16.61433300
16.68325000
16.68316700
16.77579200
16.59100000
16.68337500
16.68591600
16.68070900
16.68325000
16.68358300
16.68325000
16.68350000
16.68320800
16.68333400
16.68333300
16.68320800
16.68354200
16.68325000
16.68312500
16.68337500
16.68362500
16.68308300
16.68312500
18.42670900
14.94016600
16.68325000
16.68333400
16.68354100
16.68341700
16.68312500
16.68329200
16.68333300
16.68358300
16.68329200
16.68425000
16.68266700
16.68295800
16.68362500
16.68300000
16.68337500
16.68329200
16.68329100
16.68354200
16.68325000
16.68325000
16.68341700
16.68341600
16.68312500
16.68345900
16.68333300
16.68325000
16.68341700
16.68308300
16.68362500
16.68320800
16.68333400
16.68329100
16.68337500
16.68320900
16.68358300
16.79245800
16.57404200
16.68333300
16.68333400
16.68333300
16.68333300
16.68333400
16.68333300
16.68333300
16.68333400
16.68333300
16.68333300
16.68329200
16.68333300
16.68333400
16.68345800
16.68333300
16.68325000
16.68333400
16.68333300
16.68333300
16.68333400
16.68333300
16.68337500
16.68358300
16.68329200
16.68320800
16.68333400
16.68325000
16.68341600
16.68333400
16.68316600
16.68337500
16.68404200
16.68262500
16.68345800
16.68333400
16.68320800
16.68333300
16.68337500
16.68337500
16.68325000
16.68354200
16.68312500
16.68333300
16.68341700
16.68329200
16.68325000
16.68333300
16.68337500
16.68333300
16.68337500
16.68333400
16.68341600
16.68325000
16.68333400
16.68333300
16.68329200
16.68333300
16.68333300
16.68341700
16.68329200
16.68350000
16.68316600
16.68333400
16.68325000
16.68337500
16.68333300
16.68337500
16.68329200
16.68341600
16.68325000
16.68333400
16.68366600
16.68304200
16.68329200
16.68329100
16.68333400
16.68337500
16.68329100
16.68337500
16.68333400
16.68333300
16.68358300
16.68495900
16.68179100
16.68366700
16.68333300
16.68291700
16.68391700
16.68341600
16.68345900
16.68341600
16.68229200
16.68341700
16.68320800
16.68337500
16.68425000
16.68279200
16.68300000
16.68333300
16.68350000
16.68320800
16.68312500
16.68337500
16.68341700
16.68333300
16.68333400
16.68320800
16.68337500
16.68337500
16.68325000
16.68333300
16.68341700
16.68345800
16.68316700
16.68337500
16.68333300
16.68337500
16.68320900
16.68341600
16.68329200
16.68345800
16.68320900
16.68337500
16.68333300
16.68329200
16.68333300
16.68354200
16.68312500
16.68333300
16.68387500
16.68375000
16.68266700
16.68387500
16.68375000
24.57075000
11.35954100
14.11895900
16.68304100
16.68304200
16.68345800
16.68329200
16.68354200
16.68312500
16.68345800
16.68333300
16.68504200
16.68195800
16.68287500
16.68658400
16.68058300
16.68287500
16.68333300
16.68329200
16.68333300
16.68333400
16.68333300
16.68333300
16.68333400
16.68337500
16.68329100
16.68325000
16.68341700
16.68333300
16.68337500
16.68325000
16.68337500
16.68333400
16.68333300
16.68333300
16.68333400
16.68337500
16.68350000
16.68316600
16.68325000
16.68337500
16.68329200
16.68333300
16.68345900
16.68325000
16.68337500
16.68333300
16.68329200
16.68358300
16.68312500
16.68333300
16.68337500
16.68329200
16.69512500
16.70050000
16.65429200
16.70729100
16.73841700
16.65870800
16.66183400
16.72966600
16.67612500
16.68541700
16.60954200
16.68500000
16.68391600
16.68187500
16.68320900
16.68237500
16.79820800
16.65620800
16.68408400
16.65962500
16.74000000
16.66058300
16.70591700
16.68116600
16.67825000
16.69683400
16.68837500
16.66808300
16.71858300
16.66129200
16.68750000
16.70558300
16.67762500
16.53229200
16.68308300
16.84212500
16.67070900
16.71204100
16.67287500
16.51908400
16.68316600
16.83758400
16.52908300
16.68345800
16.80995900
16.72525000
16.51470800
16.84687500
16.69883300
16.67083400
16.66470800
16.71175000
16.67070800
16.68487500
16.51808400
16.84866600
16.67416700
16.68537500
16.66791700
16.69445800
16.70270800
16.67191700
16.69437500
16.68204200
16.51183300
16.84345800
16.68304200
16.67129200
16.68929100
16.70983400
16.64950000
16.53683300
16.85604200
16.65808300
16.68858300
16.70929200
16.67262500
16.51533300
16.84579200
16.66591700
16.73354100
16.48833400
16.84004100
16.70491700
16.68566700
16.66595800
16.69470800
16.68116700
16.65650000
16.69408300
16.70158400
16.67512500
16.69408300
16.63616700
16.71525000
16.68662500
16.68154100
16.67058400
16.69829100
16.66783400
16.69312500
16.52308300
16.84425000
16.70537500
16.65575000
16.52912500
16.81687500
16.74687500
16.48516700
16.82500000
16.69900000
16.67712500
16.53233300
16.84975000
16.65970800
16.69895900
16.68762500
17.37945800
16.08887500
16.56962500
16.62175000
16.59550000
16.68345800
66.78416700
23.73945800
10.42395900
23.61204100
9.66104200
8.94662500
8.43583300
8.44729200
8.32570800
8.24908400
8.58179100
15.17000000
16.50550000
16.68995900
16.67604100
16.80429200
16.56233300
16.82604200
16.54066700
16.81950000
16.67841600
16.63545900
16.72737500
16.69262500
16.65883300
16.70641700
16.66975000
16.67820800
16.69900000
16.66345800
16.66341700
16.71729200
16.64079100
16.71312500
16.67379200
16.66283300
16.67416700
16.74204200
16.66479100
16.66187500
16.70100000
16.69345900
16.67341600
16.68287500
16.71470900
16.65191600
16.74091700
16.51700000
16.68291700
16.68345800
16.68212500
16.73058300
16.63641700
16.84004200
16.68575000
16.71537500
16.66295800
16.51333300
16.81337500
16.70358400
16.70091600
16.67329200
16.52562500
16.85862500
16.50645800
16.84812500
16.67379200
16.67862500
16.70845800
16.68758400
16.68800000
16.49904100
16.78237500
16.75729200
16.56900000
16.81550000
16.49254200
16.82225000
16.54466600
16.78308400
16.58304100
16.86366700
16.63766700
16.63958300
16.73287500
16.70950000
16.71545800
16.66816700
16.67441700
16.67900000
16.69366600
16.64958400
16.67945800
16.54054200
16.68316600
16.84875000
16.70054200
16.62529200
16.71945800
16.70083300
16.64725000
16.70045900
16.52537500
16.86925000
16.64558300
16.71400000
16.64900000
16.53833300
16.87095900
16.65416600
16.66237500
16.72437500
16.65816700
16.69112500
16.71766700
16.52475000
16.85645800
16.47237500
16.88412500
16.66212500
16.69375000
16.65520800
16.70258400
16.68354100
16.50200000
16.87145900
16.67695800
16.63275000
16.73487500
16.69687500
16.70400000
16.65350000
16.66070800
16.69012500
16.68429200
16.66687500
16.69862500
16.65591700
16.70654100
16.67454200
16.52537500
16.84450000
16.72258300
16.67129200
16.63083300
16.72983400
16.68529100
16.58375000
16.65012500
16.63175000
16.70604200
16.83687500
16.50725000
16.86391700
16.67608300
16.71879200
16.64745800
16.67979200
16.51383300
16.68345800
16.68312500
16.87320900
16.66941600
16.68683400
16.50391600
16.68333400
16.68333300
16.68345800
16.86512500
16.69579200
16.65800000
16.51429200
16.68333300
16.80408300
16.73325000
16.69491700
16.68629200
16.67529100
16.70045900
16.67883300
16.67133300
16.69633400
16.49250000
16.86125000
16.50541600
16.68337500
16.68333400
16.87916600
16.66600000
16.68391700
16.69400000
16.49358300
16.68362500
16.68362500
16.72912500
16.72879200
16.59154200
16.77429100
16.68312500
16.59254200
16.68333300
16.68333400
16.79008300
16.57658300
16.77958400
16.58708300
16.68333300
16.77712500
16.69766700
16.67000000
16.67833300
16.70141700
16.66854200
16.68575000
16.69329100
16.66900000
16.68462500
16.69645900
16.66879100
16.68891700
16.69658300
16.66637500
16.69641700
16.60812500
16.74341700
16.69962500
16.57616600
16.77837500
16.70000000
16.57166700
16.85904200
16.70100000
16.48995800
16.68333300
16.68354200
16.88683300
16.65820900
16.69708300
16.67950000
16.67141700
16.69929100
16.67091700
16.68012500
16.68487500
16.68287500
16.64350000
16.74437500
16.61966700
16.72712500
16.69525000
16.67308300
16.68520800
16.50054200
16.85650000
16.68650000
16.69733300
16.67108400
16.68775000
16.69233300
16.67108300
16.50400000
16.87687500
16.66987500
16.68425000
16.69162500
16.67100000
16.68258400
16.69891600
16.49150000
16.78091700
16.77666700
16.67195800
16.68250000
16.69629200
16.67070800
16.69804200
16.48962500
16.86104100
16.69570900
16.68445800
16.68158300
16.68841700
16.68037500
16.49175000
16.87225000
16.68779200
16.66345800
16.70250000
16.68275000
16.66520800
16.69920900
16.49345800
16.85779200
16.70758300
16.66145800
16.68816700
16.69245800
16.67325000
16.67370900
16.70404100
16.66454200
16.67912500
16.70270800
16.67891700
16.67508300
16.70000000
16.66550000
16.68775000
16.69362500
16.67183400
16.66979100
16.71137500
16.66083400
16.68070800
16.70145800
16.66783400
16.67966600
16.69425000
16.67679200
16.68695800
16.51037500
16.85204200
16.68162500
16.64262500
16.55612500
16.68333300
16.68333400
16.68333300
16.68337500
16.69237500
16.67429200
16.68333300
16.68333300
16.68333400
16.68341600
16.68320900
16.68337500
16.68333300
16.68333300
16.68329200
16.68508300
16.68175000
16.68316700
16.68475000
16.68208300
16.68375000
16.69104200
16.67508300
16.68333400
16.68333300
16.68404200
16.68258300
16.68333300
16.68337500
16.68641700
16.68020800
16.68337500
16.68329200
16.68333300
16.68333400
16.68333300
16.68333300
16.68333400
16.68333300
16.68333300
16.68333400
16.68333300
16.68333300
16.68333400
16.68333300
16.68375000
16.68295800
16.68329200
16.68333300
16.68333400
16.68333300
16.68470800
16.68212500
16.68350000
16.68304200
16.68333300
16.68333400
16.68329100
16.68333400
16.68354100
16.68350000
16.68300000
16.68350000
16.68337500
16.68333400
16.68587500
16.68087500
16.68379100
16.68291700
16.68604200
16.68058300
16.68337500
16.68308300
16.68345900
16.68312500
16.68450000
16.70116600
16.66450000
16.68320900
16.68329100
16.68329200
16.68350000
16.68583300
16.68066700
16.68341700
16.68337500
16.68350000
16.68320800
16.68320800
16.68345900
16.68320800
16.68337500
16.68341700
16.68320800
16.68337500
16.68333300
16.68333400
16.68341600
16.68341700
16.68333300
16.68320900
16.68325000
16.68554100
16.68120900
16.68337500
16.68379100
16.68287500
16.68329200
16.68329200
16.68337500
16.68354100
16.68308400
16.68337500
16.68329100
16.68345900
16.68316600
16.68379200
16.68308300
16.68329200
16.68329200
16.68333300
16.68345800
16.68312500
16.68333400
16.68350000
16.68308300
16.68341700
16.68333300
16.68350000
16.68345800
16.68316700
16.68320800
16.68337500
16.68333400
16.68350000
16.68441600
16.68208400
16.68316600
16.68358400
16.68325000
16.68345800
16.68325000
16.68333300
16.68345900
16.68325000
16.68354100
16.68304200
16.68329200
16.68333300
16.68333300
16.68337500
16.68329200
16.68316700
16.68358300
16.68325000
16.68337500
16.68425000
20.89620800
12.65712500
16.49775000
16.68129200
16.68358300
16.68308400
16.68579100
16.68100000
16.68325000
16.68333400
16.68329100
16.68354200
16.68316700
16.68883300
16.67779200
16.68329100
16.68333400
16.68337500
16.68341600
16.68329200
16.68350000
16.68329200
16.68325000
16.68329100
16.68333400
16.68333300
16.68329200
16.68475000
16.68241600
16.69383400
16.67279100
21.06520900
13.62537500
15.35908300
16.68362500
16.68291700
16.68337500
23.22245800
20.32287500
15.53591700
13.56562500
12.94854100
14.50450000
16.68350000
16.68404200
16.68266700
16.68383300
16.68266700
16.68358300
16.68341700
16.68320800
16.68325000
16.68345800
16.68616700
16.68041700
16.68325000
16.68358300
16.68325000
16.68362500
16.68316700
16.68354100
16.68570900
25.65762500
16.07137500
13.52300000
15.80562500
15.23712500
14.89058300
15.59504200
16.68345800
16.68337500
16.68325000
16.68325000
16.68366700
16.68312500
16.68316600
16.68345900
16.68333300
16.68329200
16.68325000
16.68341600
16.68325000
16.68333400
16.68337500
16.68333300
16.68329200
16.68337500
16.68350000
16.68345800
16.68308300
16.68341700
16.68329200
16.68320800
16.68337500
16.68341700
16.68329100
16.68337500
16.68329200
16.68341700
16.68316600
16.68466700
16.68229200
16.68312500
16.68320800
16.68954200
16.67716600
16.68333400
16.68370800
16.68300000
16.68375000
16.68287500
16.68337500
16.68354200
16.68316600
16.68325000
16.68333400
16.68375000
16.68300000
16.68333300
16.68325000
16.68358300
16.68312500
16.68333400
16.68329100
16.68345900
16.68325000
16.68329100
16.68329200
16.68350000
16.68312500
16.68341700
16.68341600
16.68333400
16.68341600
16.68345900
16.68325000
16.68316600
16.68337500
16.68308400
16.68350000
16.68358300
16.68312500
16.68345800
16.68341700
16.68320800
16.68329200
16.68329200
16.68325000
16.68458300
16.68229200
16.68337500
16.68337500
16.68325000
16.68329100
16.68333400
16.68325000
16.68350000
16.68341600
16.68333400
16.68333300
16.68320800
16.68325000
16.68345900
16.68320800
16.68329200
16.68333300
16.68350000
16.68333300
16.68333400
16.68320800
16.68337500
16.68337500
16.68333300
16.68316700
16.68366700
16.68312500
16.68337500
16.68316600
16.68345900
16.68333300
16.68329200
16.68337500
16.68325000
16.68337500
16.68333300
16.68350000
16.68325000
16.68345800
16.68320900
16.68333300
16.68333300
16.68312500
16.68366700
16.68308300
16.68333400
16.68333300
16.68362500
16.68316700
16.68320800
16.68350000
16.68312500
16.68358300
16.68312500
16.68366700
16.68300000
16.68350000
16.68325000
16.68337500
16.68329200
16.68312500
16.68354100
16.68329200
16.68337500
16.68337500
16.68316700
16.68354100
16.68325000
16.68329200
16.68325000
16.68337500
16.68320800
16.68354200
16.68333300
16.68320900
16.68345800
16.68341700
16.68325000
16.68345800
16.68358300
16.68308400
16.68316600
16.68333400
16.68329100
16.68337500
16.68329200
16.68320800
16.68354200
16.68333300
16.68312500
16.68337500
16.68341700
16.68341700
16.68333300
16.68325000
16.68337500
16.68337500
16.68329200
16.68329100
16.68333400
16.68337500
16.68333300
16.68329200
16.68325000
16.68350000
16.68333300
16.68325000
16.68333300
16.68337500
16.68341700
16.68312500
16.68337500
16.68354200
16.68329100
16.68329200
16.68333300
16.68354200
16.68308300
16.68354200
16.68316700
16.68329100
16.68329200
16.68341700
16.68329100
16.68341700
16.68362500
16.68312500
16.68308300
16.68341700
16.68350000
16.68312500
16.68341700
16.68341600
16.68333400
16.68316600
16.68329200
16.68341700
16.68337500
16.68329100
16.68341700
16.68325000
16.68375000
16.68325000
16.68300000
16.68325000
16.68329200
16.68337500
16.68329100
16.68337500
16.68345900
16.68320800
16.68345800
16.68333400
16.68329100
16.68320900
16.68354100
16.68320900
16.68341600
16.68325000
16.68354200
16.68354200
16.68462500
16.68154100
16.68345900
16.68337500
16.68325000
16.68333300
16.68337500
16.68337500
16.68320800
16.68333400
16.68337500
16.68345800
16.68337500
16.68308300
16.68387500
16.68291700
16.68362500
16.68312500
16.68325000
16.68329200
16.68345800
16.68337500
16.68312500
16.68341700
16.68337500
16.68354100
16.68308400
16.68333300
16.68325000
16.68345800
16.68329200
16.68337500
16.68354200
16.68312500
16.68325000
16.68337500
16.68329100
16.68333400
16.68341600
16.68325000
16.68354200
16.68316700
16.68337500
16.68316600
16.68329200
16.68354200
16.68329100
16.68345900
16.68333300
16.68316700
16.68329100
16.68337500
16.68337500
16.68333400
16.68333300
16.68333300
16.68341700
16.68320800
16.68325000
16.68358400
16.68329100
16.68329200
16.68341700
16.68345800
16.68300000
16.68329200
16.68345800
16.68329200
16.68341600
16.68316700
16.68358300
16.68325000
16.68329200
16.68350000
16.68316700
16.68350000
16.68320800
16.68320800
16.68341700
16.68312500
16.68341700
16.68345800
16.68320800
16.68337500
16.68341700
16.68329200
16.68366600
16.68308400
16.68358300
16.68295800
16.68329200
16.68333300
16.68387500
16.68291700
16.68325000
16.68333300
16.68325000
16.68345900
16.68316600
16.68387500
16.68300000
