16.22520800
17.02362500
16.54183300
16.93350000
16.25075000
17.07641700
16.30270800
16.85037500
16.93179200
18.23229200
16.90995800
15.00216700
17.00429100
16.50458400
16.52570800
16.63150000
16.68841700
16.67041600
16.42250000
17.03216700
16.11795800
16.95716700
16.57633300
16.93608400
16.70383300
16.87712500
18.23308300
15.06254200
17.62091700
15.76200000
17.63650000
15.61037500
17.95195800
15.41716700
18.48912500
14.80462500
18.04454100
15.51612500
17.66504200
15.63412500
17.62208300
15.84491700
17.84116700
15.53008300
17.84158300
15.41262500
18.20879200
15.11629200
18.53554100
14.95545900
18.81325000
14.40762500
18.32579100
15.03629200
18.39041700
14.99020800
18.44825000
14.82687500
18.47487500
14.99395800
18.62875000
14.52245900
17.23262500
16.25541600
17.48937500
15.92158400
17.68916600
15.68862500
17.14116700
16.20204200
16.84966600
16.71675000
17.35712500
15.88183400
16.97275000
16.46054100
16.68345900
16.49312500
16.32695800
17.05450000
16.33987500
17.03700000
16.34504200
16.94225000
16.49804100
16.87404200
16.45425000
16.96687500
16.99966700
16.34558300
16.85750000
16.51041700
17.11404100
16.32329200
16.56104200
16.84058300
17.10025000
16.18483300
17.11512500
16.62437500
17.04133400
15.93858300
17.45433300
15.98875000
16.65195900
16.75816600
16.95495900
16.31475000
16.83875000
16.64587500
16.96325000
16.27545800
17.14041700
16.11137500
17.02266600
16.46941700
16.88362500
16.52154200
17.14962500
16.15391600
16.82208400
16.77433300
17.24829200
15.86187500
16.81429100
16.58120900
16.88758300
16.44058300
16.94075000
16.43966700
17.10516700
16.10695800
16.66691700
16.82545800
17.24808300
16.14583400
17.01491600
16.38183400
17.18400000
16.21645800
17.07045800
16.27270900
16.86791600
16.48170900
17.14529100
16.19645900
17.41837500
15.87308300
17.67183300
15.71337500
17.11950000
16.21925000
17.28187500
16.13933400
17.07687500
16.32383300
17.16750000
15.99900000
17.48916700
16.08037500
16.97370800
16.14500000
17.06891700
16.43016600
16.99629200
16.46729200
17.16912500
16.19195800
17.06316700
16.35883300
17.38329200
15.97654100
17.55283400
15.72787500
17.55170800
15.94937500
16.92008300
16.46187500
17.18195900
16.20387500
16.79625000
16.62225000
17.04879100
16.21458400
17.11670800
16.32050000
17.62837500
15.74937500
17.65762500
15.67687500
17.85608300
15.49512500
17.13358400
16.20062500
16.74937500
16.61216600
17.06329200
16.38650000
17.87570800
15.63925000
16.76333400
16.51595800
17.88691700
15.55670800
18.12141700
15.25716600
17.58866700
15.61391700
17.88325000
15.61920800
18.45066700
14.72825000
18.40791600
15.00845900
18.69512500
14.64362500
18.47933300
14.94225000
18.80466700
14.42537500
18.69670800
14.88487500
19.30150000
14.23508300
18.98745900
14.45870800
18.51016700
14.53150000
18.33725000
15.15058300
18.29725000
14.89795800
18.53512500
14.82604200
18.95079200
14.50970800
18.84016700
14.42612500
17.94808300
15.22329200
17.93312500
15.59495800
17.15870800
16.32345900
16.79970800
16.51229200
17.09870800
16.13866700
17.00033300
16.58025000
16.71262500
16.57133300
17.22479200
16.17537500
16.85575000
16.49491700
16.96941600
16.19862500
17.38504200
16.24179200
17.09329100
16.24458400
16.90175000
16.36100000
17.07312500
16.34012500
16.86808300
16.61270800
17.08937500
16.17045900
17.03316600
16.34404200
17.06250000
16.28666700
16.94975000
16.30429100
17.17450000
16.35600000
17.26816700
16.04812500
17.10416700
16.26275000
17.24012500
15.99937500
17.06683300
16.40991700
17.26416600
16.11445900
17.11612500
16.26600000
17.33112500
16.02662500
17.26925000
16.07500000
17.19395800
16.17995800
17.12379200
16.29850000
17.12379200
16.20829100
17.17625000
16.12720900
17.27412500
16.18129100
17.21012500
16.22283400
16.92766600
16.33550000
17.08958400
18.01029100
18.22558400
13.47441600
16.92275000
16.33875000
17.13033400
16.12825000
17.09283300
16.41845800
17.23020900
16.12591600
17.10912500
16.30783400
16.48379100
16.77908400
16.84491600
16.48537500
17.02904200
16.43916700
16.84516600
16.51175000
16.90437500
16.49658400
16.97241600
16.28850000
17.09008400
16.26316600
17.00033400
16.35441600
17.40145900
15.94737500
17.23429100
16.14441700
16.71041700
16.68412500
16.81129100
16.33758400
17.19354100
16.38166700
17.16579200
16.29008300
17.36329200
15.90775000
17.24641600
16.19737500
17.20079200
16.15620800
17.44854200
15.82766700
17.66791600
15.84208400
17.83054100
15.57329200
17.79470800
15.48187500
17.84091700
15.57983300
17.65533400
15.75029100
17.68733400
15.51779100
17.43645900
15.95325000
17.72558300
15.82145800
17.54154200
15.46287500
17.66012500
15.97312500
18.12879200
15.20841600
17.72658400
15.55279100
17.90891700
15.82800000
18.46433300
14.63475000
18.10158400
15.41000000
17.78925000
15.44012500
18.40300000
15.02454100
18.58616700
14.68070800
18.35683400
15.03675000
18.22050000
15.11333300
18.09350000
15.38962500
17.78225000
15.56483300
17.84845900
15.46533300
18.02537500
15.26379200
18.36337500
14.98537500
19.00075000
14.48587500
18.63012500
14.70645800
18.53175000
14.84079200
18.74800000
14.53995800
18.72354200
14.65625000
18.68954100
14.72870900
19.25575000
14.16712500
18.85925000
14.52666600
18.66079200
14.51362500
17.97754200
15.21625000
18.01966600
15.50587500
17.97291700
15.40587500
17.84079200
15.55654100
17.88016700
15.41675000
17.78716700
15.61041600
16.92154200
16.44412500
16.57225000
17.00916700
16.38920800
16.93504200
16.38816600
16.87741700
16.55608300
16.99850000
16.49745900
16.78141600
16.43966700
16.84783300
16.69912500
16.72483400
16.62795800
16.77800000
16.56650000
16.67491700
17.10291600
16.21387500
16.77075000
16.76450000
16.89362500
16.31200000
17.65225000
15.98866700
17.05533300
15.94229200
17.21416700
16.58741600
16.86366700
16.34816700
16.65975000
16.69479100
16.49608400
16.56925000
16.80600000
16.87475000
16.90466600
16.42125000
16.65325000
16.63750000
16.70433400
16.76166600
16.71054200
16.40108300
16.58375000
16.99591700
16.70833300
16.71508400
16.63641600
16.66495900
16.86412500
16.48883300
16.63875000
16.78137500
16.73441700
16.56554100
17.16800000
16.35308400
16.64454100
16.61450000
16.80437500
16.57466700
16.80375000
16.41266700
16.82316600
16.55766700
16.86016700
16.62791600
16.69445900
16.70454100
16.69545900
16.62933300
16.82950000
16.64579200
16.81487500
16.93645800
16.70337500
16.19929200
16.88312500
16.55087500
16.72933300
16.62362500
16.63604200
16.56704100
16.65037500
16.54337500
17.82812500
15.68316700
17.01345800
16.53029200
17.63779200
15.72154100
17.30058400
15.86229100
17.41483400
16.08137500
17.63608300
15.83750000
17.39008300
15.85575000
17.40704200
15.86991700
17.37200000
15.92875000
17.54316600
16.40800000
19.33466700
14.08595800
19.78858400
16.19900000
18.98645800
11.54604200
20.03670800
13.18529200
17.69812500
15.61462500
18.29550000
15.14475000
17.72191600
15.65420900
17.60512500
15.49058300
17.58766700
16.19979100
17.65425000
15.53704200
17.79804200
15.55929100
18.08270900
15.26375000
17.53037500
16.02820800
17.68458300
15.57879200
18.70237500
14.65650000
17.95579200
15.50716600
17.82433400
15.51062500
17.70233300
15.69341700
17.86704100
15.53287500
17.51962500
15.77400000
18.20908400
15.17645800
17.44450000
15.98650000
17.52741700
15.86441600
17.33070900
15.77775000
17.25845800
16.23466700
17.37379100
15.96129200
17.11804200
16.40966600
17.34883400
16.02708300
17.35462500
15.92345800
17.51120900
16.02862500
17.53670800
15.84412500
17.93129200
15.07941600
16.20170900
17.15612500
17.10529100
16.37208400
17.13825000
16.24020800
18.13254200
15.12300000
17.05229100
16.23825000
16.82937500
16.31141700
16.79404200
16.56845800
16.89045800
16.49237500
16.94800000
16.59516700
16.92225000
16.35137500
16.97929200
16.51220800
16.64195800
16.51012500
17.13529200
16.32312500
17.59391700
15.99808300
17.27354200
16.16550000
16.94766600
16.16012500
17.13720900
16.23795800
16.93250000
16.46187500
17.54454200
15.84670800
16.99075000
16.26216700
17.15895800
16.40412500
17.12737500
15.99304200
17.06937500
16.49683300
17.36495800
16.05941700
17.13441700
16.13633300
17.01675000
16.10520800
17.23095900
16.44404100
17.15962500
16.26150000
17.11695900
16.14141600
16.34725000
16.83541700
16.78400000
16.90654200
16.65908300
16.62870800
16.90358400
16.44391600
17.12575000
16.46625000
16.81495900
16.31625000
16.89008300
16.45033300
16.89912500
16.40387500
16.78066700
16.59675000
16.95295800
16.69045900
16.97445800
16.28758300
16.77058400
16.58212500
16.92083300
16.50070800
16.81075000
16.70241700
16.63850000
16.36054200
16.83629100
16.81287500
16.98066700
16.36675000
16.68258300
16.68791700
16.88479200
16.19075000
17.69445800
15.88975000
16.99270800
16.44154200
16.81129200
16.35941600
16.96087500
16.45341700
17.05050000
16.10670800
16.96437500
16.62316700
16.78725000
16.62858300
16.68504200
16.53604200
17.02512500
16.14929100
17.25725000
16.21333400
17.24504100
16.28629200
17.31387500
16.02316700
17.25866600
16.09383400
17.14325000
16.23466600
17.03858400
16.25650000
17.74758300
15.64945800
17.20983400
16.13450000
18.51608300
17.03854200
14.52383300
17.05020800
16.31233400
17.28212500
16.13612500
17.07112500
16.33420800
16.99975000
16.36837500
17.08395800
16.25008400
17.01862500
16.35420800
17.14233300
16.19895900
16.56250000
16.59579100
16.99133400
16.61429100
16.58716700
17.00058300
17.67500000
15.40479200
17.37191700
16.24695800
17.47033300
15.60895900
18.21362500
15.26666600
17.97875000
15.70116700
17.29379200
15.89041600
17.29800000
16.07245900
17.22350000
16.13891600
17.36933400
16.00004100
17.19304200
16.18404200
17.40883300
15.89525000
17.10850000
16.34416700
16.84712500
16.41879100
17.32341700
16.20250000
17.07408300
16.36258400
18.04625000
15.30304100
17.79983400
15.68245800
17.56070800
15.55329200
16.10708300
17.15837500
16.19770900
17.29433300
15.95262500
17.39095800
15.88116700
17.32133300
15.97183400
17.37025000
15.99825000
17.55820800
15.80887500
17.36954200
15.98420800
17.45283300
15.92208400
17.55233300
15.81891700
17.44141600
15.94162500
17.22125000
16.11879200
17.37533300
16.04266700
17.33837500
16.00237500
17.36850000
15.97816700
17.45629100
15.92287500
17.48870900
15.85720800
17.28908300
16.07658400
17.53204100
15.86862500
17.52595900
15.81245800
17.42620800
15.93775000
17.49950000
15.87141700
17.39000000
15.97491700
17.35145800
16.02283300
17.44916700
15.90950000
17.32804200
16.06033300
17.53925000
15.80625000
17.52850000
15.83712500
17.40116700
16.18266600
17.37270900
16.82058300
16.24879200
16.78708300
16.71204200
16.71733300
16.65958300
16.53275000
16.90304200
15.96091700
17.42066600
16.06475000
17.28858400
16.28754100
16.77912500
16.16916700
17.39704200
15.96029100
17.42066700
16.21375000
17.10445800
16.03337500
17.41441700
15.92062500
17.42383300
15.97041700
17.25966700
16.07629100
17.41454200
15.95425000
17.54587500
15.82237500
17.45854200
15.94320800
17.49066700
15.83254100
17.50358400
15.85929100
17.57666700
15.80537500
17.62616700
15.74133300
17.46383300
15.92004200
17.39445800
16.46245900
16.72366600
16.66787500
16.89450000
17.08595900
16.16166600
16.79808400
16.48166600
17.07162500
16.55841700
17.15458300
16.22558400
16.97687500
16.10595800
17.01812500
16.46883300
17.11016700
16.28862500
16.95537500
16.42875000
16.99691700
16.47350000
17.09675000
16.14345800
17.26900000
16.13991700
17.39462500
16.10079100
16.95604200
16.26775000
17.10108300
16.20391700
17.07445800
16.39350000
17.42162500
15.75304200
16.84654200
16.78558300
17.18008300
16.09650000
17.15695900
16.20400000
17.01679100
16.42416700
17.33045800
15.89616700
17.54929200
15.78708300
18.16875000
15.37095800
17.80408400
15.57662500
18.15241600
15.28595900
17.92012500
15.38025000
17.99504100
15.41670900
17.68012500
15.61450000
17.78129100
15.69691700
17.59575000
15.64945800
17.74487500
15.66408400
17.85641600
15.92983400
18.40750000
14.93054100
18.26070900
14.85966600
17.68450000
15.65716700
17.93875000
15.47387500
17.81412500
15.44362500
17.04879200
16.44445800
17.01700000
16.07250000
17.23183300
16.06891700
16.06000000
17.39750000
16.00416700
17.21412500
16.38879100
17.02054200
16.22708300
17.13983400
16.27437500
16.87912500
16.68391600
16.91266700
16.78858300
16.42795900
16.76225000
16.71112500
16.64437500
16.59983300
16.25687500
17.20075000
16.45933300
16.95016700
16.67320800
16.70495900
17.07787500
16.32120800
16.63325000
16.67620800
16.37500000
16.91608400
16.23304100
17.32570900
16.91295800
16.40287500
15.99145800
17.41887500
16.29845900
16.98704100
17.01675000
16.34254200
17.53850000
15.83941700
17.25254100
16.12575000
17.82754200
15.47704200
16.84183300
16.51516700
17.71700000
15.69975000
17.29350000
16.23300000
16.93108300
16.28270800
17.33745900
16.06929100
17.05575000
16.11687500
17.05483400
16.38695800
16.85037500
16.61145800
17.35395900
15.99866600
17.30504200
15.97895800
17.74775000
15.65608400
17.50516600
15.83829200
17.89133300
15.45458400
17.01375000
16.41637500
17.18045800
16.19983300
17.74716700
15.52316700
17.61070800
15.81062500
17.23675000
16.12537500
17.40733300
16.24620900
17.02495800
16.31745800
17.28691700
15.98308300
17.25791700
16.17012500
17.27862500
16.07150000
17.17645800
16.16866700
17.17612500
16.22116700
16.97804100
16.26308400
17.15179100
16.33025000
17.22262500
15.97300000
17.10966700
16.37854200
17.37925000
16.07466600
17.44387500
15.92154200
17.19037500
16.04275000
17.24629200
16.35354100
17.26279200
16.01716700
17.32587500
15.97695800
17.40862500
15.98391700
17.12379100
16.24062500
17.51291700
15.83025000
17.60804200
15.82104100
17.43950000
15.88054200
17.41133300
15.84787500
17.50691700
16.01225000
17.78458300
15.56212500
17.33675000
15.88995900
17.60604100
15.72183400
16.99979100
16.41100000
16.63612500
16.74079200
16.64991700
16.82341600
16.72775000
16.70154200
16.44120800
17.01908400
17.87666600
15.21866700
17.60325000
15.92137500
17.71654200
15.64025000
17.26554100
15.96108400
17.58345800
16.03612500
17.44470800
15.67208400
17.75112500
15.72870800
18.02650000
15.27325000
17.74125000
15.75608300
17.46658400
15.73337500
18.19004100
15.26195900
17.67220800
15.79291700
18.12904100
15.24350000
18.04350000
15.06337500
16.91029200
16.86329200
18.48625000
14.65941600
17.66008400
15.79237500
17.64087500
15.56058300
16.57520800
16.51454200
17.81083300
15.60066700
17.85304200
15.50720800
17.62025000
15.82179200
18.08037500
15.24891600
17.74091700
15.58970800
18.13966700
15.26862500
17.77816700
15.62833300
17.66150000
15.45750000
17.70920800
15.80166700
17.49250000
15.87350000
17.55779200
15.81866600
17.70912500
15.62912500
17.79712500
15.57158400
17.98725000
15.35029100
17.97041700
15.42916700
17.89245800
15.30129200
17.95516600
15.56845900
17.96816600
15.52629200
17.86579200
15.39641600
17.96000000
15.37379200
17.82250000
15.38670800
18.00995900
15.52962500
17.75454100
15.83529200
16.56837500
16.81387500
16.16354200
17.14120800
16.31550000
17.12470800
16.20116700
16.92725000
16.30495800
17.31179200
16.51050000
16.68620800
16.33712500
17.11591700
16.35245800
17.06587500
16.15258400
17.14420800
16.39604200
16.96925000
16.75562500
16.54320800
16.28850000
17.11433300
16.51675000
16.93970900
16.47845800
16.87254200
16.50633300
16.79383300
16.44166700
17.05720800
16.46016700
16.88883300
16.34537500
16.94625000
16.66675000
16.70870900
16.50400000
16.91266600
16.55000000
16.78870900
16.79979100
16.49095900
17.90095800
15.44787500
17.69816700
15.61541600
17.83837500
15.63720900
17.77695800
15.54466700
17.66125000
15.66545800
17.82316700
15.57895800
17.69050000
15.67425000
17.70125000
15.65750000
18.16370800
15.27158400
17.88708300
15.47004200
17.75370800
15.41233300
17.71616700
15.83270800
17.72333400
15.59291600
17.79458400
15.56941600
17.52758400
16.02650000
17.52637500
15.67570800
17.64016700
15.71500000
17.48458300
16.05083300
18.32837500
14.92825000
17.74887500
15.42695900
17.73579100
15.76458400
17.65145800
15.78025000
17.89679200
15.44629100
17.25208400
16.10183300
17.76825000
15.39787500
17.82654200
15.72554100
17.65937500
15.73645900
17.91983300
15.52070800
18.43466700
14.81354200
18.39070800
15.01820800
18.47933400
14.98141600
18.54041700
14.82733300
18.23179200
15.03916700
18.32041600
15.12345900
18.55679100
14.83629200
18.08162500
15.31420800
18.48591700
14.92679200
18.32325000
14.97441600
18.86887500
14.43566700
17.99025000
15.46387500
18.41416700
15.30004100
15.58066700
17.79695800
15.56004200
17.70358300
15.65641700
18.14670800
15.73641700
17.61100000
15.66291700
17.20158300
15.74770800
17.57587500
15.78512500
17.44904200
15.92841700
17.68016600
15.69220900
17.74562500
15.61275000
17.61695800
15.75116700
17.49625000
15.88591600
17.62645900
15.73287500
17.63037500
15.73004100
17.77958400
15.57970800
17.61020800
15.76233400
17.54541600
15.80916700
17.47162500
15.91604200
17.76175000
15.58616600
17.45708400
15.92366600
17.48945900
15.87733300
17.62512500
15.73641700
17.54291600
15.81758400
17.49970800
15.87270800
17.47179200
15.90116700
17.52754100
15.81708400
17.53933300
15.87050000
17.50041700
15.83566600
17.50804200
16.41054200
16.73320800
16.91833300
16.55245900
17.20962500
16.16470800
17.52812500
15.83925000
17.74620800
15.61775000
17.40158400
15.96208300
17.50583300
15.83645900
17.74775000
15.62608300
18.00008300
15.32683400
18.30104100
14.91370900
17.83129100
15.76575000
17.72437500
15.38504200
16.89054200
16.63566600
17.48429200
15.82975000
18.48500000
15.13275000
17.81091700
15.22104100
17.83254200
15.64087500
18.04275000
15.38433300
17.78112500
15.58654200
17.81033300
15.61391700
17.71645800
15.46537500
17.47029200
16.12895800
17.42729200
15.79095800
17.21433400
16.37716600
16.86966700
16.43670800
16.81612500
16.61770900
16.41258300
16.86804200
16.41625000
16.98958300
15.96412500
17.21641700
16.12258300
17.33795800
15.97704200
17.47829200
15.99237500
17.28333300
15.98250000
17.28204200
16.07991600
17.54354200
15.95729200
17.25637500
15.97454100
17.48137500
15.89754200
17.46691700
15.89604100
17.44275000
15.90916700
17.34425000
16.02916700
17.32770800
16.02808300
17.39212500
15.97875000
17.28129200
16.14325000
17.43270800
15.88266700
17.47595800
15.98487500
17.50358400
15.78158300
17.63620800
15.72829200
17.43895800
15.91391700
17.52954200
15.84283300
17.54237500
15.81904200
17.41904100
15.94145900
17.40095800
15.97616700
17.51216600
15.85545900
17.80845800
16.97150000
16.11300000
16.50445800
16.98708400
16.95554100
16.24691700
16.71508300
16.64120900
16.47000000
16.91162500
16.87645800
16.54925000
17.24233300
16.06283400
16.90400000
16.67887500
17.20795800
16.17612500
17.00491700
16.25600000
16.68487500
16.72562500
17.17745800
16.08950000
17.11545800
16.36837500
16.97100000
16.29595900
16.89587500
16.53637500
16.75879100
17.04004200
16.82591700
16.15508300
17.06787500
16.23237500
15.74320800
17.60108400
15.76070800
17.47287500
15.89804200
17.44800000
16.27070800
17.21133300
15.79479200
17.61083300
15.75137500
17.54191700
15.83704200
17.41833300
15.93966700
17.61387500
15.75820800
17.50129200
15.85633300
17.53658300
15.82887500
17.39541700
15.97266700
17.43025000
15.93704100
17.61141700
15.75566700
17.32141600
16.04966700
17.23025000
16.14366700
17.32775000
16.03125000
17.48570800
15.91233300
17.40045900
16.16008300
17.12270800
16.02962500
17.59033400
15.77495800
17.42162500
15.92545800
17.34575000
16.03279200
17.48700000
15.90325000
17.39250000
15.94366700
17.30758300
16.07762500
17.35429200
16.00350000
17.24812500
16.11312500
17.28045800
16.12895800
17.27320900
16.06050000
17.52216600
15.83900000
17.55850000
15.84225000
17.38279200
15.96841700
17.36583300
16.11962500
17.40608300
16.11016700
17.06833300
16.00550000
17.42804200
15.93283300
17.49762500
15.87366700
17.54591700
15.83504100
17.58845900
15.80591600
17.51733400
15.90470800
17.33891700
16.04608300
17.44279200
16.16279100
16.97837500
16.45245900
16.82533300
16.38566700
17.17829100
16.25679200
17.05000000
16.28537500
17.20975000
16.44633300
16.08766700
19.18691700
14.90883300
17.72950000
15.74054200
17.24250000
15.70758300
16.93658300
16.53591700
17.08879200
16.41291600
16.92429200
16.34745800
17.09904200
16.25445800
16.91391700
16.42883300
17.08875000
16.18595900
17.05404100
16.33816700
17.29841700
16.07308300
17.14679200
16.22566600
17.13050000
16.23650000
17.09404200
16.20095800
17.17225000
16.21745900
17.88970800
15.49787500
17.07570800
16.20729200
17.28233300
16.20029200
17.29595800
16.06233400
17.19437500
16.12733300
17.33904200
16.06204100
17.50462500
15.80920900
17.53487500
15.80420800
17.56912500
15.75708300
17.66100000
15.72445900
17.56687500
15.80866600
17.94266700
15.53108300
18.60350000
14.67879200
18.28525000
14.91704200
18.33462500
15.11370800
18.84766700
14.51516600
18.36220900
14.88458300
18.43587500
15.10841700
18.46816600
14.77400000
18.52183400
14.83229100
18.62208400
14.78916600
18.71854200
14.57041700
18.98833300
14.32433300
18.59270900
14.71658300
18.87450000
14.57958300
18.73837500
14.56220900
18.44920800
14.84270800
18.74645900
14.75304100
19.36345900
13.95600000
19.38516600
13.91004200
18.85670800
14.48587500
18.06075000
15.29816700
18.02337500
15.34850000
17.70962500
18.47870800
13.85454200
16.71908300
17.96458400
15.37562500
18.02154100
15.34350000
18.01616700
17.99125000
14.04466700
17.88954100
15.47016700
17.82420800
15.53616700
17.99908300
15.37933400
17.91987500
15.43716600
17.75791700
15.61645800
17.77225000
15.59204200
18.09750000
15.28825000
17.93375000
15.42179200
18.01720800
15.34429200
17.99187500
15.37141600
17.86137500
15.50104200
17.95708300
15.41687500
17.94291700
15.41304200
17.91683300
15.45533300
17.78037500
15.59095900
17.70816600
15.67250000
17.99312500
15.36800000
17.87812500
15.47100000
17.89287500
15.48345900
17.63345800
15.72891700
17.50079100
15.89816700
17.70391700
15.66862500
17.75116600
15.58337500
17.58941700
15.80095800
17.94850000
15.39537500
17.74175000
15.65679200
17.87070800
15.45737500
17.78879200
15.57241700
17.66229100
15.71566700
17.63079200
15.72650000
17.46616600
15.90866700
17.31166700
16.05408300
17.24070800
16.15391700
17.81800000
15.51483300
17.66375000
15.69958400
17.63275000
15.76966600
17.68829200
15.65770800
17.85000000
15.52354200
17.73225000
15.62387500
17.65425000
15.72129200
17.82883300
15.52029200
17.88500000
15.49250000
17.72254100
15.63958400
17.71495800
15.64508300
17.67529200
15.70029200
17.64020800
15.72183300
17.95391700
15.40508300
17.38979200
15.97891700
18.06375000
15.31108300
18.46525000
14.90858300
17.71841700
15.64004200
17.26837500
16.12570800
17.84175000
15.50666700
17.86158300
15.48829200
17.44129100
15.92891700
17.59750000
15.76654200
17.77875000
15.60216600
17.86362500
15.49154200
17.68295800
15.68250000
17.72858400
15.64979100
17.64379200
15.71141700
17.55554100
15.81162500
17.69145900
15.67895800
17.51966700
15.84575000
17.79754100
15.59104200
17.68795800
15.66816700
17.48766700
15.87879100
18.24366700
15.10412500
18.37183300
14.99470900
18.51633300
14.85429200
18.40879100
14.96391700
18.83487500
14.53308300
18.63645900
14.73225000
18.78745800
14.56891700
19.78737500
13.62108300
17.93391700
15.40391600
18.64758400
14.74104100
18.19183400
15.17016600
19.11916700
14.24850000
19.74979200
13.60004100
18.93783400
14.44145800
19.20212500
14.88395800
17.09545900
16.37350000
18.75295800
14.51775000
17.95962500
15.26650000
17.26458300
16.18058400
17.41587500
15.95300000
17.36091600
16.00195900
17.25929100
16.06141700
17.03912500
16.24945800
17.26883400
16.08770800
17.06537500
16.35404200
17.02679100
16.30470900
17.42258300
16.03183300
17.17716700
16.25816700
17.07966600
15.98583400
17.22445800
16.57229200
17.17933300
15.97087500
16.92133300
16.41341700
17.31979200
16.09962500
17.19979100
16.17691700
17.36695800
15.93825000
17.22366700
16.07929200
17.17112500
16.24125000
16.97341600
16.39491700
17.08045800
16.25395900
17.70604100
15.62658400
17.60858300
15.86308300
17.61962500
15.74633400
17.25545800
16.15012500
17.02245800
16.28595900
17.27004100
16.24208400
17.24475000
16.02387500
17.38579100
15.91558400
17.20429100
16.18458400
17.09458300
16.32954200
17.52770800
15.81083300
17.13750000
16.11704200
17.24225000
16.18933300
17.15591700
16.17366700
16.97804100
16.38233400
17.27391600
16.16641700
17.07250000
16.26433300
17.07175000
16.23745900
17.02429100
16.38295900
17.20954100
16.16716700
17.06162500
16.40541700
17.22016600
16.09500000
17.16058400
16.15100000
16.94750000
16.39087500
17.18120800
16.24208300
17.29608400
16.06595800
17.28975000
15.80725000
17.10108300
16.54529200
17.30250000
16.05508300
16.99475000
16.35029200
17.74279200
15.65862500
17.66737500
15.64850000
16.81016600
16.56845900
17.30929100
16.17912500
16.94983400
16.14079100
17.06870900
16.49770800
17.01325000
16.39408300
17.19875000
16.10904200
17.27979200
16.05400000
17.06054100
16.26941700
17.14054200
16.29262500
17.09091600
16.29108400
17.01383300
16.31012500
17.14375000
16.13954200
16.99304100
16.47591700
16.89158300
16.45475000
17.06458400
16.31483300
16.97816700
16.65295800
17.09645800
16.38408400
18.35729100
14.78195900
18.04358300
15.55070800
18.03316700
15.01570800
17.75358400
15.73166600
17.82970900
15.45304100
17.59941700
15.75500000
18.18270800
15.18891700
17.75870800
15.65433400
17.92533300
15.44416700
17.98366600
15.38662500
17.80087500
15.59758400
18.03300000
15.32512500
17.89795800
15.49483300
17.66854200
15.59925000
17.64408300
15.80587500
17.76754200
15.73995800
18.47891700
14.81933300
18.48304200
14.67662500
16.98141700
16.32804100
17.17429200
16.18583300
17.08629200
16.28958300
16.97458400
16.40525000
17.10266600
16.24183400
17.11612500
16.29050000
16.93729100
16.44683400
17.02475000
16.27404100
17.02429200
16.38925000
16.80408300
16.53929200
16.90620800
16.45445900
16.92004100
16.47216700
17.04166700
16.28787500
16.99500000
16.54533300
16.99170800
16.26883400
16.82645800
16.47512500
16.94962500
16.31908300
16.51858400
16.96545800
16.70070800
16.76941700
16.53929200
16.78425000
16.70191600
16.60433400
16.96358300
16.41766700
16.84920800
16.53054200
17.22912500
16.11479100
16.89954200
16.50020800
16.92233400
16.40666600
16.98758400
16.33825000
16.85820800
16.53745800
16.87862500
16.57816700
17.02633300
16.30762500
17.00754200
16.36808300
17.00125000
16.24420900
17.00245800
16.42666700
17.09691600
16.45100000
16.77370900
16.76225000
17.93779100
15.12725000
16.91975000
16.44433400
16.89995800
16.37045800
16.98637500
16.45166700
17.05579200
16.26654100
16.94716700
16.36754200
17.06295800
16.36662500
17.08137500
16.24391700
17.24320800
16.27875000
17.19283300
16.13341700
16.90329200
16.43237500
17.09908300
15.77641700
16.58433300
16.68358300
16.69333400
16.66958300
16.66458300
16.67708400
16.68654100
16.69425000
16.67741700
16.75550000
16.61766700
16.67341600
16.69450000
16.71066700
16.66316700
16.66391600
16.68337500
16.70137500
16.67408400
16.69808300
16.66666700
16.68645800
16.67520800
16.71079200
16.68458300
16.65675000
16.68645900
16.71075000
16.67204100
16.66633400
16.72137500
16.64304100
18.29725000
15.06600000
17.21641700
16.15695800
16.68966700
16.67483300
16.69529200
16.67362500
17.47612500
15.90975000
16.66833300
16.70470900
16.69291600
16.64166700
18.82254200
14.55745800
17.76875000
16.35150000
16.22445800
16.73591700
16.56825000
16.77612500
16.54058300
16.51270900
16.66762500
16.67779100
16.68304200
16.68187500
16.68987500
16.69100000
16.68425000
16.68683300
16.67416700
16.68208300
16.67408400
16.69075000
16.68337500
16.68283300
16.67454200
16.69212500
16.68604100
16.67195900
16.68408300
16.68162500
16.68270800
16.69470900
16.67175000
16.68579100
16.70591700
16.68604200
16.66366600
16.71350000
16.66375000
16.67458400
16.71566600
16.65850000
16.67179200
16.68233300
16.69745900
16.67629100
16.70404200
16.65866700
16.67887500
16.73354100
16.66170900
16.66566600
16.69745900
16.66404100
16.67370900
16.68858300
16.68741700
16.68070800
16.69700000
16.66616700
16.72183300
16.65020800
16.68216700
16.68900000
16.69141700
16.68070800
16.68408300
16.91637500
16.45050000
16.67654200
16.67366700
17.46050000
15.91129100
16.76395900
16.61200000
16.68358300
16.70316700
16.66525000
16.74170800
16.61583300
16.68891700
16.67137500
16.69025000
16.68087500
16.68866700
16.67450000
16.70191600
18.47987500
14.87166700
16.68487500
16.67820800
16.68712500
16.67466700
16.70920800
16.67120900
16.67941600
18.68591700
14.69879200
16.69308300
16.65212500
16.68233300
16.68129200
18.56058300
14.82441700
16.70641700
16.64125000
16.68179100
16.68600000
16.68562500
18.75925000
14.62120900
16.66400000
18.03620800
15.36883300
16.64454200
16.69550000
16.68741700
16.69966600
16.65054200
16.68391700
18.44679100
14.92495900
16.68933300
16.70029200
16.65545800
18.35420800
15.10250000
16.62908400
16.65070800
16.68229200
16.68045800
16.68441700
16.69083300
16.67383300
18.25866700
15.10883300
16.68816700
16.68045800
16.68404200
16.68308300
16.68066700
16.68508300
16.69095900
16.68670800
18.65233300
14.70408400
16.69704100
16.70758400
16.64962500
16.69975000
16.68408300
16.66933300
18.19779200
15.16954200
16.67437500
17.80866600
15.57150000
16.68737500
16.67733400
18.06333300
15.30691700
16.66766600
16.69670900
16.71125000
18.60466600
14.72037500
16.71158400
16.66516600
16.70383400
16.66833300
17.87883300
15.99804200
16.36345800
16.93370900
16.26950000
16.66275000
16.77316600
16.58529200
16.67504200
16.68029100
16.69291700
16.67266700
16.69379100
16.67204200
16.68487500
16.68279200
16.82887500
16.54950000
16.68225000
16.67841600
16.67895900
16.68204100
16.68175000
16.69270900
16.67345800
16.70812500
16.67604200
16.73325000
16.63325000
16.69187500
16.66875000
16.68316600
16.79887500
16.70658400
16.55500000
16.67937500
16.67479100
16.67787500
16.68412500
16.69441700
16.67875000
16.67620800
16.69766700
16.67900000
16.68008300
16.69566700
16.76779200
16.59100000
16.69650000
16.67591600
16.67108400
16.67870800
16.68762500
16.69466700
16.66229100
16.68337500
16.69029200
16.69562500
16.68687500
16.67370800
16.67737500
16.69054200
16.68600000
16.69741700
18.38600000
14.95841600
18.36704200
14.99266700
16.70870800
16.66495800
16.68675000
17.50720900
15.86212500
16.67250000
16.72291600
16.64095900
16.70045800
16.68908300
16.67045900
16.69079100
18.15645900
15.20604100
16.67200000
17.63408400
15.73954100
16.67720900
16.69250000
16.68066600
16.70512500
16.68287500
16.69650000
18.01025000
15.32587500
16.67479200
16.68450000
16.67720800
16.69200000
16.67558400
16.68529100
18.30616700
16.62008300
15.13791700
16.67758300
17.61454200
15.74958300
16.67625000
17.01258400
16.36341600
16.68583400
16.68445800
18.29383300
16.24891700
15.49329200
16.68304100
16.69741700
18.32995800
15.02483400
16.68300000
16.68741600
16.67791700
16.68570800
16.74891700
17.87958300
15.42425000
16.71616700
18.36991700
15.56350000
16.08283300
18.35391700
15.02154100
16.67137500
16.68254200
16.68304200
17.64108300
15.73350000
16.67537500
16.71170800
16.69308400
16.68691600
16.64954200
16.68975000
16.68175000
16.67079200
16.68279100
16.69470900
16.68220800
18.18520800
15.19920900
16.67775000
17.74100000
15.64895800
16.64995800
16.68587500
16.70954200
16.66512500
16.67483300
17.37875000
15.97537500
16.68712500
16.70187500
16.67458400
17.75525000
16.33858300
16.18641700
16.72741600
16.53254200
17.32575000
15.92820800
16.65970900
16.68908300
16.68908300
16.67395900
16.69750000
16.66583300
16.68825000
16.68333300
16.69858400
16.66387500
16.69579100
16.67212500
16.70204200
16.66204200
16.68250000
16.68704100
16.69741700
16.68391700
16.67520800
16.68575000
16.67208300
16.68304200
16.68500000
16.68020800
16.69637500
16.68650000
16.68620900
16.66995800
16.71050000
16.68687500
16.65587500
16.68816700
16.67179100
16.69229200
16.67616700
16.68512500
16.68220800
16.72475000
16.64054200
16.68275000
16.70741600
16.68658400
16.68087500
16.65929100
16.68704200
16.71587500
16.65800000
16.67129200
16.73220800
16.63375000
16.70141700
16.66679100
16.70416700
16.65991700
16.68445800
16.69275000
16.68525000
16.67437500
16.70070800
16.66820900
16.70150000
17.19708300
18.06158300
14.78008400
16.68337500
16.67345800
16.68491700
16.72791600
16.63937500
16.68700000
2940.03750000
18.22079200
18.72908300
15.21133400
14.66566600
15.22437500
17.28362500
15.94441700
16.02045800
17.16525000
16.83733400
16.80437500
16.23054100
15.77266700
16.52212500
17.04745800
16.28262500
16.11458400
16.46912500
16.70695800
16.66470800
16.68750000
16.66991700
16.70754200
16.67866600
16.66204200
16.68441700
16.69325000
16.67862500
16.68008300
16.71166700
16.65995800
16.67845800
16.67687500
16.79641700
16.59495800
16.66733400
16.70466600
16.65641700
16.69425000
16.67375000
16.68666700
16.68850000
16.67458300
16.68754200
16.70479100
16.69433400
16.65604100
16.69316700
16.68362500
16.66783300
16.69491700
16.66787500
16.69391700
16.67333300
16.68966700
16.68683300
16.67875000
16.67941700
16.78166600
16.58091700
16.68979200
16.68412500
16.69329100
16.69466700
16.67379200
16.67412500
16.69850000
16.67220800
16.67808300
16.70075000
16.66004200
16.71195800
16.67250000
16.66637500
16.68454200
16.68791700
16.68650000
16.70050000
16.67425000
16.68087500
16.69058300
16.66770800
16.69491700
16.66195800
16.69470900
16.68887500
16.67854100
16.68487500
16.69083400
16.67162500
16.67425000
16.69704100
16.67216700
16.69979200
16.67050000
16.67775000
16.69725000
16.68941600
16.70662500
16.66345900
16.67795800
16.67595800
16.71875000
16.64683400
16.67145800
16.68095800
16.71662500
16.65516700
16.68308300
16.71545900
16.67108300
16.66658300
16.67937500
16.68308400
16.68958300
16.70266700
16.67541600
16.66437500
16.68287500
16.70062500
16.66358400
16.68683300
16.70758300
16.67712500
16.68404200
16.68470800
16.68033400
16.68791600
16.68158400
16.66029100
16.70258400
16.68383300
16.66212500
16.68291700
16.70541600
16.67100000
16.70045900
16.68250000
16.68104100
16.68104200
16.67233300
16.69729200
16.66929200
16.69766600
16.66620900
16.70283300
16.67937500
16.68945800
16.66500000
16.70079200
17.11916700
16.24079100
16.67933400
16.67300000
16.69604100
16.67520900
16.69833300
16.68350000
16.66950000
16.69150000
16.68812500
16.67075000
16.69133300
16.67470900
16.69037500
16.68545800
16.66866700
16.69854100
16.68179200
16.66975000
16.71670800
16.67095900
16.66200000
16.68362500
16.68783300
16.67641700
16.71395800
16.65808300
16.68770900
16.68062500
16.67854100
16.68375000
16.70187500
16.69041700
16.66620800
16.67029200
16.69045800
16.68250000
16.68391700
16.68066700
16.70866600
16.66145900
16.68720800
16.68770800
17.25495900
16.09783300
16.68433300
16.69245900
16.67366600
16.68966700
16.76654200
16.61754100
16.67112500
17.17241700
16.18266700
16.68775000
16.72595800
16.63854200
16.68966600
16.68133400
16.78408300
16.58204200
16.99483300
16.37266700
16.69137500
16.71787500
16.64000000
16.68241600
16.68154200
16.68729200
16.67570800
16.69320800
16.70995900
16.65191600
16.68387500
16.68058400
16.94108300
16.43062500
16.67466700
16.68450000
16.70141600
16.70975000
16.65908400
16.68600000
16.66183300
16.69320800
16.67441700
17.55291700
15.81795800
16.68837500
16.71833300
16.68366700
16.64441700
16.67887500
16.69370800
16.67370800
16.67941700
16.68845800
16.71050000
16.65866700
16.68266700
16.68458300
17.21000000
16.26787500
16.59416700
16.65270800
16.68150000
16.69945800
16.67450000
16.68079200
16.70295800
16.65708400
16.68212500
16.68600000
16.69375000
16.68550000
16.67204100
16.71450000
16.67591700
16.66733300
16.68062500
16.69341700
16.66937500
16.68395800
16.71170900
16.66712500
16.67754100
16.67566700
16.72612500
16.66466700
16.66216600
16.68241700
17.58079200
15.79141600
16.70775000
16.65579200
16.68395800
16.67983400
16.69108300
16.69233300
16.71366700
16.66670800
16.65050000
16.68966700
16.68608300
16.67341700
16.68400000
16.72366700
16.67358300
16.65504200
16.69862500
16.66629100
16.68275000
16.68333400
16.69291600
16.89670900
16.50816600
16.64575000
16.70283400
16.66208300
16.69954200
16.65837500
16.69229100
16.68175000
16.71550000
16.64312500
16.68404200
16.68754200
16.68283300
16.67825000
16.68495800
16.70362500
16.69087500
16.71645900
16.62287500
17.96075000
15.42591600
16.66841700
16.68033300
16.70525000
16.68383400
16.67608300
16.66191700
16.71233300
16.65379200
16.71829100
16.65679200
16.67512500
16.70687500
16.67966700
16.69845800
16.67262500
16.68033300
16.66083400
16.68454100
16.70441700
16.68312500
16.66550000
16.67783300
16.70833400
16.68170800
16.69929200
17.29958300
16.03141700
16.70887500
16.66083300
16.68016700
16.69295800
16.67920800
16.71295900
16.66712500
16.67191600
16.67525000
16.68358400
16.69429100
16.70016700
16.67270800
16.67191700
16.68258300
16.71483400
16.70158300
16.63983300
16.69412500
16.66183400
16.69154100
16.67633400
16.69950000
16.73316600
16.62529200
16.68262500
16.70537500
16.70016700
16.64375000
16.68179100
16.69741700
16.72629200
16.65508300
16.73758300
16.63645900
16.68104100
16.68470900
16.67766600
16.70004200
16.66175000
16.68250000
16.67866700
16.66187500
16.70208300
16.70825000
16.68491700
16.66912500
16.67825000
16.67525000
16.69320800
16.65900000
16.69625000
16.72979200
16.63008300
16.67187500
16.79429200
16.57095800
16.68558300
16.71879200
16.71037500
16.62695800
16.71304200
16.65033300
16.68875000
16.67879200
16.68850000
16.67816700
16.68762500
16.71270800
16.65204200
16.68020800
16.69333300
16.69737500
16.65691700
16.70183300
17.90183400
15.44150000
16.69608300
16.70479200
16.65912500
16.69029100
16.67208400
16.71187500
16.65491600
16.67954200
16.90462500
16.47512500
16.68304200
16.68279100
16.68083400
16.67570800
16.71400000
16.65558300
16.67883400
16.69079100
16.68512500
16.67891700
16.67900000
16.68683300
16.69033400
16.67487500
16.69379100
16.67925000
16.67725000
16.69016700
16.68516700
16.67512500
16.69583300
16.67729200
16.67670800
16.69020800
16.70000000
16.67195900
16.67866600
16.68087500
16.71091700
16.80091700
16.58004100
16.64391700
16.70445800
16.65191700
16.71366700
16.65266600
16.69350000
16.68204200
16.67320800
16.70512500
16.67487500
16.70704200
16.64929200
16.71391600
16.65512500
16.68683400
16.68212500
16.71958300
16.65987500
16.67283300
16.68166700
16.69108300
16.66933400
16.68066600
16.69320900
16.71379100
16.65025000
16.68979200
16.70075000
16.67820800
16.66837500
16.69379200
16.68012500
16.68650000
16.67087500
16.67762500
16.70629200
16.67804100
16.66804200
16.68000000
16.68995800
16.71429200
16.66862500
16.66316700
16.69908300
16.67375000
16.68033300
16.68304200
16.68108300
16.69845900
16.66750000
16.72295800
16.64133300
16.68429200
16.69037500
16.68037500
16.67529200
16.69987500
16.66929100
16.71687500
16.65987500
16.68595900
16.68466600
16.67745900
16.69870800
16.66112500
16.71820800
16.64512500
16.73179200
16.64191700
16.68541600
16.67229200
16.71487500
16.65662500
16.70362500
16.66545800
16.67454200
16.70858300
16.66175000
16.68854200
16.71175000
16.64983300
16.71229200
16.67275000
16.66470800
16.68170900
16.68279100
16.68370900
16.69279100
16.69412500
16.66704200
16.72716700
16.96912500
16.38670800
16.65720800
16.70662500
16.64962500
16.71095900
16.66266600
16.70216700
16.65970800
16.68262500
16.69512500
16.68200000
16.68591700
16.68516700
16.68266600
16.67487500
16.70479200
16.67250000
16.68212500
16.68037500
16.67858300
16.68704200
16.67562500
16.68208300
16.68291700
16.70333300
17.36091700
16.02804200
16.70279100
16.64508400
16.70120800
16.66479200
16.67441600
16.68408400
16.70325000
16.65929100
16.69537500
16.68620900
16.66445800
16.70166700
16.67037500
16.69912500
16.66491600
16.69762500
16.66104200
16.72500000
16.64116700
16.68779100
16.70966700
16.67041700
16.66270800
16.68612500
16.69766700
16.68454100
16.67462500
16.68391700
16.69654200
16.67937500
16.67145800
16.69054200
16.69162500
16.66991600
16.68379200
16.67625000
16.71158300
16.68416700
16.66429200
16.68254100
16.68350000
16.70104200
16.65637500
16.69520800
16.67083400
16.68708300
16.68458300
16.69650000
16.66762500
16.68041700
16.68966700
16.68558300
16.67391700
16.68254100
16.70691700
16.67066700
16.67512500
16.69170800
16.67662500
16.68716700
16.69666600
16.66800000
16.69483400
16.69854100
16.66220900
16.67570800
16.69612500
16.69179200
16.70662500
16.64462500
16.68341600
16.68925000
16.67358400
16.69729100
16.68350000
16.67500000
16.70862500
16.64925000
16.68979200
16.71450000
16.66541700
16.66895800
16.68925000
16.67204200
16.69875000
16.67462500
16.68620800
16.67091700
16.68245800
16.71016700
16.66062500
16.68329100
16.69316700
16.69554200
16.66025000
16.69341600
16.70120900
16.65408300
16.71691700
16.65337500
16.68662500
16.67866600
16.69916700
16.67170800
16.70291700
16.65958300
16.68883400
16.67470800
16.68795800
16.71404200
16.65766700
16.68279100
16.71287500
16.66345900
16.69937500
16.66516600
16.71679200
16.63891700
16.68262500
16.68804100
16.83758400
16.52700000
16.68587500
16.67579100
16.71991700
16.66975000
16.69637500
16.65745800
16.67062500
16.68525000
16.69170900
16.68500000
16.69933300
16.65641700
16.70170800
16.66412500
16.68612500
16.68241700
16.69291600
16.69054200
16.66520800
16.69320900
16.67441600
16.68591700
16.68850000
16.67641700
16.68225000
16.68537500
16.69175000
16.68354100
16.67866700
16.67850000
16.68795800
16.67937500
16.68441700
16.70216700
16.67650000
16.67100000
16.72266600
16.67483400
16.67308300
16.66679200
16.68016600
16.68187500
16.72158400
16.63858300
16.71041700
16.65679100
16.68720900
16.68145800
16.70883300
16.68925000
16.67912500
16.65508400
16.68120800
16.68683300
16.70745900
16.67816600
16.68395900
16.66512500
16.68145800
16.71045800
16.68929200
16.67141700
16.69150000
16.67537500
16.68750000
16.66091600
16.70254200
16.68283300
16.66416700
16.70279200
16.65775000
16.69379100
16.67079200
16.68625000
16.70191700
16.67733300
16.67633300
16.68008400
16.68558300
16.70087500
16.67108300
16.68766700
16.69758300
16.66079200
16.68120800
16.69304200
16.67904200
16.68804100
16.70095900
16.66570800
16.67587500
16.72816700
16.63708300
16.69962500
16.70258300
16.65350000
16.67858400
16.69000000
16.67766600
16.71841700
16.65145800
16.72791700
16.64316700
16.68700000
16.67770800
16.68870800
16.67608400
16.72712500
16.64925000
16.69516600
16.66537500
16.70783400
16.65275000
16.68550000
16.68675000
16.67487500
16.69204100
16.68316700
16.67595800
16.68604200
16.68041700
16.69862500
16.69483300
16.68566700
16.66275000
16.67187500
16.68112500
16.73450000
16.65850000
16.66525000
16.68045800
16.69225000
16.68475000
16.68275000
16.68558300
16.67758400
16.67254100
16.68816700
16.71433300
16.66100000
16.68341700
16.67400000
16.69470800
16.67937500
16.70462500
16.65575000
16.70404200
16.70033300
16.66908400
16.67012500
16.68358300
16.67970800
16.66995900
16.68683300
16.71545800
16.65466700
16.71675000
16.65045800
16.68879200
16.71016700
16.64466600
16.70066700
16.66904200
16.72200000
16.65295800
16.67987500
16.69379200
16.66695800
16.69566700
16.67895800
16.68566700
16.73487500
16.63483300
16.67358300
16.71683400
16.66941600
16.65883400
16.68445800
16.68312500
16.68945800
16.70350000
16.69037500
16.68358400
16.66108300
16.69187500
16.66466700
16.68912500
16.69775000
16.66345800
16.70829200
16.67958300
16.67275000
16.66700000
16.69079200
16.70412500
16.67508300
16.69462500
16.67562500
16.70341700
16.64483300
16.71637500
16.65770800
16.67429200
16.69691700
16.67287500
16.69008300
16.70204200
17.48650000
16.59279100
15.98941700
16.64945800
16.67095900
16.72845800
16.66820800
16.66004200
16.68129200
16.69612500
16.69429100
16.66508400
16.70966600
16.68362500
16.65125000
16.68112500
16.67862500
16.72062500
16.64491700
16.71108300
16.69329200
16.65779200
16.70029100
16.69154200
16.67870800
16.65650000
16.69800000
16.66579200
16.68420800
16.70970900
16.65416600
16.71162500
16.67262500
16.67879200
16.68541700
16.67995800
16.69033300
16.70954200
16.64529200
16.68912500
16.68237500
16.67991600
16.71041700
16.65366700
16.68125000
16.71345800
16.65904200
16.67991600
16.68470900
16.67641600
16.72004200
16.67270800
16.66229200
16.70737500
16.65716700
16.68066600
16.70079200
16.68600000
16.66254200
16.68279100
16.68366700
16.70933300
16.68054200
16.66245800
16.68100000
16.68600000
16.71516700
16.65275000
16.70554200
16.66087500
16.68045800
16.68729200
16.67729100
16.68704200
16.69525000
16.68054200
16.67787500
16.68979100
16.68900000
16.67620900
16.79458300
16.57733300
16.67166700
16.68958300
16.71029200
16.67708300
16.65666700
16.70304200
16.66441600
16.68445900
16.68845800
16.67575000
16.69416700
16.67708300
16.71337500
16.65333300
16.68154200
16.68962500
16.67491700
16.69108300
16.69025000
16.66829200
16.68279100
16.69350000
16.68679200
16.67804200
16.69087500
16.70533300
16.64512500
16.68041700
16.70208300
16.67500000
16.67725000
17.01804200
16.57887500
16.45100000
16.73608300
16.64512500
17.06712500
16.30783300
16.69029200
16.66437500
16.67862500
16.67687500
16.70162500
16.78104200
16.59212500
16.69462500
16.67570800
16.66391700
16.68275000
16.70758300
16.67283300
16.67075000
16.68212500
16.67579200
16.68650000
16.70208300
16.67441700
16.67483300
16.69658400
16.67208300
16.67791700
16.70720800
16.68016700
16.74962500
16.64712500
16.63591600
16.68104200
16.70812500
16.67000000
16.67504200
16.67825000
16.68391600
16.68537500
16.69204200
16.67354200
16.69133300
16.70645800
16.65558400
16.68891600
16.67866700
16.67950000
16.70058300
16.66637500
16.68120900
16.69095800
16.68750000
16.68758300
16.70808400
16.64304100
16.68854200
16.67950000
16.69995800
16.66408400
16.68779100
16.68375000
16.68195900
16.69870800
16.70829200
16.63716600
16.69079200
16.67945800
16.68891700
16.69304200
16.66991600
16.68716700
16.69450000
16.70208300
16.65175000
16.68270900
16.67950000
16.69783300
16.67412500
16.68033300
16.70487500
16.66912500
16.67362500
16.69041700
16.75166700
16.65000000
16.64933300
16.70529200
16.65604100
16.67725000
16.70300000
16.69366700
16.66391700
16.67908300
17.05962500
16.30933300
16.72441700
16.64125000
16.68666700
16.69183300
16.67662500
16.67325000
16.69983300
16.67716700
16.68708300
16.68470900
16.72758300
16.63625000
16.71045800
16.65066700
16.69225000
16.67475000
16.69145800
16.71550000
16.64466700
16.67887500
16.70808300
16.68354200
16.67020800
16.66683400
16.70183300
16.66470800
16.69075000
16.68554200
16.68400000
16.67258300
17.89266700
15.48354200
16.69258300
16.71066700
16.65045800
16.67387500
16.69183300
16.68116700
16.71283300
16.64837500
16.68050000
16.68258400
16.68966600
16.69983400
16.68450000
16.65679100
16.68391700
16.68208300
16.70975000
16.66166700
16.70425000
16.66095800
16.67904200
16.70895800
16.68258400
16.68995800
16.65754200
16.69637500
16.68850000
16.66395800
16.68225000
16.70675000
16.68391700
16.65737500
16.70958300
16.66850000
16.69366700
16.66229100
250.26125000
16.68229200
16.70258300
16.65212500
16.69683400
16.65895800
16.68637500
16.67879200
16.72891600
16.70250000
16.62966700
16.67716700
16.68733300
16.71908300
16.65641700
16.69425000
16.68125000
16.67783300
16.68029200
16.67545800
16.68779200
16.68441700
16.67829100
16.69741700
16.70500000
16.64041700
16.70904100
16.67225000
16.67520900
16.68183300
16.70670800
16.65933400
16.68933300
16.68025000
16.67566700
16.71575000
16.65862500
16.70575000
16.67675000
16.66625000
16.69350000
16.66612500
16.68304100
16.69650000
16.67033400
16.72495800
16.66700000
16.66300000
16.67941700
16.68320800
16.68012500
16.68545800
16.71437500
16.65100000
16.68637500
16.69333400
16.67183300
16.68404200
16.69358300
16.68745800
16.67591700
16.67729200
16.68237500
16.69554100
16.66945900
16.69220800
16.68329200
16.68037500
16.68795800
16.93945800
16.43254200
16.68829200
16.70458300
16.66516700
16.67662500
16.68312500
16.69212500
16.67983300
16.67754200
16.67987500
16.68254100
16.69029200
16.68912500
16.67600000
16.68104200
16.68741600
16.67325000
16.68575000
16.67270900
16.68291600
16.71008400
16.67979100
16.70150000
16.65720900
16.66808300
16.68195800
16.72008400
16.65816600
16.68475000
16.67666700
16.72683300
16.65175000
16.69116700
16.65920800
16.70395900
16.68491600
16.66100000
16.69033400
16.68441600
16.67870900
16.68566600
16.68520900
16.70166600
16.66629200
16.67520800
16.67958400
16.79795800
16.59383300
16.73666700
16.69150000
16.69400000
24.31291700
11.85216600
13.88904200
16.63483300
16.64316700
16.67983300
16.68087500
16.71025000
16.68908400
16.71433300
16.62000000
16.71200000
16.64954200
16.68929100
16.69308400
16.68229100
16.72941700
16.63125000
16.68016700
16.69137500
16.68895800
16.67600000
16.68229200
16.68666600
16.68320900
16.68400000
16.69179100
16.65737500
16.68133400
16.70283300
16.67362500
16.68991700
16.68487500
16.66808300
16.68400000
16.68816700
16.67650000
16.69604100
16.70008400
16.66395800
16.69079200
16.66541600
16.68308400
16.70354100
16.66375000
16.69054200
16.68062500
16.68687500
16.68787500
16.75233300
16.63220900
16.66620800
16.67954200
16.68637500
16.69237500
16.66962500
16.68320800
16.68558300
16.67887500
16.68108400
16.69800000
16.66900000
16.73433300
16.68112500
16.82566700
16.61458300
16.75141700
16.50700000
16.67670800
16.69633300
16.66629200
16.69816700
16.71129100
16.65004200
16.68587500
16.66845800
16.70808400
16.67045800
16.67458300
16.67962500
16.69020900
16.69237500
16.66645800
16.68962500
16.68854200
16.68191600
16.68587500
16.67283400
16.68241600
16.69229200
16.68537500
16.67208300
16.69083400
16.67545800
16.69525000
16.68675000
16.66858300
16.70166700
16.69458300
16.66108400
16.67725000
16.69437500
16.67787500
16.71150000
16.64879100
16.69850000
16.71212500
16.64091700
16.69650000
16.68845800
16.71887500
16.64008400
16.68012500
16.68658300
16.67679200
16.68062500
16.69187500
16.67837500
16.67866600
16.68362500
16.68458400
16.68025000
16.68362500
16.71800000
16.64887500
16.71479100
16.83016700
16.52416700
16.67275000
16.68083300
16.70679200
16.66475000
16.70870800
16.66795800
16.67891700
16.67033300
16.68470900
16.68833300
16.68937500
16.67245800
16.71525000
16.68050000
16.65033400
16.68087500
16.68837500
16.68016600
16.72454200
16.64979200
16.67762500
16.68066600
16.68408400
16.69112500
16.68791600
16.67845900
16.67425000
16.69108300
16.67891700
16.72658300
16.65016700
16.67612500
16.68770800
16.68641700
16.68033300
16.68050000
16.70654200
16.68379100
16.66270900
16.68462500
16.68991600
17.30300000
19.66391700
14.92912500
14.89462500
17.18854200
16.12595800
16.74587500
67.02862500
23.27037500
14.74812500
19.45958300
9.53066700
8.83483300
8.37475000
8.46116700
8.42279200
8.07375000
8.83812500
15.09050000
16.68158300
16.68091700
16.68141600
16.67650000
16.67470900
16.68037500
16.69579100
16.69445900
16.70250000
16.64729100
16.70595900
16.67679100
16.68700000
16.67075000
16.68100000
16.68070900
16.69133300
16.67425000
16.68266700
16.68004100
16.69041700
16.68112500
16.68512500
16.68091700
16.68441600
16.67879200
16.68770800
16.68350000
16.68312500
16.71037500
16.65462500
16.70870900
16.67875000
16.68183300
16.87350000
16.59587500
16.69654200
16.58287500
16.65745800
16.70458300
16.66833400
16.68925000
16.68270800
16.67354200
16.82891600
16.54625000
16.89933400
16.64525000
16.49912500
16.68716600
16.67658400
16.68245800
16.69808300
16.66579200
16.70995800
16.67008400
16.68491600
16.69779200
16.69095800
16.68475000
16.66104200
16.75287500
16.61404200
16.68975000
16.66737500
16.71066600
16.69566700
16.64975000
16.67320800
16.69033400
16.67987500
16.71675000
16.73912500
16.61900000
16.73079100
16.61187500
16.67487500
16.70058400
16.85316600
16.54912500
16.64566700
16.67862500
16.68195800
16.67495900
16.94916600
16.45312500
16.65883400
16.67062500
16.68995800
16.68966700
16.68958300
16.66312500
16.69050000
16.80387500
16.57583300
16.67179200
17.03595800
16.69950000
16.35916700
16.65791700
16.67433300
16.79116700
16.56912500
16.69950000
16.65429100
16.68695900
16.68137500
16.69145800
16.67795800
16.69862500
16.66045900
16.69300000
16.67762500
16.69820800
16.66900000
16.69162500
16.67608300
16.70854200
16.71512500
16.63250000
16.68470800
16.68416700
16.70225000
16.69679200
16.66358300
16.69825000
16.64558300
16.74320900
16.63150000
16.70391600
16.66404200
16.68137500
16.69300000
16.90766700
16.46870800
16.66604200
16.72329100
17.07479200
16.26891700
16.67750000
16.71558300
16.68145800
16.63833400
16.68075000
16.68966600
16.68750000
16.66458400
16.68112500
16.70437500
16.69195800
16.66100000
16.67858300
16.69962500
16.66858400
16.69175000
16.67670800
16.67466700
16.68908300
16.69620800
16.70995900
16.64725000
16.69012500
16.69187500
16.70308300
16.65558300
16.68020900
16.67625000
16.71962500
16.64795800
16.70904200
16.65383300
16.69804200
16.66995800
16.68587500
16.69116700
16.71225000
16.64875000
16.68258300
16.72575000
16.63979200
16.69362500
16.70812500
16.66137500
16.67091600
16.67704200
16.68908300
16.67633400
16.69491600
16.67129200
16.69125000
16.67337500
16.69204200
16.68575000
16.68458300
16.67450000
16.68479200
16.68120800
16.68091700
16.70570800
16.67470800
16.67858400
16.68266600
16.67587500
16.68187500
16.69537500
16.67483400
16.68491600
16.68979200
16.88866700
16.48158300
16.68162500
16.67262500
16.68170800
16.77487500
16.60237500
16.74912500
16.62395900
16.68000000
16.68587500
16.67554100
16.68141700
16.69008300
16.68712500
16.67079200
16.68025000
16.70875000
16.65733300
16.69316700
16.67837500
16.68954200
16.68412500
16.70195800
16.67562500
16.68370800
16.71970900
16.65145800
16.67375000
16.66891700
16.74545800
16.63091700
16.68316600
16.67441700
16.68583300
16.67829200
16.68929200
16.68804100
16.67333400
16.69025000
16.68391600
16.67529200
16.69345800
16.68370900
16.67666600
16.68870900
16.68079100
16.70333400
16.66079100
16.69070900
16.68091600
16.67666700
16.67808300
16.68679200
16.69450000
16.67904200
16.67925000
16.68608300
16.70983300
16.65050000
16.73216700
16.65066700
16.67791600
16.67770900
16.68120800
16.67829200
16.68833300
16.68462500
16.67837500
16.73450000
16.63770800
16.67966700
16.68637500
16.67795800
16.69754200
16.68850000
16.69741700
16.65483300
16.68108300
16.69366700
16.68333300
16.68416700
16.68087500
18.96633300
14.42595900
16.64720800
16.68445800
16.70800000
16.66979200
16.67033300
16.71291700
16.66354200
16.68283300
16.67941700
16.67745800
17.95770800
15.41079200
16.68058300
16.68245900
16.69091600
17.77233400
15.58987500
16.68250000
16.68358300
1017.70912500
16.72879200
16.63079100
16.70304200
16.66441700
16.67991600
16.68520900
16.74087500
16.68075000
16.63504100
16.69037500
16.68166700
16.67525000
16.67229200
16.71050000
16.68450000
16.67608300
16.68225000
16.69187500
16.65658300
16.70308400
16.68200000
16.69279100
16.65787500
16.69708400
16.69083300
16.77808300
16.76058400
16.66816600
16.59804200
16.62354200
16.72233300
16.69750000
16.60541700
16.71800000
16.73012500
16.65266600
16.68479200
16.64437500
16.86775000
16.60575000
16.70512500
16.58191700
16.64491600
16.73333400
16.64912500
16.87291600
16.54312500
16.63600000
16.71700000
16.65008400
16.73933300
16.68908300
16.66304200
16.73500000
16.63295800
16.62733400
16.67129100
16.69050000
16.68237500
16.68270900
16.67566600
16.68254200
16.68179200
16.68037500
16.68383300
16.69083300
16.67766700
16.71287500
16.67425000
16.67420800
16.69095900
16.66929100
16.69729200
16.67670800
16.67541700
16.77720800
16.64737500
16.66112500
16.69420900
16.67954100
16.63745900
16.72625000
16.85800000
16.61133300
16.67158300
16.77212500
16.61504200
16.61279200
16.63420800
16.69645800
16.71266700
16.63525000
16.73083300
16.69070900
16.65358300
16.70025000
18.57141700
19.09120800
12.45333300
16.58937500
16.74300000
16.69370900
16.68775000
16.56841600
16.72470900
16.72979100
16.64891700
16.67379200
16.69016600
16.64062500
16.75112500
16.73537500
16.57816700
16.66712500
16.68420800
16.68175000
16.69325000
16.66766700
16.69450000
16.70191700
16.65795800
16.69725000
16.67054200
16.68020800
16.92320800
16.70558400
16.52904100
16.83320900
20.93045800
13.56758300
15.32816700
16.85108300
16.58587500
18.40195900
23.72458300
18.50562500
15.34420800
13.68041700
12.89754200
14.32925000
16.69704100
16.82841700
16.42333300
16.95566700
17.19729200
15.93237500
16.78720800
16.65075000
16.70029200
16.55383300
16.61554200
16.69133300
16.69108300
16.63745900
16.76191600
16.60725000
16.68991700
16.68045800
16.68170900
25.82800000
16.06308300
13.35800000
15.78437500
16.05975000
13.94941700
15.74454100
16.67945900
16.68187500
16.75350000
16.68845800
16.68962500
16.59683300
16.67937500
16.69016700
16.81004200
16.62008300
16.71887500
16.65683300
16.67254200
16.62054200
16.70300000
16.71950000
16.62491600
16.71441700
16.71012500
16.63941700
16.74200000
16.62808300
16.67512500
16.69020800
16.79008400
16.62733300
16.70612500
16.61358300
16.68054200
16.77979200
16.66775000
16.75295800
16.63066700
16.66458300
16.60379200
16.67779100
16.67316700
16.69895800
16.68525000
16.67770900
16.74650000
16.63912500
16.66162500
16.68637500
16.66820800
16.67975000
16.70429200
16.67795800
16.68529200
16.66879100
16.67995900
16.68991600
16.69666700
16.66862500
16.69670800
16.67066700
16.68129200
16.69895800
16.68125000
16.69325000
16.69095800
16.66208400
16.69683300
16.74133300
16.66066700
16.68654200
16.67158300
16.71070800
16.68212500
16.75691700
16.54837500
16.67966700
16.74429100
16.61679200
16.68700000
16.67554200
16.68458300
16.68075000
16.72333300
17.49041700
15.85587500
16.89704200
16.65820800
16.49350000
16.70304200
16.65004100
16.67791700
16.68883300
16.67908400
16.81712500
16.62833300
16.62583300
16.69741700
16.74104200
16.62650000
16.64575000
16.70350000
16.72887500
16.65983300
16.66966700
16.70612500
16.68712500
16.66400000
16.66745800
16.69175000
16.70975000
16.67445800
16.69720900
16.65800000
16.72204100
16.64016700
16.71183300
16.63120900
16.78320800
16.58958300
16.67770900
16.71491600
16.66308400
16.69525000
16.66595800
16.71687500
16.67870800
16.72904200
16.67941700
16.67816600
16.73633400
16.60304100
16.64558400
16.68100000
16.69854100
16.69158400
16.74987500
16.76333300
16.56958300
16.62537500
16.68575000
16.67704200
16.67912500
16.85637500
16.54420800
16.65345900
16.70641600
16.65837500
16.69079200
16.71379200
16.65683300
16.67583300
16.71554200
16.65379200
16.70691600
16.66520900
16.67525000
16.68445800
16.71533300
16.66258400
16.70537500
16.64300000
16.71554100
16.74387500
16.71920900
16.59716600
16.70191700
16.64441700
16.67175000
16.70091600
16.65533400
16.72737500
16.65695800
16.68766700
16.65837500
16.69725000
16.67150000
16.72187500
16.65587500
16.67475000
16.71554100
16.65191700
16.68316700
16.81570800
16.58550000
16.66483300
16.72504200
16.62525000
16.70716700
16.70745800
16.63900000
16.67800000
16.69225000
16.68895800
16.71062500
16.64279200
16.68079200
16.68491600
16.69541700
16.67237500
16.71425000
16.67962500
16.65583300
16.68450000
16.68187500
16.71100000
16.69737500
16.63945900
16.70920800
16.68341700
16.68020800
16.66441700
16.70354100
16.69808400
16.64812500
16.69237500
16.70808300
16.66954200
16.66158300
16.69358300
16.70487500
16.66675000
16.70762500
16.68566700
16.67741700
16.85079100
16.54975000
16.93075000
16.42716700
16.65783300
16.65112500
16.69741700
16.72416700
16.65087500
16.67912500
16.82150000
16.59412500
16.70129100
16.61454200
16.67670800
16.71816700
16.64612500
16.71491700
16.67216600
16.88320900
16.55633300
17.30816700
15.95395800
16.69895800
16.79479200
16.60325000
16.72670800
16.62895900
16.73037500
16.76033300
16.80016700
16.57566600
16.70291700
16.72450000
16.54029200
16.87320800
16.42633300
16.98379200
16.58712500
16.67375000
16.56566700
16.63175000
16.78641600
16.73145900
16.68375000
16.60700000
16.76045800
16.64679200
16.59320800
16.80541700
16.51579100
16.85491700
16.50320800
16.86462500
16.70354200
16.55304200
16.78995800
16.68462500
16.58583300
16.75250000
16.72554200
16.60670800
16.75679200
16.69491700
16.64433300
16.50433300
16.84487500
16.51966700
16.71391700
16.66879100
16.66679200
16.72475000
16.69200000
16.65787500
16.72262500
16.69962500
16.64466700
16.67462500
16.67941600
16.70208400
16.75158300
16.68850000
16.56550000
16.82083300
16.63687500
16.71516700
16.58091700
16.68904100
16.68387500
16.70291700
16.67237500
16.67670800
16.72091700
16.82504200
16.63729100
16.69762500
16.50904200
16.76691700
16.75145800
16.59754200
16.69083300
16.77920800
16.62937500
16.72862500
16.61912500
16.58375000
16.69179200
16.78083300
16.63512500
16.89341700
16.72587500
16.50933300
16.70854200
16.53008300
16.68945900
16.97379100
16.52466700
16.82045800
16.61550000
16.61691700
16.64029200
16.85491600
16.49683400
16.75312500
16.65229100
16.71870900
16.70087500
16.70458300
16.66095800
16.50091700
16.75658300
16.68591700
16.67954200
16.64079100
16.67012500
16.74283400
16.66400000
16.69775000
16.82312500
16.47433300
16.76470800
16.61641700
16.67729200
16.74170800
16.61591700
16.74275000
16.66466600
16.63925000
16.73275000
16.69304200
16.62562500
16.73908300
16.67679200
16.66512500
16.65237500
16.68987500
16.74287500
16.63979200
16.73770800
16.63166700
16.69750000
16.77087500
16.65412500
16.68616600
16.61529200
16.70762500
16.65120800
16.66587500
16.71225000
16.90554200
16.43145800
16.87612500
16.68216700
16.62750000
16.71812500
16.65345800
16.66720900
16.64658300
16.65083300
16.76020900
16.61929100
16.67450000
16.68262500
16.73666700
16.67250000
16.62620800
16.70508400
16.71441600
16.69441700
16.66879200
16.58562500
16.68783300
16.75079200
16.81083300
16.61350000
16.61108300
16.76045900
16.57437500
16.86800000
16.53808300
16.62045800
16.73770900
16.62941600
16.69008400
16.69925000
16.67450000
16.68904100
16.67095900
16.67866600
16.68908400
16.67083300
16.67879200
16.70379100
16.66995900
16.69583300
16.66908300
16.69679200
16.66820800
16.68170900
16.70283300
16.67050000
16.67845800
16.68175000
16.69975000
16.68220900
16.68200000
16.69029100
16.67329200
16.67545800
16.73441700
16.65170800
16.72187500
16.65700000
16.66029200
16.68337500
16.73550000
16.62458300
16.68091700
16.72241700
16.70670800
16.61995800
16.69366700
16.70933300
16.70320900
16.65762500
16.67341600
16.69675000
16.76941700
16.71745800
16.57362500
16.65233400
16.69245800
16.70279200
16.68491600
16.65816700
16.67450000
16.67537500
16.69941700
16.91170800
16.45666700
16.73916600
16.64387500
16.66245900
16.66995800
16.69195800
16.68183400
16.68075000
16.72120800
16.64375000
16.69375000
16.67987500
16.69587500
16.67675000
16.66787500
16.71404200
16.68300000
16.66929100
16.70737500
16.67650000
16.66145900
16.68025000
16.69208300
16.67325000
16.69545800
16.76466700
16.60795800
16.67170900
16.68608300
16.74466700
16.76062500
16.59720800
16.61079200
16.76212500
16.67887500
16.62083300
16.70350000
16.69708300
16.64783400
16.73108300
16.72995800
16.65816700
