17.12283400
16.23850000
17.48050000
17.75650000
15.42958300
17.14066700
16.17754100
17.57416700
15.73558300
16.75187500
16.15445900
16.23637500
17.50079100
15.89945900
17.53054100
16.45600000
16.63304200
16.67520800
16.56291700
16.66350000
16.83920800
16.97295900
16.31187500
16.44266600
16.72237500
16.74158400
17.02241600
16.30941700
16.74220800
16.76404200
16.58175000
16.67516700
16.67216600
16.92266700
18.89054200
15.68875000
16.91712500
15.37383300
16.47225000
16.94004200
16.59929100
16.51425000
16.52475000
16.66516700
16.72683300
16.67304200
16.87095800
16.78845900
16.42591600
16.69650000
16.68016700
16.66050000
16.87195800
16.44770900
16.58520800
16.81908300
16.55787500
16.57408400
16.80054100
16.67125000
16.70179200
16.70745800
16.69283400
16.73120800
16.70066700
16.73958300
16.44116700
16.91608300
16.56616700
16.56733300
16.65775000
16.59941700
16.77608300
16.68937500
16.68741700
16.66200000
16.65225000
16.78962500
16.63704100
16.64212500
16.63166700
16.76479200
16.65095800
16.66304200
16.66804100
16.67437500
16.69604200
16.69016700
16.55470800
16.91350000
16.59187500
16.63850000
16.69258300
16.71879200
16.53950000
17.13133300
16.34087500
16.76520900
16.54816600
16.77358400
16.63137500
16.72887500
16.69558300
16.63433300
16.69720900
16.72037500
17.06812500
16.29408300
16.67595800
16.63483400
16.81895800
16.59350000
16.63850000
16.71258300
16.78375000
16.48170900
16.80820800
16.66333300
16.69354200
16.63545800
16.69237500
16.66520900
16.71545800
16.67783300
16.70654200
16.83033300
16.54708400
16.70995800
16.86916700
16.66608300
16.63258300
16.79979200
16.49150000
16.58675000
16.94512500
16.49862500
17.46312500
15.92641700
16.62662500
16.65208300
16.66270800
16.70204200
16.52529200
16.73000000
16.68987500
16.74416600
16.61158400
16.65950000
16.79691600
16.60941700
16.72487500
16.60725000
16.70954200
16.76712500
16.67525000
16.68450000
16.55400000
16.73120800
16.68087500
16.72212500
16.61358300
16.76625000
16.56720900
16.68770800
16.70125000
16.66283300
17.03166700
16.49012500
16.56054200
16.74583300
16.89075000
16.54683300
16.68966700
16.72245800
16.53683400
16.86600000
16.51945800
16.68783300
16.73991700
16.58429200
16.70187500
16.72154100
16.64954200
16.69175000
16.66850000
16.86870800
16.56208400
16.65020800
16.71720800
16.69887500
16.65095900
16.65054100
16.74300000
16.65158400
16.69341600
16.67525000
16.65879200
16.68670800
16.73370900
16.73425000
16.60550000
16.68670800
16.69400000
16.67608300
16.62191700
16.69941700
16.67754100
16.70883400
16.71079100
16.64354200
16.69812500
16.67358300
16.65145900
16.75825000
16.66495800
16.61650000
16.76379200
16.68729100
16.69612500
16.70779200
16.66087500
16.65812500
16.67558300
16.72925000
16.60300000
16.78845900
17.03045800
16.36625000
16.61850000
16.67612500
16.78200000
16.58245800
16.73787500
16.65595900
16.66700000
16.76070800
16.64808300
16.75266700
16.62679200
16.69604100
16.67504200
16.83012500
16.53262500
16.68670800
16.65162500
16.84512500
16.60600000
16.61891700
16.72620800
16.82712500
16.50383400
16.65491600
16.73062500
16.66587500
16.66625000
16.70995900
16.64429100
16.79791700
16.80987500
16.59720800
16.56350000
16.67391700
16.61420800
16.80062500
16.58737500
16.73154200
16.81979200
16.68466600
16.66204200
16.58433300
16.68600000
16.64795900
16.65366600
16.87254200
16.69062500
16.66804200
16.64654100
16.72562500
16.47691700
16.77570800
16.56650000
16.74241700
16.84262500
16.64704200
16.75016600
16.64183400
16.86533300
16.42725000
16.62733300
16.65333400
16.74266600
16.71304200
16.75008300
16.70858400
16.63895800
16.76012500
16.40958300
16.77395900
16.71670800
16.67383300
16.77483400
16.63779100
16.73483400
16.61758300
16.77620800
16.72300000
16.52550000
16.74300000
16.69641700
16.68041700
16.82204100
16.42975000
16.93516700
16.32775000
16.88133300
16.64458400
16.87962500
16.52291600
16.74912500
16.66695900
16.75895800
16.64362500
16.78187500
16.44058300
16.30141700
17.34720800
16.18412500
16.94645900
16.75041600
16.93220900
16.52041600
16.33220900
16.57237500
16.95791600
16.97016700
16.69083300
16.83170900
16.59145800
16.72791700
16.63279100
16.65529200
16.62333300
16.71004200
16.86475000
16.45145800
16.77441700
17.14800000
16.62716700
16.47220800
17.12408300
15.94825000
16.79133400
16.73391600
16.63679200
16.73558300
16.86229200
16.35954200
16.78333300
16.78945800
16.01737500
17.14329200
17.16995800
15.86670900
16.99766600
16.60808400
16.87770800
16.53083300
16.58204200
16.49700000
16.77900000
16.79545800
16.59987500
16.70845900
16.75995800
16.78920800
16.50845900
16.80012500
16.45262500
16.77816600
16.87183400
16.42933300
16.77275000
16.65312500
16.68825000
16.67975000
16.71691700
16.56262500
17.04712500
16.59816600
16.80450000
16.39625000
16.70858400
16.56195800
16.79862500
16.21995800
16.66320900
17.15454100
16.67575000
16.75570900
16.68166600
16.60783400
16.68291600
16.50337500
16.79050000
16.59729200
16.98729200
17.02654100
16.34766700
16.73300000
16.44841700
16.91062500
16.53745800
16.63483300
16.75770900
16.78929100
16.85420900
16.65025000
16.47116600
16.70141700
16.71033300
16.66391700
16.52945800
16.88379200
16.64116700
16.61925000
16.39025000
17.11933300
16.73725000
16.56187500
16.75437500
16.62708300
16.72900000
16.14175000
17.03620900
16.86154100
16.67329200
16.42191700
16.87545800
16.74091700
16.68704100
16.59358400
16.84150000
16.67779100
16.50020900
16.77625000
16.60675000
16.75337500
16.76970800
16.52500000
16.77375000
16.60033300
16.74283400
16.13229100
17.26970900
16.61862500
16.86779100
16.36350000
16.98529200
16.55370800
16.69683400
16.83320800
16.55587500
16.57591700
16.69083300
16.67633300
16.66537500
17.35845900
16.31250000
16.48758300
16.69345800
16.71770900
16.54683300
16.76570800
16.73287500
16.65520900
16.79104100
16.57775000
16.76037500
16.66300000
16.58145900
16.08375000
17.25579100
16.81158400
16.56075000
16.24395800
17.23558300
16.54595900
16.71166600
16.73954200
16.51441700
16.79037500
16.77670800
16.62904200
16.70358300
16.66187500
16.66158300
16.63212500
16.84566700
16.66325000
16.59225000
16.64070800
16.73354200
16.61683300
16.71087500
16.61212500
16.75025000
16.63312500
16.67362500
16.66566700
16.66479200
16.81183300
16.59279200
16.67266600
16.67945900
16.56904100
16.49583400
16.99258300
16.82512500
16.53645800
16.77558400
16.45100000
16.99716600
16.82362500
16.68020900
16.59875000
16.60925000
16.85333300
16.52725000
16.71933300
16.60295900
16.59825000
16.73400000
16.64337500
16.77750000
16.73175000
16.60166600
16.63291700
16.83850000
16.64754200
16.59891600
16.57308400
16.75516600
16.61816700
16.25575000
17.18879200
16.84354100
16.63729200
16.69558300
16.16783400
16.70258300
17.13237500
16.51479200
16.77450000
16.71537500
16.66370800
16.86604200
16.31095800
16.79158300
16.75562500
16.86475000
16.60725000
16.09441700
16.97770800
16.75775000
16.60354200
16.71504200
16.66070800
16.78254200
16.61583300
16.67941700
16.71337500
16.62000000
16.31104100
17.13737500
16.58929200
16.87425000
16.51091700
16.66554100
16.76191700
16.31883300
16.88570900
16.77450000
16.73825000
16.55133300
16.71941700
16.74233300
16.84475000
16.66570800
16.54283400
16.62029100
16.77895900
16.71225000
16.23895800
17.28875000
16.69279200
16.49233300
16.85483300
16.61633400
16.56579100
16.97220900
16.64870800
16.65829200
16.79204100
16.49266700
16.62375000
16.71662500
16.66662500
16.70650000
16.68262500
16.65070800
16.65545900
16.84350000
16.52958300
16.70141700
16.82454100
16.62083400
16.63650000
16.72525000
16.51416600
16.28391700
17.08370800
16.83291700
16.66087500
16.64716700
16.64145800
16.45150000
16.70708300
16.89929200
17.03000000
16.31850000
16.79225000
17.03308300
16.79591700
16.25029200
16.69679100
16.40487500
16.41120900
17.15262500
16.66541600
16.59741700
16.75266700
16.68920800
16.55775000
16.75845800
16.68325000
16.64545900
16.83125000
16.68316600
16.53554200
16.88429200
16.50995800
16.69058300
16.76950000
16.73954200
16.70675000
16.65612500
16.63750000
16.67270800
16.75429200
16.29787500
16.66266700
17.22066600
16.49583400
16.81633300
16.19012500
17.09383300
16.59866700
16.31083300
17.01129200
16.71370800
16.33862500
16.98412500
16.74745900
16.67933300
16.67695800
16.72433400
16.55325000
16.72850000
16.76325000
16.64679100
16.66570900
16.80691600
16.20220900
17.04645800
16.95262500
16.55716700
16.64929100
16.30837500
17.09187500
16.48300000
17.00987500
16.66537500
16.33504200
16.86425000
16.30595800
16.92641700
16.65100000
16.80204200
16.53083300
16.37458300
16.94200000
16.75316700
16.74358300
16.81291700
16.49937500
16.83204200
16.64037500
16.58304100
16.69270900
16.75683300
16.22466700
17.10712500
16.45241600
16.94662500
16.68962500
16.70245900
16.60425000
16.73045800
16.57379200
16.80295800
16.72845800
16.89600000
16.35787500
16.70608400
16.72633300
16.38408300
16.91462500
16.62820900
16.74741600
16.72662500
16.73087500
16.30508400
16.90070800
16.64520800
16.83791700
16.62745800
16.51900000
16.93762500
16.59629200
16.64920800
16.65891700
16.36891700
17.01812500
16.68925000
16.75187500
16.66175000
16.65308300
16.73020800
16.81241700
16.56354200
16.80950000
16.42412500
16.72720800
16.80175000
16.50295800
17.25112500
16.49950000
16.71133400
16.68045800
16.59358300
16.57362500
16.82758400
16.59395800
16.64800000
16.54012500
16.69958300
16.89204200
16.47050000
16.72870800
16.74300000
16.58766700
16.77183300
16.53008400
16.68941600
16.83720900
16.69183300
16.39787500
16.86641700
16.71270800
16.53020800
16.68054200
16.65575000
16.95333300
16.56929200
16.66975000
16.73050000
16.68654200
16.38787500
16.66120800
16.84225000
16.70070800
16.87250000
16.55829200
16.34525000
17.12329200
16.77120800
16.87854200
16.71012500
16.66875000
16.72775000
16.59100000
16.57900000
16.68233300
16.83758300
16.42925000
16.81879200
16.49650000
16.94495800
16.63075000
16.76595900
16.65120800
16.67470800
16.65850000
16.67345900
16.67875000
16.83141600
16.37312500
16.90441700
16.65962500
16.68129200
16.57183300
16.81704200
16.85583300
16.39804200
16.75800000
16.81937500
16.58079100
16.71016700
16.26975000
16.50125000
17.09520800
16.66350000
16.69575000
16.58545900
16.74020800
16.70991700
16.48012500
16.92225000
16.37516600
16.90075000
16.65341700
16.74012500
16.69683300
16.73462500
16.63912500
16.56891700
16.68037500
16.35958300
16.86050000
16.99854200
16.54583300
16.55820900
16.78150000
16.81620800
16.43762500
16.88054200
16.52654100
16.79029200
16.90395800
16.65620900
16.35775000
17.06091600
16.57983400
16.65045800
16.62333300
16.80087500
16.28800000
16.84195900
16.62858300
16.70162500
16.71362500
16.79291700
16.62604100
16.69520900
16.63900000
16.71462500
16.70837500
16.23808300
17.03666700
16.70483300
16.66008300
16.78437500
16.68783400
16.69158300
16.53825000
16.94233300
16.47737500
16.74916700
16.59087500
16.64420800
16.93895900
16.53437500
16.69458300
16.65520800
16.67545900
16.75691600
16.63283400
16.73891600
16.51987500
16.82591700
16.71358300
16.56345900
16.75741600
17.01504200
16.45941700
16.63150000
16.65404100
16.56454200
16.79975000
16.58445800
16.65612500
16.73166700
16.67483300
16.63325000
16.81695900
16.65187500
16.60345800
16.76304200
16.61908300
16.68700000
16.69170800
16.69129200
16.69700000
16.64887500
16.77437500
16.67283300
16.29679200
17.03808300
16.72170900
16.33487500
16.87208300
16.67891700
16.77387500
16.79575000
16.61054100
16.38858400
16.84966600
16.80087500
16.60379200
16.66441700
16.39133300
16.82841700
16.91133300
16.62529200
16.75633300
16.65429200
16.45383300
16.94620800
16.67958400
16.42204100
16.68691700
16.80645800
16.82733400
16.68187500
16.52995800
16.65595800
16.51012500
17.01345900
16.85825000
16.58875000
16.67429100
16.71291700
16.74179200
16.49112500
17.17583300
16.39858300
16.57895900
16.76616600
16.64120900
16.66900000
16.76712500
16.66191600
16.69883400
16.57600000
16.62158300
16.64229200
16.66429100
16.69941700
16.66129200
16.61562500
16.76100000
16.42908300
16.84945800
16.66829200
16.82129200
16.69512500
16.27887500
16.71420800
16.97158300
16.71733400
16.71058300
16.52595800
16.72537500
16.76875000
16.65779200
16.72458300
16.60062500
16.88966700
16.33800000
16.68366700
16.88008300
16.53816700
16.71579100
16.70587500
16.85400000
16.69283400
16.32691600
16.99545900
16.72279100
16.75925000
16.58495900
16.77416600
16.67133400
16.56025000
16.67995800
16.84620800
16.60329200
16.36437500
16.96825000
16.92725000
16.43445800
16.73862500
16.58404200
16.84637500
16.65987500
16.56195800
16.69016700
16.74179200
16.36029100
16.97737500
16.41804200
16.91845800
16.77445900
16.85262500
16.46125000
16.77820800
16.57891700
16.89370800
16.52429200
16.66233300
16.73129200
16.26995800
17.04362500
16.78904200
16.62975000
16.75841600
16.67854200
16.67512500
16.59012500
16.79137500
16.68025000
16.60212500
16.67708300
16.80033400
16.41879100
17.00537500
16.58516700
16.64858300
16.77895900
16.65387500
16.57783300
16.80237500
16.81112500
16.44787500
16.84458300
17.36270900
15.79275000
16.90741600
16.63062500
16.56325000
16.64450000
16.63770900
16.85620800
16.55783300
16.83708400
16.55504100
16.70520900
16.69379100
16.76779200
16.51162500
16.77187500
16.72408300
16.64962500
16.64387500
16.75166700
16.61270800
16.73433400
16.59720800
16.38966700
16.96812500
16.74008300
16.59970800
16.70104200
16.72870800
16.70566700
16.80404200
16.89795800
16.48170800
16.44429200
16.57954200
17.02729100
16.78995900
16.56000000
16.80254100
16.49041700
16.82825000
16.61970800
16.56875000
16.70679200
16.83129200
16.47804100
16.56275000
16.87866700
16.61308300
17.14541700
16.33679200
16.61991600
16.73183400
16.16941600
17.14000000
16.81687500
16.62883400
16.58825000
17.75125000
16.00325000
17.82829100
15.45975000
18.43358400
17.64658300
14.01895800
16.64520900
19.49545800
13.76450000
16.85566700
15.89545800
17.21691700
16.74766600
16.59258400
16.66537500
16.67450000
16.65691600
16.72345900
16.73233300
17.18008300
16.35508400
16.44025000
16.64725000
16.70266600
16.60858400
16.70437500
16.66808300
16.67137500
16.77050000
16.80920800
16.48762500
16.26729200
16.92345800
16.96233400
16.50995800
16.93204200
16.64304100
16.49366700
16.60912500
16.71991700
16.67529100
16.70308400
16.62441600
16.63700000
16.83466700
16.57250000
16.67208300
16.73795900
16.62883300
16.99408300
16.47162500
17.17637500
16.08787500
16.63033400
16.75808300
16.67516700
16.62012500
16.78408300
16.54858300
16.79616700
16.65858300
16.53354200
16.84291700
16.70054100
16.68866700
16.66708300
16.43891700
17.91329200
16.42716600
16.30862500
16.99870900
16.55070800
16.26795800
16.61904200
16.63287500
16.78445800
16.66525000
16.69895900
16.66462500
16.64150000
17.02433300
16.49745800
16.60704200
17.05695800
16.48816700
16.82987500
16.62750000
16.54979200
16.84379100
16.38075000
16.79025000
16.13729200
17.13170800
16.68675000
16.24883400
16.99470800
16.73366700
16.74733300
16.45983300
17.30370900
16.21487500
16.77679100
16.79175000
16.61954200
16.51758300
16.90154200
16.39329200
16.97062500
16.61529100
16.94658400
16.81495800
16.42762500
16.76687500
16.73837500
16.67508300
17.03758400
16.37875000
16.67987500
16.67133300
16.59512500
16.71266700
16.80695800
16.42966700
17.30166600
16.05437500
16.91608400
16.62175000
16.55333300
16.86058300
16.61000000
16.64229200
16.67858300
16.61458400
16.80712500
16.64087500
16.75329100
16.62191700
16.84450000
16.11833300
17.39904200
16.51720800
16.64700000
16.71025000
16.64062500
16.66920900
16.61400000
16.57079100
16.83895900
16.44600000
17.12420800
16.66804200
16.56679100
16.65191700
16.60258300
15.97212500
16.75470900
16.93704100
16.36520900
17.34466600
16.68325000
16.60475000
16.71525000
16.07800000
17.56812500
16.22137500
16.86612500
16.68612500
16.72970900
16.69375000
16.60679100
16.55833400
17.17420800
16.28137500
17.48320800
18.83466700
13.58645800
17.76020900
15.90979100
16.58541700
18.00162500
15.44708300
16.99720900
16.53741600
16.63037500
16.46791700
16.71100000
16.00958300
17.50362500
15.95283400
17.42800000
16.57095800
16.71504200
16.67366600
16.60004200
16.63270800
16.63041700
16.79683300
16.70704200
16.63250000
16.28229200
17.22991600
16.64425000
16.44983400
16.82712500
16.48070800
16.82062500
16.67937500
16.67045800
16.71220900
16.81950000
16.57587500
16.72195800
16.71491700
16.55795800
16.68908300
16.66470900
16.68687500
16.48325000
16.90875000
16.72837500
16.55725000
16.85941600
16.29333400
16.98595800
16.67175000
16.74062500
16.71041700
16.60395800
16.62041700
16.76504100
16.83341700
16.44675000
16.76541700
16.48491600
16.85825000
16.83962500
16.51454200
16.66354200
16.64704100
16.72987500
16.71670900
16.75916600
16.58483400
16.65025000
16.33075000
17.35641600
16.41866700
16.54958300
16.96166700
16.48604200
16.74391600
16.91450000
16.61837500
16.61175000
16.67354200
16.74983300
16.67591700
16.59154200
16.83362500
16.66037500
16.64762500
16.76845800
16.12095800
16.98300000
16.74995900
16.69841600
16.48212500
16.81662500
16.65537500
16.92454200
16.45216700
16.65900000
16.63829100
16.86425000
16.91512500
16.38541700
16.85829200
16.34783300
16.26675000
17.19875000
16.52387500
16.70937500
16.71841700
16.56979100
16.73233400
16.83204100
16.45487500
16.72966700
16.79137500
16.61929200
16.70804100
16.65795900
16.61895800
16.77391700
16.59012500
16.68437500
16.73058300
16.82270800
16.43875000
16.40479200
17.06620800
17.03733400
16.79750000
16.44920800
16.14770800
17.07837500
16.86879200
16.52570800
16.95491700
16.78520800
16.10358400
16.94166600
16.84950000
16.30712500
16.86500000
16.69812500
16.57945900
16.86008300
16.62766700
16.64783300
16.88725000
16.43991700
16.80612500
16.54504100
16.76625000
16.63650000
16.76062500
16.67012500
16.63366700
16.81450000
16.63575000
16.56200000
16.77929200
16.56675000
16.70929100
16.75804200
16.65350000
16.71545800
16.66008400
16.16812500
16.71854100
17.04745900
16.65104100
16.64479200
16.79279200
16.61441600
16.69958400
16.61266600
16.73883400
16.28254100
17.38033400
16.43391600
16.81037500
16.73212500
16.52533400
16.69687500
16.88470800
16.45537500
16.84345800
16.73562500
16.69337500
16.80629200
16.67420800
16.68870900
16.59441600
16.64279200
16.62733300
16.70995900
16.75241600
16.57825000
16.15612500
17.35841700
16.66725000
16.18058300
17.05175000
16.68166700
16.57104200
16.64562500
16.76979100
16.73825000
16.75704200
16.57991700
16.71295800
16.66558300
16.12420900
16.84608300
17.18633300
16.60045900
16.67412500
16.73829100
16.69733400
16.59954100
16.90279200
16.44108300
16.68166700
16.53466700
16.92687500
16.68541600
16.58129200
16.76862500
16.12337500
17.19962500
16.75558300
16.58954200
16.68783300
16.72775000
16.68170900
16.60883300
16.72391700
16.70429100
16.22379200
17.13095800
16.70637500
16.81337500
16.26491700
16.64208300
17.13045900
16.76637500
16.58475000
16.48741600
17.01275000
16.65725000
16.61804200
16.61929200
16.82908300
16.45025000
16.85066700
16.53612500
16.75112500
16.66883300
16.69075000
16.67591700
16.62341600
16.37787500
17.00420900
16.70145800
16.58400000
16.85508300
16.71366700
16.53166700
16.78400000
16.71250000
16.66112500
16.66191600
16.71804200
16.73466700
16.65154100
16.67379200
16.62929200
16.79950000
16.27383300
16.31075000
17.24166700
16.57279100
16.71000000
16.76854200
16.62762500
16.67754200
16.63779100
16.70058400
16.77233300
16.55016700
16.64245800
16.81991700
16.60941600
17.07300000
16.33737500
16.58862500
16.95758400
16.57420800
16.74162500
16.52620800
16.57629200
16.70283300
16.82554200
16.62041700
16.80512500
16.72208300
16.14808300
17.12591700
16.69333300
17.08004200
16.30400000
16.60112500
17.01854200
16.60325000
16.65445800
16.47387500
16.20062500
17.00033300
16.85845900
16.60125000
16.71479100
16.56766700
16.72429200
16.71254100
16.68879200
16.64729200
16.93004100
16.55433400
16.93054100
16.46808400
16.59562500
16.56279100
16.70791700
16.82275000
16.61420800
16.76537500
16.60241700
16.85012500
16.59316700
16.57929100
16.69770900
16.71941600
16.72208400
16.58850000
16.71387500
16.72791600
16.43920900
17.03737500
16.94795800
16.13062500
16.91745800
16.73058400
16.66650000
16.64175000
16.61333300
16.89016700
16.85900000
16.57662500
16.90158300
16.44816700
16.44725000
16.90229100
16.60833400
16.59750000
16.22666600
17.15879200
16.84262500
16.51741700
16.74216600
16.39558400
17.04058300
16.45579200
16.88666600
16.51454200
16.68358300
16.90087500
16.60112500
16.68225000
16.61725000
16.73658400
16.30187500
17.16266600
16.67325000
16.49916700
16.79675000
16.69829200
16.67695800
16.62804200
16.86033300
16.45941700
16.82612500
16.67504100
16.75004200
16.37516700
16.65800000
16.35408300
17.16320800
16.77637500
16.61620900
16.70129100
16.49691700
16.86208300
16.55295900
16.62987500
16.87525000
16.73591600
16.50045900
16.80687500
16.54708300
16.86412500
16.51737500
16.39104200
17.29425000
16.42675000
16.33458300
16.95987500
16.67375000
16.68787500
16.89645800
16.51925000
16.58358400
16.73641600
16.65850000
16.76662500
16.73162500
16.60045900
16.78170800
16.57958300
16.70991700
16.70358300
16.74495900
16.63066600
16.64187500
16.66325000
16.66508400
16.73316600
16.69850000
16.63062500
16.71362500
16.64370900
16.66812500
16.70958300
16.71820800
16.77529200
16.22770800
17.06283400
16.86879100
16.41108400
16.94891600
16.19904200
16.91175000
16.86433300
16.76137500
16.66158400
16.67775000
16.64758300
16.68112500
16.74900000
16.69745800
16.52212500
16.75141700
16.72508300
16.62879200
16.78162500
16.72679200
16.62941600
16.75104200
16.80366700
16.60329100
16.64262500
16.72216700
16.57845800
16.79095900
16.48825000
16.23487500
17.27958300
16.61079200
16.13350000
17.08633300
16.64754200
16.66304100
16.61279200
16.67475000
16.80879200
16.65100000
16.67083300
16.76975000
16.22316700
17.13391600
17.05183400
16.44575000
16.52570800
17.06704200
16.42445800
16.60858300
16.75725000
16.69337500
16.61729200
16.77270800
16.59491700
16.74216700
16.65187500
16.73620800
16.43800000
17.00850000
16.61441700
16.58187500
17.00433300
16.46783300
16.55458400
16.79262500
16.67341600
16.62579200
16.75612500
16.60162500
16.50787500
17.03754200
16.24575000
17.04350000
16.64075000
16.71270800
16.50216700
16.69129100
16.65566700
16.70787500
16.79608300
16.70933400
16.50183300
16.68879200
16.69916600
16.65266700
16.72704200
16.33312500
16.97850000
16.78533300
16.42270800
16.51675000
16.60220900
17.32354100
16.58870900
16.55750000
16.66429100
16.83100000
16.67287500
16.56620900
16.75891600
16.64270900
16.64783300
16.28141700
17.54133300
16.29537500
17.09837500
16.44991700
16.57720800
16.88725000
16.65129200
16.51550000
16.69033300
16.58708300
16.77770900
16.82150000
16.51400000
16.70858300
16.69966700
16.64733300
16.70029200
16.65050000
17.14004100
16.28533400
16.74766600
16.68150000
16.53379200
16.76479200
16.68875000
16.68462500
16.62829100
16.69120900
16.26170800
17.17179200
16.73862500
16.20095800
17.17562500
16.57925000
16.77300000
16.73108300
16.43654200
16.88062500
16.56908300
16.77191700
16.70112500
16.62945800
16.49837500
16.63283400
16.76312500
16.62554100
16.54100000
16.78054200
16.73970800
16.71583400
16.73483300
16.64479200
16.49800000
16.91841600
16.60320900
16.76316600
16.60233400
16.47245800
16.83116700
17.51983300
16.68200000
16.24362500
16.45395800
16.62941700
16.78570800
16.69837500
16.59704200
16.83129200
16.60845800
16.58404200
16.68704100
16.85975000
16.40162500
16.91370900
16.65187500
16.75579100
16.74008400
16.60583300
16.84887500
16.64254200
16.46637500
16.83608300
16.69350000
16.61670800
16.93050000
16.56233400
16.56995800
16.72708300
16.82391700
16.48600000
16.80462500
16.83962500
16.06662500
16.55225000
17.04970800
16.76683400
16.58125000
16.68170800
16.72483300
16.60520900
16.89733300
16.53008300
16.55712500
16.81283400
16.77812500
16.72925000
16.80233300
16.32533300
17.09016700
16.34741700
16.85108300
16.73629200
16.58029100
16.56679200
16.99462500
16.37354200
16.75058300
16.93079200
16.47695800
16.81162500
16.71187500
16.72920800
16.57170900
16.50366600
16.96008400
16.53487500
16.69333300
16.77291700
16.75145800
16.62933300
16.56891700
16.69008300
16.19375000
17.11304200
16.96229200
16.60354100
16.72591700
16.44812500
16.91291700
16.57337500
16.21191600
16.98450000
16.63504200
16.63954200
16.76516600
16.53629200
16.80695800
16.68608400
16.62491600
16.65487500
16.81854200
16.55500000
16.78537500
16.50445800
16.91887500
16.49445900
16.97862500
16.42154100
16.72441700
16.64137500
16.67000000
16.73125000
16.73866700
16.49612500
16.88037500
16.61275000
16.73129100
16.62645900
16.70716600
16.75416700
16.71116700
16.70700000
16.62975000
16.66070800
16.77570800
16.54054200
16.83654200
16.61241600
16.72216700
17.06270800
16.20979200
16.56958300
16.79645900
16.68495800
16.59241700
16.64816600
16.75887500
16.65125000
16.65062500
16.82175000
16.57670900
16.68316600
16.57991700
16.73970800
16.70283400
16.67395800
16.65637500
16.71091700
16.84762500
16.56408300
16.28691700
16.92387500
16.80220800
16.28487500
16.94137500
16.68208300
16.72787500
16.61937500
16.67295900
16.71304100
16.68675000
16.87229200
16.69891700
16.33475000
16.64362500
17.12175000
16.20725000
17.09304100
16.74454200
16.61545800
16.66137500
16.35154200
16.92883300
16.79033400
16.67800000
16.58091600
16.78958400
16.67895800
16.85741700
16.41554100
16.76133400
16.64508300
16.67937500
16.67595800
16.75241700
16.72766700
16.74504100
16.58516700
16.74775000
17.07383300
16.29275000
16.65066700
16.72283300
16.41475000
16.98933400
16.66954100
16.70550000
16.71629200
16.58995800
16.64829200
16.82579200
16.73220800
16.56308300
16.64033400
16.72129100
16.68620900
16.31516600
16.55658400
17.17008300
16.61362500
16.64129200
16.81545800
16.13729200
17.09366600
16.63595900
16.75037500
16.71187500
16.77066600
16.60395900
16.60166600
16.71966700
16.82558300
16.38454200
16.79804200
16.75633300
16.71370800
16.44437500
16.88845900
16.64262500
16.99408300
16.50737500
16.58395800
16.81575000
16.65466700
16.51604200
16.70650000
16.86183300
16.61166700
17.01891600
16.33058400
16.71816600
16.64500000
16.81187500
16.53341700
16.73500000
16.76133300
16.69445900
16.50612500
16.62837500
17.24554100
16.17950000
16.64833400
16.70658300
16.64187500
16.62541700
16.77237500
16.39783300
16.65612500
16.97475000
16.65887500
16.32779200
16.93708300
16.71258300
16.59745900
16.76470800
16.64291700
16.63637500
16.75750000
16.81708300
16.51750000
16.74220800
16.50366700
16.73933300
16.64895900
16.74500000
16.54608300
16.71866700
16.94758300
16.56933300
16.64587500
16.77837500
16.56058400
16.70425000
16.75254100
16.72929200
16.57245800
16.66537500
16.72145900
16.71683300
16.62920800
16.69741700
16.62066700
16.72933300
16.66966700
16.71766600
16.62070900
16.65400000
16.75491600
16.78075000
16.71745900
16.55512500
16.71637500
16.63729100
16.53345900
16.73866600
16.59683400
16.67054100
17.07058400
16.63875000
16.88254100
16.44575000
16.67320900
16.65020800
16.70879200
16.55737500
16.71562500
16.74537500
16.72129100
16.59329200
16.72141700
16.78441600
17.15229200
16.13879200
16.68645800
16.60125000
16.74225000
16.66945800
16.61737500
17.04825000
16.51687500
16.63158400
16.54087500
16.69904100
16.84637500
16.52283400
17.27825000
16.18600000
16.63629100
16.63250000
16.86395900
16.49775000
16.63275000
16.70983300
16.79595800
16.57387500
16.69633400
16.79970800
16.57641700
16.71750000
16.59845800
16.65800000
16.79870800
16.75054200
16.58029200
16.67420800
16.95229200
16.86454100
16.50266700
16.88475000
16.29687500
16.68075000
16.96675000
16.50283300
16.91337500
16.59487500
16.48145900
16.72916600
16.73216700
16.63350000
16.76662500
16.49179200
16.87475000
16.56708300
16.98550000
16.45837500
16.64500000
16.74108300
16.64691700
16.72404200
16.67545800
16.66858300
16.70729200
16.62983300
16.66491700
16.65791700
16.78666600
16.60662500
16.66445900
16.71504100
16.50454200
16.80554200
16.73970800
16.68912500
16.55512500
16.82808300
16.78412500
16.47245900
16.75641600
16.71920900
16.66916600
16.54020900
16.77737500
16.69837500
16.64920800
16.87608300
16.62041700
16.72854200
16.66041600
16.68533400
16.74741600
16.52075000
16.77287500
16.69575000
16.68900000
16.67133400
16.41912500
16.92520800
16.75108300
16.79991700
16.53891700
16.65741600
16.75733400
16.70675000
16.65045800
16.75883300
16.83683400
16.16483300
17.02908300
16.60833400
16.55283300
16.81804200
16.62037500
16.64025000
16.53283300
16.70329200
16.89629100
16.68970900
16.78329100
16.36379200
17.02254200
16.07379100
17.28541700
16.30608300
17.00737500
16.62137500
16.78375000
16.63712500
16.36683400
17.00979100
16.70112500
16.67891700
16.71812500
16.67800000
16.65491700
16.60145800
16.64187500
16.73291700
16.75629100
16.61125000
16.76037500
16.70162500
16.71454200
16.70695800
16.56112500
16.62691700
16.63391700
16.68962500
16.75025000
16.44708300
16.85958300
16.74770900
16.77312500
16.50800000
16.74804100
16.58591700
16.68416700
16.78145800
16.78758300
16.60675000
16.59941700
16.78145800
16.61779200
16.32195800
16.67495900
16.80508300
16.83991700
16.70483300
16.31900000
17.03079200
17.14900000
16.33029100
16.99275000
16.48787500
16.37616700
16.76233300
16.40333400
16.90770800
16.89025000
16.62966700
16.55866600
16.66275000
16.90845900
16.53866600
16.59512500
16.89320900
16.67000000
16.54145800
16.72762500
16.84108300
16.56283400
16.68845800
16.72029200
16.60358300
16.75150000
16.76691700
16.55970800
16.71120800
16.64866700
17.04270800
16.51416700
16.65070800
16.48733400
16.67558300
16.94904200
16.42295800
16.64904200
16.75750000
16.58129100
16.78658400
16.59837500
16.46704100
16.56429200
16.87325000
16.72345800
16.75829200
17.17041700
16.18612500
16.87000000
16.93729100
16.66258400
16.78241600
16.60516700
17.04179200
16.47608300
16.37229200
16.99241600
16.56495900
16.46937500
16.68900000
16.71462500
16.59266600
16.82775000
16.81833400
16.51245800
16.77375000
16.63679200
16.53362500
16.71545800
16.71816700
16.81050000
16.56733300
16.58933300
16.68341700
16.61158300
16.75308400
16.65508300
16.79850000
16.51395800
16.83691700
16.53991700
16.73800000
16.37429100
16.63625000
16.95645900
16.81600000
16.43554100
16.75870900
16.83575000
16.61879100
16.74037500
16.67191700
16.90612500
16.73616700
16.60950000
16.50341600
16.89095900
16.44708300
16.73137500
16.56704200
16.79408300
16.39125000
16.94683300
16.61241700
16.82004200
16.46395800
16.55979200
17.06220800
16.42487500
16.91520800
16.63345900
16.63075000
16.83420800
16.40600000
16.85200000
16.70583300
16.65237500
16.36225000
16.93145900
16.73975000
16.85525000
16.48670800
16.75695800
16.82466700
16.52225000
16.90916700
16.36508300
16.69737500
16.78741700
16.75666600
16.51487500
16.69529200
16.36841700
16.97995800
16.67779200
16.74050000
16.63854100
16.59395900
16.80445800
16.87237500
16.33879200
16.76962500
16.72279100
16.67600000
16.67970900
16.72479100
16.60887500
16.74641700
16.47533300
16.85087500
16.77733400
16.59512500
16.47995800
16.81508300
16.80833400
16.67408300
16.53829200
16.67954100
16.69720900
16.68770800
16.67612500
16.72645800
16.64879200
16.61691700
16.70858300
16.73083300
16.65829200
16.70583300
16.74875000
16.60866700
16.68387500
16.76591700
16.58079100
16.72975000
16.69108400
16.62841600
16.76362500
16.69750000
16.60733400
16.75983300
16.66287500
16.73275000
16.71616700
16.60445800
16.69666700
16.68558300
16.60370800
16.75991700
16.70466700
16.67175000
16.69841600
16.57987500
16.74954200
16.69787500
16.63670800
16.69104200
16.70995800
16.74233400
16.60066600
16.80358400
16.55683300
16.75841700
16.65037500
16.62166600
16.79308400
16.67279100
16.58012500
16.79800000
16.65333400
16.68908300
16.86620800
16.52491700
16.45554200
16.82437500
16.77287500
16.37962500
16.88495800
16.69212500
16.55845800
16.69537500
16.79425000
16.70041700
16.51937500
16.71704200
16.60987500
16.98341600
16.59566700
16.77575000
16.65950000
16.82020800
16.53812500
16.68420900
16.63004100
16.79583400
16.25845800
17.05775000
16.47950000
16.71616700
16.65162500
16.66350000
16.80962500
16.60941600
16.63633400
16.67591600
16.66108400
16.64995800
16.73808300
16.66700000
16.67862500
16.76425000
16.65670900
16.60833300
16.50225000
16.90254200
16.70929100
16.41875000
16.92720900
16.68954100
16.67554200
16.75554200
16.52229100
16.77816700
16.63641700
16.70754100
16.75104200
16.60395800
16.66595900
16.77400000
16.63404100
16.72370900
16.81200000
16.63679100
16.58304200
16.66779200
16.55795800
16.84900000
16.82245800
16.62841700
16.79908300
16.55879200
16.75045800
16.63066700
16.68454200
16.71691600
16.66958400
16.58754100
16.72775000
16.74666700
16.60358300
16.75483400
16.79825000
16.51083300
16.66462500
16.47041700
16.66383300
17.00279200
16.57583300
16.74095800
16.68479200
16.48412500
17.12854200
16.42625000
16.82212500
16.63870800
16.71541700
16.72766600
16.59020900
16.78600000
16.77975000
16.54745800
16.59766700
16.76383300
16.66345800
16.73841700
16.69658300
16.74629200
16.64075000
16.64904200
16.66150000
16.68512500
16.68875000
16.65600000
16.68283300
16.64737500
16.76933300
16.70408400
16.63033300
16.68108300
16.72558400
16.61820800
16.74779200
16.61716600
16.79662500
16.56508400
16.47879100
16.59154200
16.99954200
16.59066600
16.65679200
16.71862500
16.65866700
16.67095800
16.63729200
16.75233300
16.61916700
16.63241600
16.81704200
16.53050000
16.77754200
16.89391600
16.72691700
16.39512500
16.44020800
17.14570900
16.57275000
16.68275000
16.77100000
16.69445800
16.61141700
16.73420800
16.75262500
16.85129200
16.61237500
16.03608300
17.32916700
16.37220800
16.71304200
16.87854100
16.48241700
16.96558300
16.85508400
16.56954100
16.60137500
16.66179200
16.74275000
16.77983300
16.62350000
16.71937500
16.01600000
17.42179200
16.57875000
16.58554200
16.78300000
16.60341600
16.60608400
16.76450000
16.63783300
16.74804200
16.52575000
16.89641600
16.61812500
16.72000000
16.37679200
16.97695800
16.03304200
17.27370800
16.64970900
16.76129100
16.75429200
16.48562500
16.86900000
17.05145800
16.34337500
16.65587500
16.46220900
16.79516600
16.55429200
16.79570800
16.85533400
16.69008300
16.44329200
16.74200000
16.28029100
17.04783400
16.55708300
16.90762500
16.39300000
16.45108300
17.17741700
16.73504200
16.55712500
16.87820800
16.59066700
16.68566600
17.04337500
16.29770900
16.96037500
16.86508300
15.87287500
17.15083300
16.58170900
16.61854100
16.84829200
16.75366700
16.35137500
16.69616600
16.60520900
16.82920800
16.76641700
16.69387500
16.53333300
16.61333300
16.94358400
16.58704100
16.64120900
16.45858300
16.89562500
16.58412500
16.67104200
16.72475000
16.57895800
16.60608300
16.42295900
16.73991600
16.97704200
16.63329200
16.64504100
16.72462500
16.70020900
16.64770800
17.02520800
16.48850000
16.57045900
16.68500000
16.68687500
16.66275000
16.82533300
16.75950000
16.55145800
16.78279200
16.63425000
16.63862500
16.71658300
16.63000000
16.65554200
16.96416700
16.39875000
16.79733300
16.56937500
16.85858300
16.61520900
16.61287500
16.76162500
16.68608300
16.48312500
16.55795800
17.06854200
16.51066700
16.47129100
16.94387500
16.73816700
16.22083300
16.98375000
16.75162500
16.70879200
16.56941700
16.73229100
16.77912500
16.32375000
16.75137500
16.98662500
17.98337500
15.14645900
16.99720800
16.34079200
17.06520800
16.60020800
16.76850000
16.58512500
16.88325000
16.06254200
17.18383300
16.64575000
16.58579200
16.61875000
17.27379200
16.55658300
16.76587500
16.50941700
16.72075000
16.72145800
16.70358300
16.59612500
16.65033400
16.72233300
16.64912500
16.68979200
16.68754100
16.92162500
16.49470900
16.17008300
17.05491700
16.75104100
16.79845900
16.44858300
16.90108300
16.63125000
16.73266700
16.59675000
17.41291700
15.95462500
16.92308300
16.62237500
16.76945800
16.67637500
16.53187500
16.56204200
16.78441700
16.69404100
16.08929200
17.14912500
16.68125000
16.92133300
16.50441700
16.67795800
16.74445900
16.57933300
16.57508300
17.20183400
16.38745800
16.48708300
16.79812500
16.81570900
16.38541600
16.93762500
16.66245900
16.56375000
16.65400000
16.85800000
16.42737500
16.99312500
16.46025000
16.72829100
16.67729200
16.80962500
16.49504200
16.86579100
16.60945900
16.66229100
16.74083400
16.76254100
16.43429200
16.72079200
16.84958300
16.54708300
16.61350000
16.86562500
16.42641700
16.81041700
16.70520800
16.70566700
16.56625000
16.91650000
16.40591600
16.92495900
16.52041600
16.78166700
16.62862500
16.73295800
17.36650000
16.11954200
16.53466700
16.83020800
16.08875000
17.04308300
16.58845900
16.91620800
16.50016700
16.85016600
16.50066700
16.78191700
16.68570800
16.70933300
16.74358400
16.67829100
16.44504200
16.93741700
16.59958300
16.93858300
16.51583400
16.50616600
16.74595900
16.54720800
16.80733300
16.69720900
16.63320800
16.65695800
16.85995900
16.41458300
16.84945800
16.58350000
16.60829200
16.84733300
16.57008400
16.73025000
16.88129100
16.53854200
16.66662500
16.62983300
17.06729200
16.58675000
16.60554200
16.53479100
16.70908400
16.86991600
16.75100000
16.66375000
16.66608400
16.67833300
16.63016700
16.64750000
16.67250000
16.75270800
16.57937500
16.71625000
16.69366700
16.65270800
16.78491700
16.82129100
17.21875000
15.75795900
16.72250000
16.67637500
16.66337500
16.67666600
16.60208400
16.86691600
16.56145900
16.75462500
16.60695800
16.67737500
16.61287500
16.69883300
16.70612500
16.77862500
16.79466700
16.56054200
16.69487500
16.86333300
16.17683300
17.06733400
16.57725000
16.70554100
16.56883400
16.77616600
16.68183400
16.70341600
16.58166700
16.91525000
16.59495800
16.67191700
16.91804200
16.54983300
16.76883300
16.72975000
16.40350000
16.86583400
16.58741600
16.70575000
16.84279200
16.51283300
16.68991700
16.80112500
16.02554200
17.03716600
16.63733400
16.69833300
16.68450000
16.69416700
18.22683300
15.05775000
16.73312500
16.73108300
16.64916700
16.72175000
16.76183300
16.47450000
16.98287500
16.77483400
16.96191600
16.26991700
16.51441700
16.67587500
16.66320800
16.77041700
16.55079100
16.85237500
16.73983400
16.57225000
16.74687500
16.70804100
16.57175000
16.84254200
16.56345800
16.73208400
16.82383300
16.60704200
16.55200000
17.51958300
15.85662500
16.72812500
16.69183300
16.84995900
16.47695800
16.87695800
16.55700000
16.70883400
16.77787500
16.73700000
16.56383300
17.02466700
16.45754100
16.55925000
16.74754200
16.75200000
16.67770800
16.64616700
16.63879200
16.79100000
16.61695800
16.88516700
16.54383300
16.64979200
16.20408300
17.14216700
16.74045800
15.99000000
16.65300000
17.19637500
16.71662500
16.60350000
16.70750000
16.68287500
16.79562500
16.16691700
17.16783300
16.91179200
16.49958300
16.67816700
17.50762500
16.02633300
16.47916700
16.88250000
16.50616600
16.60162500
16.70025000
16.71912500
16.70241700
16.78558300
16.47833400
16.62495800
16.53087500
16.90354200
16.78958300
16.71170800
16.79891700
16.52558300
16.79783400
16.77529100
16.32100000
16.74033400
16.69200000
16.85862500
16.99595800
15.89891700
17.00216600
16.78308400
16.64283300
16.86837500
16.56091700
16.72116600
16.56291700
17.14908300
16.29320900
16.60870800
16.88104200
16.49595800
16.56120800
16.98525000
16.60575000
16.79195900
16.54504100
16.50445900
16.43541600
17.35033400
16.53737500
16.64083300
16.47462500
16.93562500
16.71745800
16.91654200
16.29929200
16.78079100
16.55608400
16.57304100
16.87700000
16.56420900
16.80475000
16.64470800
16.83845800
16.41062500
16.89408400
16.61741600
16.68375000
16.80216700
16.49458300
16.69287500
16.65595900
16.82816600
16.44970900
16.91241600
16.57654200
16.54170800
17.42920900
16.49508300
16.28745800
16.33600000
16.91287500
17.18583400
16.33416600
16.59579200
16.65341700
16.68112500
16.62670800
16.70050000
16.73295800
16.68345900
16.77725000
16.63745800
16.91733300
16.96029200
16.67083300
16.40133400
17.01170800
16.40325000
16.33366700
16.69820800
16.65341700
16.68029100
16.74412500
16.61566700
16.59133300
16.81454200
16.62816700
16.68929100
16.67658400
16.72650000
16.91175000
16.86041600
16.35391700
16.70112500
16.71204200
16.60429100
16.54054200
16.73141700
16.90783300
16.56466700
16.66237500
16.91704100
16.68983400
16.58370800
16.56879200
16.65850000
16.73020800
16.66766700
16.59479100
16.81091700
16.68558300
16.63025000
16.51720900
16.89750000
16.68408300
16.58070800
16.43225000
16.82095900
16.68050000
16.50320800
17.05475000
16.96320800
16.64341700
16.74366700
16.49350000
16.66591600
16.76254200
16.76720800
16.49775000
16.77387500
16.67241700
16.51108300
16.75104200
16.68058300
16.80233400
16.67087500
16.81045800
16.58137500
16.61133300
16.70208400
16.63791600
16.75241700
16.22604200
17.10404100
16.93391700
16.58000000
16.56362500
16.80037500
16.78150000
16.48537500
16.78083300
16.80408400
16.54379100
16.91050000
16.62995900
16.43954100
16.90195900
16.61966600
16.50295900
16.85250000
16.52400000
16.72616600
16.94737500
16.70083400
16.64004100
16.19216700
16.98470800
16.78620900
16.50475000
16.79300000
16.81912500
16.48779100
16.75166700
16.55162500
16.68570800
16.80666700
16.57958300
17.09383400
16.37345800
16.62258300
16.07191700
17.23087500
16.65845800
16.67508400
16.52779100
16.83220900
16.65920800
16.69075000
16.70145800
16.64058400
16.81612500
16.64625000
16.59166600
16.72775000
16.74604200
16.68433300
16.50583400
16.81762500
16.64916600
16.88383400
16.52191600
16.78329200
16.47075000
16.77654200
16.73212500
16.59841600
16.73941700
16.73366700
16.40437500
16.98362500
16.63066600
16.74216700
16.65950000
16.70216700
16.53437500
16.85845800
16.56745800
16.66187500
16.85604200
16.51633300
16.76183400
16.64316600
16.95429200
16.75279200
16.51970800
16.65391700
16.62325000
16.57645800
16.79550000
16.33366700
17.33783300
16.51537500
16.70262500
16.53995800
16.60391700
16.86729200
16.72187500
16.43154100
16.80204200
16.86312500
15.94637500
16.70566700
16.44720800
16.61420800
17.15170900
16.59583300
16.67137500
16.65391700
16.63862500
16.45062500
17.07404100
16.83637500
16.42287500
16.82833400
16.22179100
17.34754200
16.72854200
16.91079100
16.40350000
16.66262500
16.89183400
16.51420800
16.74987500
16.65095800
16.60158400
16.71750000
16.81991600
16.41941700
16.88170800
16.66733400
16.50916600
16.95616700
16.42325000
16.76487500
16.75558300
16.61479200
16.61175000
16.73795800
16.71979200
16.64870800
16.55208400
16.76637500
16.95025000
16.10995800
17.06725000
16.91441700
16.51804100
16.60670900
16.75483300
16.10612500
16.55158300
17.44845900
16.58179100
16.54283400
16.64279100
16.62266700
16.65320800
16.81275000
16.67750000
16.75183400
16.69070800
16.67841700
16.09558300
17.25450000
16.58670800
16.23754200
17.08666700
16.74454100
16.45104200
16.83020800
16.78500000
16.52395900
16.64000000
16.91379100
16.50045900
16.46362500
16.95695800
16.63795800
16.90920900
16.65350000
16.16045800
17.00666700
16.75704100
16.60937500
16.73233400
16.74908300
16.80900000
16.77004200
16.67425000
16.66904100
16.52741700
16.79754200
16.58412500
16.84654100
16.57520900
16.63741600
16.76750000
16.72450000
16.68591700
16.65979200
16.69229100
16.59266700
16.86179200
16.47137500
16.70208300
16.76987500
16.52050000
16.74495800
16.61512500
16.76525000
16.71845900
16.78158300
16.44875000
16.83475000
16.66566700
16.14445800
16.61916700
16.99441600
16.70441700
16.60937500
16.83012500
16.58083300
16.73287500
16.64125000
16.67920900
16.65620800
16.92458300
16.45920900
16.80620800
16.83004200
16.53104100
16.58666700
16.81083300
16.83579200
16.48137500
16.72062500
16.59683300
16.81208400
16.58591600
16.71295900
16.69175000
16.34933300
16.98829200
16.69862500
16.74962500
16.55770800
16.40858300
17.25587500
16.62483400
16.87262500
16.46000000
16.92275000
16.74412500
16.22616600
16.65470900
16.80691600
16.77258400
16.99629100
16.64770900
16.62525000
16.60866600
16.67716700
16.94495800
16.51433400
16.60525000
16.69958300
16.77279200
16.63562500
16.64375000
16.66016600
16.72104200
16.79204200
16.56562500
16.59900000
16.78237500
16.69270800
16.73212500
16.61237500
16.82370800
16.78829200
16.38950000
16.93504200
16.70066600
16.54016700
16.70791700
16.69170800
16.48583300
16.83404200
16.74754200
16.51941600
16.82575000
16.79933400
16.56604100
16.63854200
16.20333300
17.08841700
16.70887500
16.62291700
16.69637500
16.63137500
16.93412500
16.49258300
16.54312500
16.78450000
16.69870800
16.59387500
16.80595900
16.68958300
16.64595800
16.70525000
16.54737500
17.07683400
16.60950000
16.55595800
16.71066700
16.57837500
16.19633300
17.01854200
16.71616600
16.71016700
16.76075000
16.55904200
16.89483300
16.63425000
15.95466700
17.40775000
16.57625000
16.57908300
16.69837500
16.58979200
16.86062500
16.70195800
16.60795800
16.67916700
16.65450000
16.63287500
16.67616700
16.82566600
16.61445900
16.63112500
16.71787500
16.74170800
16.62033300
16.69470900
16.67712500
16.71783300
16.58108300
16.78441700
16.67154200
16.67600000
16.77125000
16.69983300
16.56516700
16.82775000
16.67154100
16.64370900
16.68970800
16.69958300
16.70466700
16.66816700
16.54587500
16.86266600
16.62783400
16.82658300
16.60220800
16.67100000
16.71795900
16.68862500
16.59762500
16.76379100
16.57037500
16.75695900
16.69575000
16.58916600
16.80325000
16.63029200
16.23775000
17.13483300
16.67120900
16.14516600
17.03641700
16.73316700
16.73987500
16.52920800
16.74816700
16.80912500
16.51304100
16.30254200
17.43833300
16.62529200
16.06225000
17.03400000
16.50616700
17.22612500
16.33283300
16.67112500
16.53812500
16.40420800
16.97175000
16.72725000
16.59412500
16.80995900
16.56366600
16.70691700
16.65208300
16.69212500
16.64520900
16.68641600
16.65000000
16.67754200
16.76612500
16.64770800
16.61020900
16.74087500
16.72729100
16.67366700
16.74975000
16.37933300
16.84804200
16.90854200
16.56395800
16.61108300
16.93479200
16.64125000
16.66716700
16.63983300
16.90987500
16.39895800
16.67008400
16.81554100
16.65150000
16.88029200
16.16695800
16.54700000
17.11787500
16.60054200
16.33945800
17.04770900
16.73854100
16.60550000
16.59704200
16.86425000
16.65491700
16.82283300
16.59025000
16.68533300
16.80537500
16.56758400
16.57125000
16.79787500
16.74012500
16.57154100
16.59700000
17.00291700
16.63012500
16.71645800
16.58312500
16.22970900
17.28904100
16.54041700
16.86504200
16.70800000
16.52266600
16.71979200
16.67887500
16.52075000
16.93120800
16.53129200
16.15783300
17.18058400
16.74716600
16.81583400
16.43212500
16.80233300
16.64375000
16.69395800
16.60462500
16.71195900
16.78800000
16.71575000
16.52858300
16.77966700
16.70975000
16.57641600
16.65375000
16.74641700
16.63904200
16.82050000
16.63220800
16.59879200
16.59866600
16.69991700
16.66854200
16.69162500
16.75412500
16.62800000
16.71400000
16.58704100
16.77300000
16.64237500
16.76945900
16.41129100
16.93241700
16.75358300
16.53366700
16.73008300
16.69083400
16.74720800
16.62812500
16.82270800
16.63750000
16.69137500
16.55687500
16.67545900
16.69995800
16.68091700
16.40420800
16.83500000
16.72145800
16.72412500
16.80266700
16.36441700
16.84250000
16.77987500
16.61658300
16.80516700
16.61595800
16.82229200
16.39937500
16.67225000
17.04920800
16.13062500
17.04108300
16.90766700
16.54954200
16.78841600
16.25970900
17.15000000
16.67966600
16.71683400
16.66400000
16.74312500
16.59537500
16.80095800
16.56950000
16.62312500
16.87470800
16.65766700
16.48558300
16.82462500
16.80683400
16.54775000
16.84870800
16.61754200
16.67925000
16.61445800
16.69462500
16.85779200
16.57783300
16.60958300
16.56787500
16.82479200
16.76250000
16.73791700
16.49479100
16.95079200
16.69625000
16.52891700
16.65375000
16.66366600
16.75712500
16.18883400
16.57858300
17.12412500
16.54479200
16.64908300
16.81579200
16.53550000
16.82412500
16.47325000
17.09545800
16.42625000
16.78925000
16.45333300
16.56391700
16.98166700
16.72683300
16.82250000
16.43250000
16.73700000
16.29729200
16.92529100
16.76108400
16.58008300
16.79191700
16.63275000
16.66716600
16.69487500
16.66841700
16.68458300
16.72658400
16.61891600
16.77191700
16.68991700
16.57220800
16.91441700
16.39970800
16.68879200
16.83900000
16.56658300
16.74808300
16.67145900
16.65458300
16.64770800
16.35954200
17.09970800
16.81870900
16.62287500
16.78637500
16.53900000
16.83833300
17.22741700
16.13970800
16.58508300
16.75554200
16.97129200
16.41604100
16.52954200
16.69845800
16.67933400
16.59908300
16.78720800
16.66212500
16.49495900
16.75225000
16.72079100
16.64312500
16.66129200
16.77416700
16.52075000
17.04875000
16.31829100
16.68600000
16.60554200
16.72595800
16.61279200
16.77945800
16.66691700
16.62137500
16.39479200
16.97320800
16.66375000
16.47254200
16.88720800
16.67725000
16.69116700
16.56829100
16.52050000
16.88758400
16.81645800
16.74529200
16.71075000
16.34304100
16.92391700
16.81437500
16.60587500
16.70687500
16.68200000
16.63412500
16.67254200
16.90195800
16.59300000
16.63604200
16.70895800
16.62500000
16.70833300
16.74825000
16.63900000
16.67375000
16.71183400
16.74887500
17.30904100
16.00750000
16.62000000
16.78854200
16.63020800
16.68666700
16.67495800
16.68083400
16.71362500
16.62379100
16.87537500
16.13291700
16.68175000
17.08245800
16.63829200
16.74495800
16.64345900
16.61908300
16.72991700
16.86587500
16.64558300
17.07658300
16.18462500
16.62875000
16.74600000
16.62004200
16.63479200
16.65354100
16.71816700
16.70754200
16.35433300
16.90312500
16.90975000
16.66345800
16.64412500
16.82695900
16.19550000
17.02500000
16.71562500
16.70450000
16.62195800
16.66720800
16.70708400
16.65691600
16.80454200
16.65429200
16.58416600
16.44000000
16.94258400
16.77845800
16.22491700
17.24550000
16.49629100
16.79791700
16.63958300
16.61187500
16.86541700
16.64854200
16.50475000
16.76041600
17.57229200
15.31616700
17.23570800
16.16745800
17.12591700
16.81787500
16.61550000
16.56087500
16.84683300
16.75662500
16.53204200
16.67283300
16.69283400
16.54075000
16.41829100
16.98145900
16.73979100
16.70075000
16.60812500
16.79587500
16.69900000
16.58575000
16.63437500
16.57345900
16.78091600
16.61112500
16.68254200
16.60554200
16.81100000
16.66087500
16.61237500
16.78929100
16.56120900
16.67712500
16.81554100
16.71900000
16.57108400
16.70125000
16.76958300
16.67791700
16.74458300
16.54520800
16.37020900
16.99658300
16.66775000
16.70770800
16.83937500
16.58141700
16.59350000
16.75262500
16.68254200
16.59154100
16.75183400
16.40004100
16.93725000
16.83658400
16.61341600
16.65829200
16.76425000
16.59233300
17.46775000
15.82916700
16.60370800
16.64408400
17.03720800
16.64941700
16.57737500
16.93241600
16.66241700
16.56416700
16.59516600
16.37791700
16.93916700
16.81370800
16.67595800
16.55083400
16.82687500
16.51383300
16.79925000
17.19808300
16.27491700
17.10004200
16.63241600
16.32175000
16.59537500
16.55675000
16.74020900
16.33970800
17.28620800
16.37125000
16.67295900
16.88791600
16.38383400
16.83295800
16.77725000
16.49270800
16.74254200
16.96737500
16.37279200
16.65879100
16.74354200
16.99887500
16.33012500
16.66420800
16.76620900
16.39395800
17.01450000
16.75866700
16.66916600
16.68545900
16.36795800
17.05966700
16.61483300
16.62329200
17.01408300
16.83520800
16.53254200
16.69608300
16.80595900
16.46387500
16.98616600
16.32779200
16.80279200
16.75558300
16.08245800
16.97337500
16.78987500
16.70150000
16.66108400
16.78845800
16.67625000
16.57745800
16.68325000
16.71500000
16.75170900
16.62241600
16.66470900
16.78370800
16.59229200
16.84987500
16.60258300
16.78154200
16.44020800
16.81904200
16.44475000
16.48887500
16.60029100
17.00991700
16.60658300
16.81166700
16.63545800
16.54162500
16.62583400
16.89145800
16.62741700
16.90029100
16.64725000
16.61787500
16.68654200
16.69804200
16.66329100
16.75379200
16.63320800
16.62666700
16.86112500
16.77712500
16.49045800
16.82566700
16.62433300
16.77550000
16.58800000
16.66545900
16.50362500
17.00750000
16.45079100
16.59041700
17.32529200
16.30237500
16.61075000
16.78641600
17.13762500
16.11387500
16.44320900
16.52458300
16.70833300
17.24479200
16.18179200
16.62545800
16.93916700
16.78958300
16.47683300
16.65495900
16.74579100
16.97954200
16.58370800
16.67116700
16.39383300
17.05237500
16.63137500
16.74987500
16.74570900
16.60737500
16.69075000
16.63891600
16.69050000
16.81204200
16.45100000
16.80595800
16.48870900
16.73754100
16.52479200
16.80679200
16.53166600
16.80470900
16.57395800
16.36237500
16.99429200
16.61116600
16.70758400
16.78016600
16.63587500
16.72279200
16.69175000
16.67979200
16.62387500
16.64037500
16.37479100
17.08604200
16.59008300
16.84150000
16.63187500
16.58025000
16.69570900
16.67866600
16.78370900
16.71937500
16.58554100
16.64087500
16.93112500
16.51591700
16.94412500
16.41595800
16.91929200
16.58641700
16.52445800
16.37012500
16.96300000
16.71075000
16.61245800
16.81054200
16.59916700
16.69595800
16.61587500
16.79991700
16.57079100
16.69466700
16.67887500
16.44141700
16.96958300
16.85287500
16.43875000
16.73608300
16.80070900
16.59454100
16.38554200
16.77204200
16.88820800
16.61133300
16.79233400
16.70870800
16.33600000
16.98108300
16.67329200
16.81970800
16.81137500
16.45625000
16.73620900
16.92283300
16.68425000
16.62558300
16.76866700
16.35804200
16.82804100
16.65491700
16.56791700
16.73779100
16.69979200
16.66479200
16.69487500
17.03037500
16.29637500
16.78879100
16.67758400
16.67612500
16.60804100
17.14166700
16.48708300
16.67666700
16.31191700
16.67741600
16.92529200
16.61295800
16.63229200
16.66470800
16.60804200
16.43291700
16.65645800
16.77629200
16.84854100
16.68229200
16.76150000
16.47145800
16.69479200
16.62416700
16.86762500
16.60241600
16.55954200
16.89833300
16.52429200
17.00725000
16.48191700
16.82045800
16.49300000
16.56908300
16.85812500
16.67383400
16.68287500
16.73591600
16.63387500
16.85683400
16.68141600
16.69820900
16.67512500
16.71316600
16.15879200
17.12470800
16.49120900
16.61266600
16.79458400
16.85387500
16.61158300
16.81937500
16.84258300
16.47008400
16.80762500
16.45904100
16.96341700
16.57150000
16.71529200
16.28687500
16.98708300
16.67287500
16.77066700
16.63804100
16.67970900
16.68837500
16.69741600
16.64837500
16.53004200
16.89470800
16.75687500
16.74991700
16.64075000
16.60650000
16.68812500
16.17137500
17.09679200
16.72566600
16.72541700
16.45341700
16.82066600
16.74095900
16.69791600
16.66470900
16.90691600
16.55287500
16.78150000
16.62875000
16.50750000
16.99550000
16.63591700
16.47495800
16.72204200
16.19075000
17.32512500
16.58504200
16.84720800
16.51112500
16.31987500
17.16275000
16.61966700
16.72737500
16.75354100
16.46704200
16.83366700
16.70333300
16.86758300
16.58270900
16.57887500
16.33941600
16.89941700
16.64362500
16.72408300
16.63670900
16.67887500
16.70275000
16.62837500
16.64454100
16.78816700
16.73775000
16.80962500
16.59558300
16.57475000
16.59125000
16.66916700
16.73583300
16.64483400
16.70075000
16.74095800
16.59495800
16.89791700
16.62608300
16.52587500
16.42970900
16.68987500
16.80766600
16.73495900
16.75829100
16.56441700
16.82687500
16.47429200
16.93191600
16.70000000
16.56458400
16.71079100
16.78854200
16.55175000
16.66520800
16.75375000
16.76258400
16.65783300
16.71125000
16.61629200
16.54141600
16.83570900
16.75537500
16.59770800
16.80620800
16.74862500
16.56950000
16.68687500
16.70712500
16.59016700
16.78987500
16.50104200
16.88058300
16.68608300
16.58025000
16.66233400
16.41679100
16.46795900
16.79412500
16.75054100
16.96237500
16.40970900
16.99404100
16.54629200
16.69279200
16.78137500
16.69525000
16.71041600
16.70229200
16.30641700
17.18220800
16.61254200
16.65787500
16.65704100
16.83204200
16.58362500
16.66183300
17.13900000
16.31462500
16.72250000
16.61137500
16.54491700
16.86141700
16.38683300
16.77916700
16.38979100
16.96112500
16.72116700
16.64295800
16.68954200
16.46425000
16.93241700
16.50454100
16.70837500
16.66358400
16.71341600
16.75466700
16.55558300
16.78562500
16.31075000
16.89704200
16.53316700
16.89900000
16.65762500
16.70158300
16.77833300
16.56445900
16.81837500
16.66616600
16.55912500
16.85862500
16.57525000
16.76045900
16.60162500
16.63912500
16.68541600
16.49208400
16.95358300
16.47000000
16.72979200
16.89441600
16.61408400
16.74729100
16.76933400
16.57075000
16.78966600
16.72983400
16.55804100
16.68754200
16.73095800
16.60270900
16.69875000
16.39983300
16.99925000
16.73370800
16.61016700
16.70745800
16.46737500
16.65129200
16.95512500
16.70891700
16.61133300
16.70033300
16.41100000
17.02687500
16.71604200
16.72833300
16.67037500
16.75625000
16.53187500
16.75187500
16.66491700
16.89933300
16.59266700
16.59770800
16.67812500
16.77766700
16.64075000
16.71979200
16.63391600
16.70125000
16.70583400
16.67562500
16.54458300
16.88195800
16.75287500
16.45550000
16.79375000
16.58695900
16.59487500
16.75870800
16.62441700
16.62462500
16.74591600
16.74787500
16.60737500
16.84058400
16.62250000
16.32145800
16.66170800
17.00841700
16.57654200
16.89266600
16.72291700
16.46070800
16.82337500
16.56645900
16.69670800
16.74470800
16.68337500
16.55800000
16.64758400
16.81283300
16.82300000
16.58558300
16.58650000
16.37475000
17.08295900
16.71158300
16.65241700
16.75950000
16.60579100
16.71191700
16.59570800
16.76075000
16.73962500
16.63725000
16.32691700
17.13762500
16.40662500
16.68954200
16.76883300
16.77887500
16.95458300
16.86270900
16.37466600
16.66379200
16.91387500
16.39650000
16.76579200
16.68958300
16.45733300
16.27120900
17.23245800
16.71500000
16.50483300
16.87650000
17.49816700
16.94787500
16.03266700
16.71733300
16.36520800
16.92950000
16.52412500
17.13800000
16.63283400
16.89700000
16.16300000
15.99258300
17.31850000
17.06795800
16.99645900
16.02891600
16.32175000
16.83170900
16.93808300
16.60854200
16.63466600
16.70283400
16.46820800
16.73200000
16.77150000
16.57933300
16.79129200
16.73166700
18.84679100
16.13320900
17.38158300
17.44566700
41.21225000
43.80687500
26.61866600
13.78500000
13.51458400
12.76000000
12.65787500
12.77366600
12.36083400
12.62283300
12.60441700
12.62525000
12.96137500
11.63454100
16.11908400
14.28154100
13.72470900
15.71875000
13.60608300
13.66825000
13.98683300
13.09962500
14.10595900
16.82412500
16.68037500
16.58491600
16.98762500
16.58637500
16.61316700
16.71475000
16.83112500
16.60687500
16.65762500
16.64087500
16.56383300
16.99325000
16.35833400
16.65250000
16.50904100
16.54883400
16.88254100
16.71770900
16.53141600
16.61416700
16.82912500
16.47041700
16.82233300
16.86991700
16.53866600
16.53775000
16.81566700
16.66045800
16.61562500
16.81075000
16.60458400
16.69800000
16.75762500
16.65775000
16.81162500
16.73537500
16.48679100
16.93420900
16.50841600
16.55737500
16.94312500
16.55712500
16.82862500
16.95954200
16.55179200
16.48870800
16.81162500
16.65362500
16.49791700
16.32629100
17.21041700
16.12154200
16.71887500
17.08020800
16.61404200
16.38420800
16.92816700
16.63287500
16.75808300
16.74637500
16.69275000
16.30945800
17.25195900
16.61095800
16.67979200
16.70250000
16.64912500
16.70058300
16.73612500
16.63587500
16.72312500
16.65662500
16.60504200
16.84470800
16.74829200
16.47050000
16.84904100
16.51691700
16.70283300
16.32854200
16.90275000
16.85116700
16.59154100
16.97933400
16.14179100
17.31050000
16.48916700
16.75012500
17.02970800
21.59066700
14.94129200
14.21991600
15.52266700
16.75462500
16.66166700
16.10800000
17.35850000
16.65937500
16.63991600
16.75370900
16.58104100
16.56704200
16.85275000
16.60712500
16.61158300
16.72870900
16.58316600
16.66195900
16.69245800
16.73270800
16.32495900
17.05954100
17.06150000
16.40900000
16.60941700
16.69908300
16.61237500
16.69483400
16.66537500
16.65325000
16.77750000
16.69466600
16.61979200
16.79558300
16.58129200
16.66783300
16.38833400
17.04883300
16.46575000
16.44245800
16.75575000
16.99033400
16.70783300
16.66508300
16.72966700
16.28608300
17.16258400
16.70525000
16.82212500
16.69995800
16.58241700
16.75391600
16.70329200
16.75466700
17.36933300
15.93545800
17.72458400
17.60945800
14.87716700
16.80816600
16.65329200
16.58504200
16.90983300
17.71412500
15.35358300
16.85566700
16.58720800
16.82012500
16.68987500
16.55770900
16.70125000
16.83858300
16.63304200
16.41362500
16.70054100
16.93700000
16.32741700
17.09712500
16.69095800
16.64025000
16.04408400
16.77075000
20.74912500
15.65045800
15.14879200
15.60920800
16.67070800
16.74804200
16.31158300
16.84229200
16.67791700
16.74108300
16.68716700
16.52733300
19.12095800
17.23920900
15.17866600
16.60825000
15.62629200
16.51412500
31.13395800
16.03062500
19.51025000
20.62733400
16.96245800
19.02333300
17.61866700
16.57041700
22.43241600
16.62500000
15.63891700
19.69912500
34.43962500
24.86975000
23.80883300
20.85445900
17.56970800
21.61395800
24.62370900
22.40545800
17.15133300
14.53666700
13.87458300
13.48087500
15.55120900
13.97595800
14.15075000
14.33670800
14.28275000
14.71879200
14.69000000
12.71433300
12.61170900
13.19454100
13.04529200
12.99487500
12.80583300
12.62162500
12.90612500
12.54375000
13.95525000
13.11387500
12.96670900
12.82141600
13.79645900
12.90895800
14.03370800
12.67295900
12.48629100
16.68845900
16.82341600
16.43191700
16.83029200
16.52741600
16.82287500
16.45345900
16.98325000
16.09125000
16.97766600
16.60800000
17.11737500
16.42220900
16.33745800
16.93879200
16.78995800
16.61220800
16.94587500
16.49108400
16.61150000
16.91158300
16.48795800
16.75412500
16.83566700
17.05800000
16.13162500
16.53245800
16.67283400
16.66245800
16.72933300
16.89145900
16.56375000
16.74658300
16.89950000
16.97104200
16.09766600
16.73708400
16.63033300
16.66179200
16.67929100
16.73175000
16.77837500
16.52145900
16.86841600
16.52979200
16.63958300
16.73933400
16.60487500
16.51033300
17.21566700
16.36012500
16.61900000
16.62591600
16.86912500
16.51175000
16.63150000
16.89741700
17.16145800
16.22908400
16.61466600
16.73791700
16.71650000
16.81829200
16.55029100
16.68008400
17.09783300
16.32629200
16.69112500
16.97391600
16.60591700
16.79120800
16.59125000
16.53645900
17.32845800
16.08716700
17.00275000
16.76641600
16.37875000
16.78987500
16.76629200
16.85237500
16.68129200
16.32475000
17.36766600
15.59933400
16.79241600
16.63750000
16.74900000
16.78525000
16.74258400
16.59475000
16.71841600
16.64729200
16.82541700
17.45129100
15.96016700
16.15175000
17.89758300
15.86387500
17.10550000
16.52600000
16.67450000
16.70079200
16.71945800
16.28379200
16.95000000
16.64408300
16.84320900
16.62112500
16.67350000
16.72320800
16.52954200
16.51954100
17.14562500
16.13783400
16.88333300
16.71583300
16.63095900
16.38200000
16.96587500
16.56329100
16.92166700
16.61112500
16.66591700
16.67870800
16.74816700
16.43058300
16.84245800
16.55216700
16.52625000
16.86054200
16.89687500
16.72300000
16.63550000
16.75204100
16.59000000
16.39250000
17.06470900
16.38483300
16.90483300
17.37283400
16.56945800
16.38458300
16.61095900
15.98066600
16.85100000
16.73854200
16.89816700
16.59358300
16.81508300
16.61683400
16.60037500
16.56525000
16.66195800
17.22187500
16.43950000
16.71016700
16.47454100
16.79479200
16.78508300
16.06212500
17.56912500
16.34795900
16.66733300
16.23300000
16.93191700
16.77037500
16.75420800
16.48270800
16.75800000
16.57975000
16.86450000
16.67995900
17.07766600
16.37020900
16.71979100
16.58391700
16.73245800
16.72204200
16.80816700
16.57204100
16.73125000
16.81533400
16.45033300
16.59850000
16.82787500
16.58645800
16.93054200
16.49112500
16.53766700
16.90779100
16.50750000
16.76595900
17.11875000
16.34600000
16.34750000
16.93358300
16.77808300
16.52662500
17.08016700
17.26808300
15.77750000
16.67558400
16.70050000
16.56187500
16.34262500
16.65908300
16.85962500
16.70129200
16.74370800
16.63095800
16.85350000
16.49758400
16.57341600
17.11041700
16.34054200
16.83433300
16.55966700
16.63183300
16.88545800
16.64075000
16.85820900
16.71525000
16.26195800
16.95825000
16.79312500
16.70545800
16.70941700
16.65041700
16.66854100
16.59408400
16.74266600
16.63712500
16.85066700
16.01245800
17.05145900
16.91733300
16.61891700
16.36395800
16.88816700
16.99737500
16.69887500
16.54925000
16.88529100
16.48637500
16.67283400
16.75133300
16.73141700
16.66400000
16.04533300
17.13233300
16.61937500
16.82983400
16.64341600
16.54937500
16.77087500
16.79545900
16.59316600
16.67458400
16.67258300
16.61966700
16.74004100
16.67629200
16.90504200
17.07683300
15.92458300
17.18616700
17.14162500
16.80162500
15.96425000
16.71333300
16.78558400
16.51379100
16.78816700
16.95041700
16.83104100
16.65508400
16.32179100
16.69025000
16.63745900
16.49762500
16.85362500
16.55112500
16.86320800
16.73908300
15.96458400
17.32195800
16.81750000
16.63370800
16.69225000
16.01041700
16.92995800
17.19941700
16.78233300
16.88287500
16.34112500
16.44416700
16.97975000
16.45908300
16.11545900
17.25445800
16.56904200
16.75695800
16.68383300
16.60362500
16.75670900
16.61304100
16.53233400
16.84229100
16.74816700
16.70050000
16.64558300
16.57416700
16.62025000
16.76058300
16.79483400
16.42316600
16.83704200
16.91537500
16.41695800
16.78745900
16.73541600
16.61616700
17.07133300
16.34070900
16.20187500
16.74054100
16.89108400
16.91933300
16.47300000
16.78379200
16.60245800
16.50879200
16.85029100
17.02566700
16.75500000
16.46525000
16.78979200
16.59466600
16.59295900
16.77679100
16.70608400
16.56783300
16.82241700
16.61375000
16.57195800
16.81695800
16.69037500
16.52737500
16.80245900
16.77770800
16.34583300
17.03329200
16.79433300
16.31666700
16.87891700
16.75266600
16.41983400
16.92316600
16.20408400
16.88816600
16.94245900
15.92833300
16.90212500
16.99529200
16.62595800
16.40712500
16.90662500
16.75391700
16.58183300
16.81108300
16.31070900
17.22320800
16.66091700
16.82500000
16.50283300
16.69891700
16.86850000
16.53620800
16.69008300
16.77150000
16.65687500
16.64900000
16.60779200
16.61729200
16.84983300
16.52725000
16.79633300
16.42016700
16.65595800
16.50575000
16.86670900
16.68087500
16.73450000
16.75004100
16.41491700
17.07216700
16.58150000
16.62229100
16.58591700
16.76683300
16.82808400
16.47716600
16.90720900
16.65454100
16.67487500
16.31170900
17.02329100
16.68312500
16.63404200
16.72533300
16.66825000
16.75408400
16.56708300
16.76762500
16.61066700
16.71108300
16.65708300
16.68662500
16.62387500
16.75341700
17.14929200
16.28962500
16.66770800
16.51337500
16.74095800
16.49004200
16.68025000
16.77516700
16.69312500
16.67762500
16.55991600
16.84929200
16.57229200
16.53937500
16.96962500
16.44737500
16.43433300
17.17633300
16.42304200
16.46387500
16.81575000
16.78370800
16.80700000
16.56937500
16.73966700
16.47879200
16.96212500
16.77266600
16.72841700
16.71766700
16.56383300
16.71641700
16.83770800
16.78975000
16.63195800
16.80791700
16.58150000
16.70212500
16.43983300
16.76287500
16.62770900
16.78408300
16.76475000
16.51212500
16.81633300
16.55191700
16.70870800
16.68029200
16.58229200
16.68991600
16.75154200
16.60350000
16.94891700
16.62775000
16.47566600
16.66645900
16.79470800
16.64054200
16.67429100
16.75725000
16.35337500
16.70062500
16.75537500
16.67779200
16.72250000
16.66241700
16.68316600
16.72337500
16.71666700
16.71266700
16.60000000
16.69070800
16.64087500
16.62750000
16.86095800
16.60012500
17.07687500
16.38212500
16.36829200
17.03579200
16.54787500
16.77650000
16.79333300
16.61070800
16.71429200
16.83262500
16.50708300
16.82625000
16.78625000
15.97854200
17.13912500
16.75233300
16.81725000
16.62754200
16.73841700
16.90375000
16.68150000
16.82733300
16.43558300
16.57100000
16.71362500
16.64808400
16.87691600
16.56162500
16.21050000
17.02470900
16.70475000
16.46933300
16.89170800
16.76312500
16.73141700
16.73016700
16.76450000
16.46025000
16.73583300
16.69445800
16.57429200
16.87958300
16.70475000
16.41408400
16.19595800
17.39162500
16.53270800
16.80629200
16.58100000
16.79920800
16.64887500
16.82695900
16.57750000
16.79112500
16.66116600
16.58433400
16.72141600
16.57416700
16.66075000
16.88387500
16.39683300
16.84845900
16.75066600
16.07550000
17.17966700
16.63362500
16.77687500
16.78200000
16.12120800
17.26862500
16.58766700
16.69875000
16.77579200
16.46058300
16.78975000
17.04350000
16.66487500
16.63154200
15.98150000
17.00200000
16.60387500
16.62358300
16.67845800
16.66020900
16.58925000
16.84895800
16.51841700
16.73591600
16.75458400
16.65575000
16.72608300
16.94283300
16.47025000
17.01058400
16.39304100
16.87970900
16.86445800
16.69195800
16.48183400
16.85395800
16.49754200
16.67250000
16.74750000
16.71770800
16.93716700
16.43441600
16.72550000
16.65275000
16.73645900
16.59283300
16.73233300
16.72670900
16.47608300
16.99045800
16.54433400
16.82691600
16.51683400
16.73966600
16.69116700
16.54666700
16.79783300
16.80729200
16.31295800
16.80012500
16.67466700
16.78445800
17.32879200
18.15133300
16.28404200
15.42733300
16.38320800
16.64645900
16.79295800
16.51016700
16.86779100
16.58291700
16.58487500
16.94529200
16.42795800
16.80062500
16.67537500
16.71412500
16.58858300
16.64404200
16.71850000
16.64229200
16.81316600
16.77075000
16.30187500
16.89483400
16.94025000
16.53954100
16.65679200
16.51545800
16.69166700
16.85158300
16.38425000
16.71845900
16.70858300
16.78891700
16.48945800
16.65525000
16.70900000
16.70554200
16.53645800
16.95633300
16.54575000
16.71529200
16.66266700
16.60495800
16.64887500
16.76950000
16.66104200
16.61745800
16.75945800
16.79895900
16.61450000
16.59408300
16.75179200
16.82787500
16.64554100
16.40925000
16.65179200
16.95108300
16.84508400
16.62004100
16.71741700
16.64858300
16.45279200
16.56362500
16.58558300
16.99491700
16.63825000
16.63441700
16.78470800
16.56341700
16.71583300
16.79154200
16.67020800
16.68479200
16.62395800
16.65770800
16.76075000
16.43825000
16.67795900
16.72104100
16.91016700
16.52616700
16.88125000
15.85904100
16.64325000
1319.13758400
18.28412500
16.85550000
17.37179100
17.21537500
17.34095900
16.93845800
17.78683300
18.32825000
17.82779200
17.40825000
17.30000000
17.26066700
17.31308300
17.50287500
17.29483300
17.52612500
17.36770900
17.51070800
17.44091700
17.35645800
17.27533300
17.60800000
17.57245900
17.44195800
18.09458300
17.64079200
17.96387500
17.39879200
17.45170800
17.62308300
17.46120900
17.38645800
17.27879200
17.42316600
17.67450000
17.70545900
17.47116600
17.43529200
17.61504200
17.28020800
17.62570800
17.56183400
17.44987500
17.70350000
18.96895800
17.52079200
17.32379100
17.39191700
17.30541700
17.04683300
17.31133300
17.42112500
17.46600000
17.61554200
17.65270800
17.36495900
17.44433300
17.44700000
17.73050000
17.32825000
17.87270800
17.80066700
17.53675000
17.23312500
17.28000000
17.38545800
17.30991700
17.26075000
17.14670800
17.16208400
17.19175000
17.22137500
17.94687500
17.97125000
17.28125000
17.45575000
17.56275000
17.55904100
17.38029200
17.73104200
17.65070800
17.62029200
17.86370800
18.24133300
17.76070900
17.46454100
17.71745900
17.63733300
17.22833300
17.16033400
17.37858300
17.11937500
17.08425000
17.06154200
15.72187500
15.76354100
15.75133400
15.57795800
15.57754200
15.69358300
15.60887500
15.82633300
15.88804200
15.76729200
14.71679100
14.82108400
15.08045800
14.81179200
15.06854100
14.91183400
15.04191600
14.69854200
15.08050000
14.81912500
14.84875000
14.73441700
14.63141600
14.59395900
15.09887500
15.13454100
15.11104200
14.96708300
15.47250000
16.06975000
16.14395900
16.03162500
16.19866600
16.11770900
16.03116600
15.89412500
16.15916700
15.98437500
16.00616700
17.12841600
17.55887500
17.38525000
17.60466700
17.66645800
17.29025000
18.01662500
17.57204200
17.75575000
18.11583300
17.62683400
17.83220800
17.42545800
17.55845900
17.33858300
17.60775000
17.50879200
17.23800000
17.49091600
17.52737500
17.59045900
17.93150000
18.02225000
17.87583300
17.83216700
16.46354100
19.88154200
18.44520800
18.00645900
18.03695800
18.08020800
18.24537500
17.84462500
17.74829200
17.88150000
18.59054200
19.50175000
19.33150000
19.21766600
18.39350000
19.30920900
18.15179100
17.81454200
17.73933300
19.02875000
18.01337500
17.75837500
17.85475000
17.89795900
17.89704100
17.66758400
18.22920800
17.97304200
17.95625000
17.98045800
18.27166700
18.01587500
18.21550000
17.90654100
18.43645900
17.88079100
17.97200000
18.54966700
20.39129200
19.39079100
19.72779200
19.83195800
18.11329200
17.97500000
18.18433300
17.89820900
18.08054100
17.66058400
17.90679100
17.98854200
18.44608300
19.03175000
18.09900000
18.14404200
17.70266700
18.15437500
17.99562500
17.55341600
18.02820900
18.38108300
18.23162500
17.60879200
18.60370800
17.73983300
18.32500000
17.92050000
17.46025000
17.90608400
16.47645800
16.92870800
18.18304200
16.60741700
17.86904100
16.71658400
16.60941600
16.90750000
17.59258400
17.95200000
17.05479100
17.95745900
17.46054100
17.25783400
17.00941600
17.19408400
18.07629100
18.07620900
17.81141600
17.75729200
17.29950000
17.07283300
17.41754200
17.65358300
17.62716700
17.67000000
17.34129200
18.08412500
16.66645800
17.56737500
18.11941700
18.54445800
18.38250000
16.60770800
17.48912500
17.70766700
18.13208300
16.81225000
16.91083400
17.73808300
17.41616700
18.41400000
18.23170800
17.77325000
17.85216700
17.89562500
17.32575000
19.06225000
18.17808300
17.85975000
16.90837500
17.96641700
18.17775000
17.79833300
17.86312500
17.83333300
17.88391700
16.71841700
16.26850000
16.14633300
16.30662500
16.31158300
16.27858400
16.10775000
16.51975000
16.19304100
16.35466700
15.24345800
15.45645900
15.65183300
15.58658300
15.06679200
15.79000000
15.71412500
15.63679200
15.07279100
15.19033400
15.42087500
15.35062500
15.06466600
15.19262500
15.13845900
15.08604100
15.23554200
15.01116700
14.99520800
15.15054200
15.67154100
15.53000000
15.44291700
16.96716700
16.58225000
16.63237500
16.44716600
16.94625000
16.42929200
16.53316700
16.47929100
16.78075000
18.16575000
18.52637500
17.91508400
18.27862500
18.37254100
18.02816700
17.87979200
18.07570800
17.89683300
18.59412500
17.73408400
18.02450000
17.99637500
18.13579100
17.99745900
17.85779100
18.30320900
18.34358300
17.82033300
17.88233400
17.97812500
17.87008300
17.74995800
17.82412500
17.85504200
17.72762500
17.87970800
17.77150000
17.82858400
18.20975000
17.78737500
17.83179100
18.82600000
17.84520900
18.88250000
17.91641600
17.86004200
18.35529200
19.02758300
18.12145800
18.81083400
17.83058300
17.84150000
18.12629200
19.22345800
17.70237500
18.05966700
18.36520800
19.02633300
18.13825000
19.17583400
19.41704100
18.14083400
18.09762500
18.13583300
18.52479200
18.67062500
18.38291600
18.64708400
19.06262500
18.01695800
17.93312500
17.81133300
18.30679200
19.58370800
18.25741700
18.24762500
17.87483300
18.28337500
18.31829200
17.90066700
19.09616600
19.39675000
18.14850000
19.97954200
20.28925000
18.90175000
18.29550000
17.92025000
18.01787500
19.02716700
18.24591600
18.12175000
17.82091700
17.90504200
18.02108300
18.21629200
18.25887500
18.15833300
18.09508300
17.99645900
18.81920800
18.54725000
18.08154200
17.99483300
18.14183300
18.33612500
18.08170900
18.20675000
18.27400000
17.65470800
18.02962500
18.00191700
17.53350000
18.16379100
16.67000000
17.52920900
18.46620800
18.16716700
18.08145800
17.76033300
18.02704200
17.98987500
16.56354200
16.79050000
17.66275000
17.47962500
16.66854100
17.39029200
18.17054200
17.82612500
17.41887500
18.66120800
17.52541700
17.78116600
18.08033400
18.52270800
18.15841700
18.37733300
17.59458300
17.94229200
17.56804200
17.61558300
17.90645800
18.46504200
18.18508300
18.34662500
17.81987500
17.90241700
18.29762500
18.16045800
17.31179200
17.28533300
18.14620900
18.00270800
18.03812500
19.25500000
18.55545800
18.43875000
17.61187500
17.58975000
17.63350000
17.44954200
16.47504200
16.23983300
16.21058300
16.20225000
16.18858400
16.94716600
16.14179200
16.30029200
16.14358300
16.12975000
16.06825000
16.21787500
16.08900000
15.78325000
15.25850000
15.09995800
15.11837500
15.15933400
15.01608300
14.95637500
15.01995800
14.96266700
15.12729200
14.94045800
15.16325000
15.59583300
15.05075000
15.21204200
15.72037500
16.31237500
16.38691700
16.65583300
16.39487500
16.52616700
16.66437500
16.47950000
16.36866600
16.28200000
17.18716700
17.75929200
17.94358300
17.79962500
17.82812500
17.88225000
17.84987500
17.63387500
17.40904200
18.07687500
17.49587500
17.65991600
18.19704200
17.79300000
17.73883300
17.64312500
17.78029200
17.78070800
17.63445900
17.50237500
17.49816600
17.46850000
17.32883400
18.17483300
17.48250000
18.40612500
17.80412500
18.92233300
18.02504200
18.96620800
18.24054200
17.51825000
18.20675000
18.70662500
17.41491700
18.43045800
18.18137500
17.86929200
18.25475000
17.56916600
18.29129200
18.27837500
17.13654200
17.48154100
18.49775000
17.53883400
18.20079100
17.36595900
17.93216600
19.14479200
17.46962500
17.24366700
17.76641600
17.39820900
18.07541600
17.14150000
