15.11000000
18.25891700
15.01308300
18.20654200
14.94925000
18.27970800
15.22466700
18.32262500
15.25262500
18.00408300
15.24795900
18.21820800
15.17295800
18.13262500
15.07525000
17.98566700
15.52187500
18.18383300
15.05425000
18.18379200
15.56912500
18.01670800
15.09745900
17.88833300
15.35320800
17.95091700
15.60916700
18.11995800
14.97654200
17.72183300
15.77650000
17.49279200
16.04387500
17.20183300
16.29062500
17.67895800
15.60329200
17.64333300
15.65495900
17.57183300
15.79966700
17.34445800
16.08625000
17.71475000
15.40920800
17.54350000
16.04175000
17.42141700
15.97075000
17.64945800
15.71433400
17.69087500
15.55766600
17.35362500
16.05454200
17.80012500
15.57454200
17.83700000
15.54958300
18.00145800
15.13083400
18.00375000
15.38908300
17.95991700
15.55141600
18.52854200
14.53516700
19.11437500
14.41029100
18.73300000
14.85808400
18.02420800
15.21941700
18.17050000
15.06662500
18.31916600
15.22483400
18.35037500
14.77837500
18.83095800
14.53275000
19.51387500
13.88620800
19.09454200
14.36237500
19.12033300
14.16625000
19.43450000
13.90745900
18.86087500
14.63308300
18.97412500
14.48345800
18.90941700
14.54537500
19.01275000
14.20716700
19.32575000
14.26429100
18.90554200
14.13579200
18.37320800
15.21533300
18.63475000
14.75791700
18.45354200
14.73833300
18.13904200
15.41387500
17.95720800
15.21429200
18.25608300
15.36329200
18.08354100
15.10325000
18.75116700
14.75470800
18.77158400
14.57583300
18.72358300
14.66816700
18.72612500
14.45420800
19.14970900
14.30512500
19.22095800
14.13604200
18.84683300
14.46975000
18.95908300
14.58758400
18.76429100
14.63966700
18.83362500
14.37145800
18.87929200
14.66879200
18.80616600
14.43595900
19.14512500
14.35991600
19.17416700
14.17583300
19.43537500
13.81295900
19.06812500
14.35441600
19.05391700
14.31483300
18.38533400
14.99304100
18.63541700
14.71912500
18.90508300
14.50658400
18.69995800
14.67637500
18.60020800
14.82575000
18.89616700
14.08000000
19.00804200
14.56737500
18.71258300
14.65900000
18.40133300
14.66279200
18.39329200
15.25100000
18.36708300
14.95000000
18.67316700
14.75650000
18.66862500
14.67158300
18.76279200
14.68662500
18.75933300
14.51825000
19.03825000
14.32208300
19.22212500
14.16733400
18.92295800
14.31229200
18.64062500
14.82091600
18.51920900
14.87641600
18.60475000
14.68675000
18.44950000
14.98520900
18.34704100
14.94325000
18.56320900
14.82825000
18.45241600
14.94220900
21.43687500
12.13937500
18.70058300
14.57712500
18.99279200
14.27429100
19.82366700
13.33883300
19.44620900
14.21920800
18.33966700
15.04358300
18.49925000
14.61108300
18.61575000
15.10525000
18.35291700
14.88091700
18.91575000
14.44058300
18.60129200
14.97858300
18.56516700
14.55466600
18.78120900
14.69029100
18.42975000
14.93991700
18.48533300
14.79208400
18.68366600
14.80812500
18.62354200
14.74058300
18.44525000
14.58504200
18.60845800
14.98975000
18.40479200
15.00700000
18.37908300
14.91575000
18.48616700
14.87208300
19.50537500
13.81683400
19.42470800
13.79587500
19.61104200
13.90675000
19.44854100
13.71687500
19.28833400
14.19112500
19.45137500
13.99350000
19.39070800
13.96608300
19.39191700
13.94737500
19.32216700
14.07675000
19.50495800
13.72275000
19.39754200
14.06708300
19.36750000
14.38779200
19.56454100
13.52320900
19.65954100
13.67883400
19.46666600
13.81491700
19.66733300
13.85962500
18.89233400
14.34616600
18.41279200
15.03591700
18.59308300
14.70816700
18.50458300
15.08341700
18.44712500
14.82029100
18.51029200
14.90270800
18.42400000
15.00695900
18.27829100
14.78483400
18.45929100
15.16095900
18.57308300
14.75466700
18.51333300
14.60283300
18.62287500
15.00366700
18.62979200
14.69775000
18.56062500
14.79729100
18.67762500
14.74304200
18.66708300
14.46758400
18.63333300
14.90841700
18.89391600
14.53195900
18.67775000
14.46662500
18.51729100
15.07675000
18.46266700
14.90820800
18.68354200
14.63075000
18.63504200
14.80475000
18.59508300
14.62225000
18.74695800
14.57379200
18.69641700
15.14620800
19.08675000
14.20233300
19.10862500
14.18279200
19.31975000
13.87812500
19.40470800
13.90508400
18.94083300
14.62354200
19.40000000
13.76287500
18.78983300
14.42504200
18.63108300
14.99791700
18.69420800
14.46870800
18.26137500
14.93220900
18.49354100
15.21333400
18.59383300
14.56987500
18.09362500
15.33529200
18.19229100
15.31279200
17.85300000
15.41875000
18.12608300
15.19125000
18.40050000
15.13304200
18.26662500
14.98320800
18.39920900
15.09245800
18.49041700
14.78262500
18.75445800
14.57120800
18.59066700
14.83104200
18.57791600
14.68391700
18.74108300
14.42566700
18.55616700
15.02250000
18.50637500
14.74120800
18.83745800
14.42587500
18.43962500
14.99908400
18.60391600
14.70291700
18.76854200
14.64170800
19.38066700
14.14458300
18.78041700
14.58029100
19.23204200
13.91379200
19.69279100
13.94066700
19.61641700
13.67333300
19.68170800
13.86220900
19.72387500
13.61345800
19.55716700
13.77229100
19.79425000
13.61375000
19.92654200
13.57020800
19.52125000
13.76241700
20.10825000
13.12158300
19.79216700
13.55204200
19.45758300
13.88575000
19.63229200
13.75991600
19.82362500
13.29641700
19.48150000
14.18583300
19.25158400
14.04137500
19.31058300
14.06670800
19.36462500
14.00454200
19.18700000
14.20895800
19.12033400
14.35145800
18.54108300
14.76812500
18.59891700
14.72158300
18.46837500
14.91816700
18.91883300
14.27333400
19.32204100
14.11916700
19.75266700
13.47216600
19.61433400
13.83375000
19.41787500
13.94704100
19.92687500
13.54287500
19.70154200
13.62912500
19.56004200
13.59012500
20.04400000
13.60912500
20.07454100
13.10741700
19.71083300
13.93562500
19.64083400
13.64125000
19.74725000
13.40487500
19.72350000
14.00925000
20.01845800
13.31520800
19.79537500
13.52029200
20.00662500
13.42358300
18.37370900
15.08620800
18.06470800
15.06875000
17.82070900
15.81737500
17.70866600
15.60720900
17.85304100
15.34362500
17.85675000
15.62208400
17.67445800
15.64033300
17.91137500
15.46391700
17.95487500
15.45529200
17.79541600
15.41033400
18.15933300
15.30445800
17.96945900
15.31000000
18.20025000
15.19750000
18.51983300
14.67825000
18.21658300
15.41450000
18.00516700
15.32125000
18.03404200
15.37416600
17.81425000
16.00708400
18.39391600
14.30608400
18.40887500
15.27245800
18.71979200
14.69366600
19.06337500
14.12533400
18.58345800
14.93816700
18.63520800
14.92837500
18.56604200
14.27854100
18.23045900
15.40941600
18.36054200
14.90054200
18.07583300
15.29383300
17.93395900
15.38270800
18.06900000
15.26116700
18.07454100
15.37254200
17.86966700
15.39995800
18.22512500
15.31104200
18.23533300
14.82504200
18.11654100
15.41737500
18.20579200
15.17241700
18.28595800
14.91554200
18.09112500
15.39158300
18.13770800
15.39000000
18.10233400
15.30041600
18.07962500
14.93700000
18.10395900
15.33095800
18.22133300
15.30366700
18.06162500
15.22708300
18.24675000
15.13641700
18.87079200
14.64604100
18.81037500
14.34204200
19.00100000
14.79695800
18.82683400
14.20779100
18.87879200
14.63516700
19.16591600
13.96833400
19.74650000
13.81475000
19.59650000
13.64545800
19.86791700
13.79166600
19.83529200
13.35537500
19.37337500
13.97191700
19.55400000
13.67775000
20.16737500
13.46750000
19.78412500
13.42345800
19.27929200
14.11841600
19.60875000
13.88875000
20.20808400
13.17154100
19.99225000
13.66462500
22.24991700
10.69129200
19.96754100
13.27379200
20.49758300
12.97704200
20.63483300
12.86850000
19.75275000
13.52000000
19.24345900
13.99270800
19.69479200
13.85200000
18.95729100
14.28912500
18.74670900
14.56883300
18.48850000
14.78220800
18.16483400
15.35629100
17.98187500
15.29525000
17.91108400
15.61950000
17.96712500
15.34687500
17.73187500
15.54179100
17.78137500
15.74808400
17.73970800
15.55887500
17.66079200
15.85041600
18.74516700
14.49845800
18.20662500
15.39008400
19.19975000
14.22795800
17.95979200
15.13354100
18.14504200
15.51208300
18.08550000
14.98462500
18.10404200
15.23887500
18.03387500
15.42050000
17.81525000
15.29983300
17.71154200
15.44754200
18.25683300
15.13458300
18.45991700
15.06316700
18.27591600
15.07275000
18.27762500
14.89779200
18.17016700
15.38516600
17.99437500
15.32020900
18.31787500
14.95929100
18.16254200
15.35083300
18.43387500
14.73095900
18.80808300
14.92220800
18.82766700
14.44925000
18.29625000
14.96520800
18.48825000
14.95420900
18.21966600
15.10887500
18.04233400
15.37525000
18.23091600
15.18850000
18.75408400
14.64683300
18.65100000
14.63550000
18.31458300
14.96979200
18.75712500
14.74333300
18.89658400
14.45766600
18.53712500
14.58541700
19.09804200
14.60054100
18.75120900
14.54625000
18.75041600
14.64391700
17.77254200
15.62387500
18.07558300
15.25420800
18.13262500
15.19220900
18.18416600
15.27179200
18.25437500
15.15170800
18.11608400
15.13125000
18.28020800
15.10870800
18.27766700
15.35908300
18.74237500
14.59083400
19.49554100
13.68037500
18.39370900
14.99412500
18.25579100
15.13395900
18.45287500
14.84687500
18.44579100
15.11300000
18.35466700
14.91454200
18.22245800
15.15525000
18.36654200
15.04733300
18.60679200
14.59012500
18.46670800
15.09520800
18.29225000
14.96762500
18.22854200
15.20762500
18.21995800
14.95570900
18.33320800
14.95354200
18.26725000
15.15275000
18.49766600
14.61450000
18.52616700
15.14654200
18.19466600
15.01858400
18.91804100
14.33045900
18.73675000
14.86225000
18.66066600
14.77770900
18.89125000
14.30816600
18.72837500
14.44337500
18.68812500
14.79895900
18.59566600
14.85875000
18.80929200
14.76250000
19.32158300
13.94641700
20.42233300
19.09695900
10.35400000
18.74020800
14.75383300
19.08554200
14.51404200
18.90383300
14.38941700
18.70691600
14.40983400
18.48887500
15.00716600
18.35420900
14.99187500
18.32358300
15.05487500
17.96379200
15.14150000
18.04220800
15.56658300
18.07362500
15.34908400
17.79458300
15.29750000
17.97858300
15.63195900
18.57720800
14.77829200
19.12120800
14.06812500
19.28170800
14.37658400
17.94133300
15.44458300
17.86158400
15.40908300
17.63879200
15.82858300
17.76212500
15.58620800
17.54429200
15.79120800
17.63691700
15.49641700
17.53129100
16.02629200
17.69941700
15.46466600
17.71537500
15.68429200
17.49541700
16.09416600
17.49570900
15.87775000
17.80108300
15.61375000
17.70679200
15.46562500
17.15558300
16.08837500
17.17604200
16.29162500
17.01983300
16.35125000
16.74983300
16.93820900
17.09470800
16.26525000
17.06725000
16.25720800
17.05266700
16.29920800
16.91987500
16.41100000
16.70008400
16.66600000
16.66275000
16.77270800
16.69754200
16.37970800
16.63891700
16.82062500
16.55745800
16.77808300
16.39745900
16.96808300
16.70220800
16.68416700
16.56237500
16.76337500
16.45545800
16.92283400
16.24125000
17.24229100
15.94504200
17.29320800
15.91741700
17.68058300
16.14108400
17.15858300
15.93770800
17.50116700
16.00995800
17.45891700
16.67691700
16.57950000
16.09195800
17.26675000
15.98675000
17.26612500
16.42070800
17.06287500
16.80108400
16.47016600
17.35241700
16.03958300
17.97462500
15.08987500
18.42733400
15.21283300
18.19745800
15.12495900
18.07841600
15.36787500
16.64670900
16.62754100
17.53375000
15.60300000
17.52558400
15.91925000
17.49812500
16.06637500
17.16466600
16.12366700
16.95700000
16.32837500
16.95295800
16.59966700
17.16916700
16.03216600
16.60300000
16.86350000
16.29425000
17.17900000
15.67970900
17.51775000
15.84966600
17.50058400
15.85812500
17.63025000
15.74816600
17.67562500
15.68200000
17.43762500
15.91679200
17.72195800
15.65770900
17.68029100
16.69400000
16.32804200
17.61191700
16.18845800
18.33362500
14.67987500
18.67729200
14.68583300
18.74658300
14.60358400
18.66483300
14.67608300
18.83108400
14.72225000
18.59241600
14.80912500
18.75554200
14.61629200
18.55058300
14.76933300
18.43712500
14.66483400
18.71525000
14.93833300
18.68450000
14.46137500
18.71504200
14.79316600
18.83437500
14.66441700
18.65029200
14.42504100
18.59875000
14.93862500
18.76525000
14.73604200
18.69829200
14.43045800
18.46550000
14.93004200
18.69295800
14.83575000
18.59391700
14.82912500
18.59795800
14.60154200
18.60379100
14.82925000
18.74500000
14.56162500
18.85075000
14.72512500
19.81958400
13.49450000
18.58050000
14.63245800
18.50987500
14.62466700
18.42516600
15.34258400
18.71104100
14.54641700
18.87900000
14.71854200
18.64104100
14.37558400
18.65125000
14.84412500
18.57733300
14.63920800
18.77891700
14.57504200
18.39333300
15.11483300
18.19375000
15.18145900
18.12587500
15.18366600
18.37475000
15.00150000
16.82575000
16.68345900
16.83416600
16.43816700
17.13929200
16.21283300
17.14591700
16.24745800
17.03037500
16.03670800
17.62520900
15.99666600
17.52654200
15.73391700
17.55316600
15.86083400
17.84675000
15.60533300
18.21458300
15.13670900
17.88375000
15.40783300
18.10083300
15.37295900
17.70475000
15.63062500
17.88420800
15.38770800
18.47408400
15.02641600
18.32195900
15.02945800
18.31945800
15.03433400
17.81616600
15.61833400
17.40700000
15.87395800
18.20533300
15.21154200
17.17375000
16.31912500
17.69429200
15.77191600
18.73916700
14.29525000
19.39704200
13.79670800
19.01595800
14.58716700
19.40908300
14.00045900
18.69070800
14.50287500
19.28937500
14.20887500
18.78850000
14.63954200
18.49237500
14.51920800
18.87520800
14.63970900
18.48491600
15.07116700
18.70633300
14.37225000
18.11304200
15.50708300
18.60308400
14.75925000
18.80054100
14.49637500
19.44104200
13.96816700
19.22687500
14.12141600
19.29758400
14.03075000
18.88770800
14.55729200
18.57795800
14.80275000
19.44262500
13.90029200
19.56595800
13.84925000
19.06133300
14.23879200
19.36025000
14.24012500
18.89408300
14.28587500
19.24545900
14.27816600
18.79166700
14.42591700
18.92116600
14.55495900
18.82954100
14.50687500
19.25770900
14.21758300
18.79633300
14.45358400
19.19850000
14.03408300
19.11262500
14.67075000
19.46112500
13.51450000
19.31116700
14.15879100
19.25800000
14.31462500
18.99800000
14.10700000
19.52791700
13.88141700
18.97408300
14.33679200
19.02429100
14.17675000
19.11545900
14.57016600
19.04208400
14.34033300
18.80537500
14.42116700
18.99354100
14.42829200
18.99495800
14.38675000
18.81387500
14.45454200
19.11679200
14.41470800
18.99633300
14.20037500
19.12191700
14.25566700
19.18908300
14.13666700
18.27133300
14.98516700
17.90591600
15.43550000
17.86041700
15.68408300
17.84991700
15.51758300
17.70041700
15.65420800
18.11370900
15.22837500
17.93395800
15.30516700
18.09700000
15.56766600
17.98466700
15.31333300
18.26570900
15.16216600
17.96604200
15.37816700
18.48145800
14.65300000
18.30966700
15.08537500
19.06395800
14.54520800
18.53445900
14.68391600
18.97237500
14.47995900
18.70425000
14.65116600
19.23145900
14.21808300
19.05179200
14.17937500
18.68720800
14.64879200
18.34154100
14.97879200
18.20820800
15.22025000
18.28275000
14.88608400
18.20654100
15.17612500
19.31566700
14.07212500
19.63483300
14.04670900
19.72966600
13.55008400
19.26787500
13.74333300
19.36225000
14.14500000
19.80729200
13.62195800
20.03166700
13.54004100
21.97300000
11.33641700
20.66433300
12.68504200
21.27437500
12.15237500
21.09308300
12.21087500
22.44254200
10.93604200
21.17483300
12.08679200
20.16725000
13.13508300
23.74775000
9.69704200
21.08916600
12.43400000
21.52625000
12.01091700
21.86520800
11.42020900
20.50612500
12.70820800
96.89725000
7.26008300
37.71525000
5.89641700
20.85158300
6.38320900
20.98504100
6.23837500
18.41925000
5.87641700
18.43737500
5.85000000
17.76354200
5.91795800
18.87912500
6.52020800
17.69650000
5.74366700
19.36583300
5.88354200
26.59229200
12.51445800
21.90754200
12.92720800
28.21708300
7.82137500
27.14150000
6.84625000
19.39379200
6.55750000
18.03870800
6.08787500
17.88691700
6.51637500
17.92570800
15.75170900
18.00350000
16.19183300
17.82450000
14.80550000
17.73162500
15.39962500
17.66283300
15.83633400
17.99370800
15.20350000
17.76679200
15.64245800
18.15104200
15.05808300
18.13525000
15.53550000
19.45116700
13.68908300
19.52570800
13.69650000
19.71450000
13.80495900
19.96895800
13.60808300
20.19445900
13.27779100
20.03662500
13.08308400
19.41625000
14.00054100
20.22429200
13.71283300
20.28962500
12.52545900
20.61808300
12.70258300
19.82245900
13.59104100
20.26412500
13.41541700
19.98545800
13.00687500
19.63366700
13.92720800
20.57045900
12.82741600
19.82008400
13.82175000
20.99325000
12.24466600
20.36787500
15.31841700
35.52179200
10.99579100
34.22783400
9.85841600
25.26170900
8.13320800
23.83370800
7.52816700
27.11033300
7.40120900
24.90991600
6.96370900
22.06716600
6.11516700
20.84925000
5.72283300
20.03912500
5.99179200
20.36712500
7.91787500
19.86837500
13.59004200
19.31166600
14.03366700
19.25045800
13.94637500
19.95562500
13.43900000
19.50629200
13.93958300
19.65108400
13.82670800
19.38083300
13.80962500
18.95283400
14.53575000
19.42941600
14.02295900
19.10983300
14.19233300
19.40150000
14.06283400
19.41975000
13.92562500
20.04491600
13.58062500
15.53129200
17.69570800
15.65254200
17.82104200
15.54887500
18.07166600
15.31287500
18.03266700
15.33333300
17.94854200
15.54729200
17.77462500
15.46908300
17.78333300
15.54625000
17.65370900
15.71329100
17.84712500
15.52800000
17.82170900
15.54675000
17.56329100
15.79575000
17.65058400
15.72837500
17.76991600
15.60975000
17.82354200
15.53150000
18.28820800
15.07358400
17.97766600
15.42075000
17.69204200
15.63566700
17.98754100
15.39341700
17.86633300
15.48995900
17.65937500
15.71158300
17.79283300
15.58720900
17.76658300
15.58666700
17.84970800
15.50891700
17.62320800
15.75154200
18.02291600
15.34270900
17.81341600
15.55658400
17.67637500
15.69470800
17.55254200
17.92091600
15.51958400
18.40254100
14.75708400
18.91654100
14.62104200
19.17391700
14.04208300
19.49420800
13.97016700
19.33954200
14.05550000
19.47000000
13.68716600
19.85895900
13.70020800
20.09158300
13.31191700
20.28600000
13.38800000
20.62254200
12.53833300
20.15754200
12.88012500
18.63516600
14.98179200
19.15270800
13.88383400
19.59316600
14.02158400
19.67970800
13.72629200
20.09016600
13.50145900
20.19050000
13.07750000
19.86941600
13.40729200
19.72212500
13.66325000
19.66483300
13.70537500
19.72237500
14.04537500
19.84612500
13.24870900
19.38462500
14.11150000
19.25275000
14.00020800
18.53466700
14.58545800
18.10512500
16.07025000
20.15954200
12.78583300
18.57120800
14.94783400
20.13875000
13.18379100
19.45795900
13.61800000
17.51020800
15.64175000
17.11441700
16.41000000
17.12758300
16.27054200
17.51225000
16.02645800
17.23975000
15.93658300
16.67541700
16.79729200
16.32225000
16.94295800
16.36483300
16.98237500
16.83408400
16.66733300
16.42566700
16.85383300
16.61616700
16.60854100
16.25033400
17.46129100
16.22283400
17.06104100
16.03812500
17.16562500
16.39425000
17.34816700
16.08558300
17.40225000
16.68370900
16.65520800
16.17862500
16.90429200
16.74850000
16.43116600
16.18379200
17.43545800
16.23733400
16.92083300
16.58120800
16.85958400
16.73741600
16.47416700
16.44204200
16.64633300
16.50670800
17.09891700
16.60995800
16.76795900
16.73133300
16.34554200
17.01404100
16.63170900
17.25916600
16.14475000
17.24204200
15.90087500
17.46595800
16.19541700
17.45712500
15.66141700
17.36970800
16.17750000
17.20291700
16.11825000
17.91958300
15.61883300
17.48012500
15.46679200
17.15725000
16.44650000
16.89479200
16.50350000
16.76987500
16.36062500
16.93841600
16.75691700
16.53141700
16.63070800
16.27875000
17.20683300
16.45966700
16.97250000
16.31266700
16.96162500
16.51125000
16.74879100
16.75008400
16.92408300
17.74058300
15.46716700
16.98133300
16.63516700
17.31254200
16.14058300
16.80587500
16.16150000
16.48879200
17.09466600
16.79979200
16.26733300
16.98291700
16.43825000
16.98320800
16.77533400
17.35512500
15.95083300
17.73062500
15.44758300
17.05583400
16.31520800
16.57687500
16.56266700
17.23033300
16.18170800
16.68312500
16.66720900
16.33379100
17.15008400
16.32416600
16.92025000
16.41791700
17.23229200
16.33391600
16.69858400
16.66695800
17.17045800
18.55170900
14.73483300
18.06158300
15.18079200
17.06995800
16.10566700
17.10350000
16.48804200
16.93570800
16.45579200
16.96579100
16.34466700
16.90275000
16.44095800
17.05791700
16.01554200
16.74987500
16.85983300
17.27841700
16.12645800
17.22308300
16.22320900
16.88841600
16.15779200
16.06095800
17.48020900
17.18208300
16.27570800
17.08029200
16.18191700
17.48241600
16.02362500
17.98120900
15.41333300
17.49529200
15.40437500
18.00212500
15.62558300
17.79304200
15.64800000
17.64766600
15.63570900
17.73558300
15.64237500
17.60520800
14.87120900
20.38787500
13.79220800
18.68554200
14.64508300
18.41625000
14.68150000
18.37100000
15.12495800
18.41554200
15.07437500
18.50841700
14.78937500
18.32783300
14.83245800
18.43266700
15.06087500
18.53433300
14.90033400
18.49900000
14.69095800
18.42595800
14.94679200
18.54475000
14.79066700
18.44387500
15.01304100
18.42750000
14.77687500
18.41916700
15.03625000
18.50200000
14.84279200
18.46666600
14.80745900
18.56583300
14.90904200
18.77962500
14.55516600
18.52354200
14.74691700
18.61891600
14.82512500
19.00291700
14.38075000
19.24541700
14.05558300
19.89816700
13.76941600
18.96600000
14.14383400
19.14920800
14.07591700
19.20266600
14.32337500
19.13712500
14.17941700
18.99433300
14.19704200
19.21200000
14.24983300
19.50908400
13.90837500
19.05062500
14.16320800
19.33866700
14.09945800
19.26291700
14.14004100
19.54675000
13.71379200
19.46779200
13.86195800
19.33600000
14.06516700
19.50095800
13.78766700
19.26925000
14.05362500
19.75250000
13.64729100
19.48987500
13.84483400
19.37283300
13.94841700
19.83204100
13.57762500
19.48025000
13.84854200
19.39783300
13.90841700
19.50612500
13.92104200
19.59575000
13.74279100
19.51337500
13.83225000
19.18525000
20.44400000
10.41354200
16.70429200
19.82645800
13.51870800
19.57858400
13.78279100
19.60537500
20.25950000
10.29458400
19.66708300
13.59662500
19.57550000
13.79104200
19.66833300
13.69437500
19.51616700
13.85487500
19.77245800
13.59262500
19.59133300
13.77120900
19.52341600
13.86550000
20.09033400
13.25862500
19.61170800
13.75600000
19.81462500
13.55366700
19.60012500
13.76745800
19.67412500
13.68837500
19.58825000
13.78070800
19.27200000
14.09266700
19.35358300
14.01612500
19.40141700
13.96654200
19.45733300
13.91187500
19.21258300
14.14525000
19.48045900
13.89183300
19.37866700
13.98591600
19.20158400
14.16191600
19.71554200
13.65245800
19.58212500
13.78525000
19.25841700
14.10975000
19.64641700
13.71875000
19.25241600
14.11783400
19.19941600
14.16829200
19.55770800
13.80287500
19.37591700
13.99358300
19.33491700
14.04216700
19.39037500
13.96954100
19.34325000
14.01800000
19.18241700
14.18425000
19.13666700
14.22833300
19.37825000
14.00087500
19.33587500
14.02608300
19.47325000
13.89562500
19.31950000
14.03870900
19.28458300
14.08354200
19.13287500
14.23791600
19.30891700
14.06175000
19.67129200
13.69725000
19.20612500
14.15437500
19.45579100
13.90604200
19.70862500
13.66158300
19.54387500
13.81950000
19.25258400
14.11541600
19.32800000
14.03683400
19.10579100
14.26737500
19.12875000
14.23145900
19.23237500
14.13400000
19.21641600
14.15162500
19.09416700
14.26858300
19.18775000
14.18195900
19.78204100
13.58750000
19.19245900
14.17125000
19.33454100
14.03491700
19.25216700
14.11312500
19.43279100
13.93175000
19.21562500
14.16500000
19.66620900
13.68991600
19.28591700
14.07683300
19.29633400
14.07362500
19.30654100
14.06020900
19.50629100
13.86091700
19.36920800
13.99654200
19.24966700
14.12516600
19.41029200
13.94941700
19.18362500
14.18225000
19.07975000
14.28437500
19.48700000
13.88170800
19.27366700
14.09620800
19.14083300
14.22312500
19.13337500
14.22958400
19.14004100
14.23095900
19.06125000
14.30241600
19.07116700
14.29858300
19.22533400
14.14650000
19.14466600
14.21066700
19.08141700
14.28545800
19.20666700
14.17262500
20.06212500
14.24050000
18.78245800
14.34812500
18.90116700
14.55175000
18.93554100
14.20737500
18.53337500
15.08895900
18.99329100
14.35195900
18.59187500
14.54358300
18.59529200
14.92266600
18.45487500
15.12416700
19.00333300
14.21862500
18.60450000
14.62691700
18.53520800
14.68612500
18.69941700
14.97487500
18.81729200
14.53458300
18.83887500
14.49716700
19.18462500
14.24829100
18.72750000
14.36725000
18.54779200
14.77516700
18.62816600
15.07070900
18.69087500
14.59620800
18.70908300
14.69045900
18.90787500
14.39895800
18.51891700
14.94187500
18.59445800
14.42216700
18.89375000
14.52991600
18.76366700
14.75579200
18.58800000
14.87583300
18.84825000
14.46600000
18.66941700
14.68283300
18.59704200
14.72187500
18.68620800
14.73012500
18.62529200
14.75987500
18.80933300
14.44950000
18.95208300
14.34529200
18.57766700
14.96912500
39.15162500
6.06995800
18.75045800
5.58195900
18.71420800
11.62045800
18.57020900
15.15937500
18.85479100
14.13041700
18.84600000
14.61770800
18.53133400
14.96808300
18.45933300
14.93487500
18.73929200
14.50733300
18.68600000
14.58633400
19.07970800
14.59341700
18.88558300
14.43975000
18.68062500
14.64625000
18.72387500
14.55408300
18.60066700
14.85520800
18.69362500
14.50079200
18.50012500
14.78541700
18.84533300
14.56633300
18.48675000
15.08495900
18.45125000
14.62100000
18.58520800
14.86945800
18.54366700
15.04604200
18.68050000
14.64895800
18.46050000
14.77337500
18.72391700
14.79795800
18.65308300
14.73162500
18.46837500
14.79791700
18.45620800
14.95787500
20.18479200
13.21495800
20.07366700
49.66150000
34.42008300
6.60633400
20.19875000
6.72629100
19.94958400
5.73354100
18.73870900
5.70158300
18.51795800
5.66191700
18.51129200
5.55154100
18.57004200
12.29841700
18.50987500
14.78354100
20.15716700
13.24870800
18.46458400
14.99866600
18.89829200
14.49054200
18.71650000
14.52954100
18.84108400
14.38404100
18.45245900
15.12541600
18.40516700
14.89575000
18.58770800
14.81725000
18.47395900
14.71241600
18.36204200
14.91741700
18.47362500
15.16437500
18.28629100
14.96004200
18.36008300
15.09620900
18.28287500
15.20958300
18.48920800
14.80845900
18.37500000
14.84758300
18.32833300
14.91433400
18.39133300
15.20466700
18.42200000
14.94475000
18.47570800
14.79941700
18.72783300
14.74466700
18.43095800
14.93541700
18.21650000
15.09662500
18.48925000
14.71829100
18.46175000
15.10100000
21.60654200
11.82620800
19.27345900
14.07629100
19.47941700
14.00529200
22.27270800
10.67645800
18.52379200
15.09445800
18.60800000
14.74491700
18.31833300
15.03179200
18.92608300
14.55370900
18.50433300
14.79650000
18.32995800
14.79329200
18.26412500
15.24762500
18.37237500
15.13066700
18.36795800
14.97379200
18.22837500
15.12195800
18.44704200
14.92758300
18.14050000
15.22683300
18.15512500
15.25462500
18.21091700
14.89766700
18.18716600
15.39245900
18.27470800
15.14170800
18.51633400
14.77929100
18.28287500
15.08612500
18.18883400
15.00525000
18.26654100
15.26783400
18.25545800
15.18191700
18.49300000
14.72387500
18.33312500
15.14020800
18.26241700
15.12620800
18.30137500
14.94895800
18.61354200
14.85104200
19.04975000
14.32733300
18.43287500
14.88466700
18.39104100
15.09350000
18.25462500
15.07912500
18.31020900
14.91237500
18.35104100
15.00808400
18.32612500
15.14033300
18.48150000
15.00370800
18.49395900
14.60129100
18.64654200
15.11212500
18.34958300
14.11987500
16.54483400
16.68633300
16.67483300
16.69641700
16.69062500
16.66375000
16.68187500
16.68391700
16.69150000
16.68575000
16.67075000
16.68987500
16.67841600
16.68133400
16.68200000
16.68795800
16.71237500
16.65350000
16.68900000
16.67862500
16.68812500
16.67562500
16.68441700
16.68183300
16.68341700
16.68570800
16.68225000
16.68604200
16.68350000
16.68137500
16.68175000
16.68925000
18.47679100
14.88725000
16.68979200
18.11937500
15.24083300
16.68091700
16.94545800
16.42625000
16.68125000
16.68254200
16.68187500
16.68275000
18.12437500
15.24266700
16.68483300
17.67958300
15.68566700
16.68341700
16.68662500
17.90825000
15.48941600
17.83187500
15.51208400
16.67575000
16.68079100
18.24404200
15.11987500
18.34329200
15.02487500
16.71733300
16.65633300
18.69279200
14.66625000
16.68650000
16.70283300
19.04687500
14.30879200
16.67225000
16.68158300
16.68512500
16.73904200
17.75995800
15.55000000
16.69150000
16.67854200
16.68070800
16.71395900
16.65104100
16.71100000
16.68554200
16.66375000
16.69475000
17.73950000
15.60933300
16.68195900
16.72650000
16.64045800
18.69979200
14.66337500
16.68266600
18.26587500
15.10945900
16.67645800
16.68512500
18.30650000
15.06350000
16.88366700
16.48133300
16.68341700
16.68445800
16.68058300
16.68566700
16.68225000
18.06254200
15.29908300
16.69220800
16.67770900
18.00466600
15.35933400
16.68833300
16.68645800
18.42920900
14.93041600
16.68541700
16.68408300
18.47966700
14.88833300
16.67929200
18.06020800
15.31612500
16.67866700
16.68066700
18.22120800
15.14629200
16.68304100
16.68112500
16.68304200
16.71808300
18.54716700
14.78733300
16.68191700
18.36466700
15.00154100
16.68875000
16.68758400
16.67520800
17.93670800
15.42979200
16.68441700
16.68125000
18.30933300
15.05504200
16.68237500
16.68775000
16.72445800
18.05295800
15.27087500
16.68462500
16.68129200
16.68250000
19.29679200
14.08520800
16.67712500
16.67483300
16.68116700
18.50620800
14.89220900
16.65733300
16.68766700
16.68187500
18.34408300
15.02804200
18.07829100
15.28587500
16.67304200
16.77325000
16.61779200
16.66466600
16.70504200
16.67175000
17.57791700
15.82179100
16.63895900
16.67929100
16.70070900
16.66725000
16.70262500
16.67033300
16.67525000
16.71270800
16.65812500
16.70587500
16.66258400
18.61425000
16.16341600
15.27041700
16.68008300
16.68762500
18.13220900
15.23687500
16.68808300
16.67512500
16.68716700
16.68145800
16.68133300
17.77191700
15.59325000
17.91750000
15.45125000
16.68154200
18.85762500
14.50866600
16.68491700
16.67954200
16.68708300
16.67945800
16.69070900
16.67795800
16.68391700
17.40395800
15.96312500
18.40841700
16.78491600
14.85687500
16.68375000
16.68233400
16.69083300
18.08258300
15.29895900
16.66483300
16.68066700
16.67870800
16.69266700
16.67966600
16.68070900
16.81545800
16.55345800
18.47133400
16.39766600
15.17591700
16.73116700
16.64037500
16.68212500
16.68387500
16.69050000
18.08179100
15.28004200
17.91550000
15.44441700
18.14029100
15.22991700
18.23475000
15.13070800
16.68558400
17.74758300
15.61583300
16.68258400
16.68287500
17.89470800
15.47320800
16.68645900
28.12691600
5.25900000
16.67937500
16.67012500
16.68504200
16.67650000
16.68387500
16.68183300
16.68320900
18.75329100
14.61637500
16.68641700
16.70233300
18.37783400
16.46504100
15.18604200
16.68537500
16.68116700
18.23812500
15.18716600
16.62312500
16.68812500
17.32866700
16.03012500
16.68237500
16.69625000
16.68550000
18.40991700
14.94691600
16.68804200
16.67937500
18.69320800
15.33779200
18.50662500
14.19804200
16.67762500
18.39437500
14.97279100
16.68375000
16.69700000
16.67208400
16.67858300
16.68429200
16.69075000
18.45262500
14.91545800
16.67883300
16.67900000
16.68866700
16.68095800
16.82250000
17.87379200
15.35250000
16.68112500
17.57575000
15.79495800
16.68279200
16.68195800
16.68150000
16.68550000
16.69816700
16.66970800
16.67895900
16.69120800
16.67612500
16.68370800
16.68695900
17.52745800
15.83458300
16.68791700
16.67745800
16.68520900
18.55179100
15.98275000
17.28858400
15.61212500
17.78762500
16.31333300
15.24666700
16.68375000
16.68158300
17.14200000
16.22845800
16.68587500
16.68083400
18.49954100
14.91037500
16.73054200
17.90200000
15.38708300
18.15779200
15.19945800
18.33379200
15.02879200
16.69412500
16.68920800
16.66854200
16.68383300
18.54820800
14.82441700
16.67741700
16.68854100
16.67533400
18.30633300
15.06295800
16.69408400
16.66666600
16.68920900
18.18141600
15.18008400
16.68600000
16.68233300
16.68229200
16.68495800
16.68320800
16.68333400
17.28695800
16.08125000
16.68154200
16.68287500
16.68312500
18.22079100
15.14745900
16.68379100
16.68487500
16.68375000
16.68258400
18.42887500
16.50283300
15.11937500
16.68466700
16.68470800
16.67983300
16.68112500
16.69462500
16.67491700
16.69112500
18.12662500
15.22862500
18.16783300
15.19875000
16.68225000
16.68370900
16.73508300
16.63679200
16.68937500
16.69091600
16.67433400
16.68525000
18.60166600
15.64216700
15.79912500
16.68341700
18.28433300
16.66866700
15.09341600
16.68466700
16.68058300
16.72337500
16.65845900
16.67666600
16.67991700
17.54004200
15.83025000
16.68225000
16.68362500
16.68087500
16.69075000
16.68266600
18.45791700
14.90841700
16.68083300
16.67650000
16.68479200
16.68291600
16.67966700
18.43229200
16.30029100
15.32212500
16.68208400
17.52295800
15.84320800
16.68337500
18.47908400
14.89066600
16.67858400
16.68687500
18.72691600
16.15479200
15.16670800
17.12700000
16.24250000
16.67783400
16.68862500
16.69008300
18.15608300
15.25316700
16.82837500
16.49283300
16.68058400
16.67804100
3055.31537500
14.92804200
16.30395800
16.64050000
16.81766700
16.65754200
16.78725000
16.65512500
16.57020800
16.81925000
16.66020800
16.47050000
16.78258400
16.81420800
16.64379200
16.62600000
16.72100000
16.62237500
16.73637500
16.64137500
16.70925000
16.59137500
17.01129100
16.25804200
16.76925000
16.59087500
16.81866700
16.73491600
16.70025000
16.61558400
16.70304100
16.70754200
16.62908300
16.69420900
16.76737500
16.61183300
16.66754200
16.72783300
16.62629200
16.68833300
16.79395800
16.69433400
16.70983300
16.45366700
16.77933300
16.77291700
16.64604100
16.74208400
16.46675000
16.81291600
16.61466700
16.71529200
16.75870800
16.61775000
16.65925000
16.65145800
16.72420900
16.68037500
16.69579100
16.65883400
16.75866600
16.62895900
16.79395800
16.73341700
16.50941600
16.72279200
16.77054200
16.53429100
16.80950000
16.47220900
16.69075000
16.83270800
16.64325000
16.67041700
16.68954100
16.66333400
16.73216600
16.71025000
16.68512500
16.59733400
16.72895800
16.71720800
16.73120900
16.59079100
16.72062500
16.68158400
16.73750000
16.71112500
16.44366600
16.81170900
16.75466600
16.69058400
16.60145800
16.55570800
16.81875000
16.63850000
16.71054200
16.68004200
16.76837500
16.59991600
16.70191700
16.54625000
16.77925000
16.66808300
16.81625000
16.59983400
16.75533300
16.62641700
16.69695800
16.74129200
16.58745800
16.82729200
16.48383300
16.90125000
16.58833300
16.65604200
16.74862500
16.61937500
17.42858300
15.98804200
16.64375000
16.71962500
16.69245800
16.65408400
16.50895800
16.93025000
16.65170800
16.64175000
16.49850000
16.86491700
16.66525000
16.73687500
16.66629200
16.56441600
16.80016700
16.76441700
16.64425000
16.66587500
16.58895800
16.72166700
16.51995800
16.79720800
16.76558400
16.63616600
16.74812500
16.55416700
16.75700000
16.67295800
16.62975000
16.72820900
16.54550000
16.81404100
16.74383400
16.66529100
16.67825000
16.66120900
16.70104100
16.62320900
16.57566600
16.80758400
16.71350000
16.52875000
16.89187500
16.65179100
16.63145900
16.57016600
16.97904200
16.40383300
16.83512500
16.69958400
16.69412500
16.63966600
16.68633400
16.52408300
16.68254200
16.86854100
16.67387500
16.68145900
16.59050000
16.77233300
16.62662500
16.67945800
16.74379200
16.66379200
16.65600000
16.68375000
16.70129100
16.73537500
16.60683400
16.79125000
16.51737500
16.77766600
16.71887500
16.69875000
16.60862500
16.77525000
16.65033400
16.67025000
16.70170800
16.67525000
16.65054200
16.77229100
16.57254200
16.72720800
16.69966700
16.49554200
16.68812500
16.88400000
16.64983300
16.73575000
16.67554200
16.66966600
16.65454200
16.65729200
16.73054100
16.63075000
16.75070900
16.46679100
16.86675000
16.74962500
16.61529200
16.50783300
16.90750000
16.68587500
16.44795900
16.90541600
16.65791700
16.68816700
16.70008300
16.62458300
16.74333400
16.75050000
16.40462500
16.87441600
16.70258400
16.65270800
16.73645800
16.65629200
16.67304200
16.48208300
16.92895800
16.67329200
16.45295800
16.71387500
16.86562500
16.70100000
16.66279200
16.68883300
16.56208400
16.78879100
16.66008400
16.78933300
16.64270800
16.44308400
16.88687500
16.86787500
16.28958300
16.88029200
16.55512500
16.67287500
16.81950000
16.50150000
16.83691600
16.51529200
16.81333300
16.55770900
16.79925000
16.74704100
16.65216700
16.68820800
16.69287500
16.65208400
16.79616600
16.55670900
16.71933300
16.75412500
16.64133300
16.65879200
16.79429200
16.53000000
16.71091600
16.72204200
16.64966700
16.69695800
16.74220800
16.61641700
16.67320800
16.53804200
16.85820800
16.50529200
16.68370800
16.91362500
16.65704200
16.71237500
16.66420800
16.65350000
16.84191700
16.87433300
16.34841700
16.63787500
16.53745800
17.02870900
16.41329100
16.74395900
16.75729100
16.51233400
16.84620800
16.47845800
16.85087500
16.72329200
16.65629200
16.68908300
16.71862500
16.47604200
16.88108300
16.88875000
16.31420800
16.68016700
16.68408300
16.80700000
16.73191700
16.63929200
16.64716600
16.67745900
16.68179100
16.79125000
16.62091700
16.66691700
16.76466600
16.63750000
16.63175000
16.75575000
16.65012500
16.71441700
16.53779200
16.75479100
16.53804200
16.77754200
16.58933300
16.94108300
16.72591700
16.48541700
16.59150000
16.84750000
16.61454100
16.66958400
16.71370800
16.68233300
16.56345900
16.81220800
16.55941700
16.87158300
16.49754200
16.89516600
16.48225000
16.87933400
16.78454100
16.53533400
16.66312500
16.64075000
16.74604100
16.80341700
16.57604200
16.66950000
16.62575000
16.69975000
16.74483300
16.60458300
16.74887500
16.50954200
16.86691700
16.50212500
16.92837500
16.55454100
16.75141700
16.98075000
16.34091700
16.69208300
16.73970800
16.47979200
16.83700000
16.72375000
16.58975000
16.58716700
16.71958300
17.00950000
16.56737500
16.71987500
16.66033300
16.41720900
16.78558300
17.04329200
16.46187500
16.64979100
16.90262500
16.47500000
16.71395900
16.65979100
16.70475000
16.70629200
16.62495800
16.47120900
16.87820800
16.68762500
16.47787500
16.92304200
16.63154100
16.70966700
16.67291700
16.49050000
16.87225000
16.72070800
16.65679200
16.68679100
16.70270900
16.63416600
16.60150000
16.76829200
16.74350000
16.65662500
16.65420800
17.35925000
16.17200000
17.93050000
19.43608400
13.19308300
16.33379200
16.45320800
16.73262500
16.58075000
16.74850000
16.73329200
16.35383300
16.68941700
16.96112500
16.87075000
16.47020800
16.72291700
16.64112500
16.66366600
16.65158400
16.74533300
16.59700000
16.68604200
16.68450000
16.96566600
16.33854200
16.55529200
16.87725000
16.77075000
16.58029100
16.99745900
16.71054100
16.88045900
16.46620800
16.62029200
16.64054100
16.71087500
16.26216700
16.93912500
16.62012500
16.59708300
16.57841700
16.85104200
16.68537500
16.71012500
16.62995800
16.67833300
16.54250000
16.85962500
17.01770900
16.19679100
17.06383400
16.49241600
16.68000000
16.73658400
16.41254100
16.96479200
16.71354200
16.76670800
16.29375000
17.56200000
15.98416700
16.50387500
17.05658300
16.70450000
16.77000000
16.61679200
16.53270800
16.68954200
16.87541600
16.50087500
16.85529200
16.53208300
16.84712500
16.30004200
16.97641700
16.74133300
16.56379200
16.40050000
16.97833300
16.66679200
16.82245800
16.24941700
17.04050000
16.61575000
16.71241600
16.76545900
16.60816600
16.71254200
16.33025000
16.85420800
16.84400000
16.75362500
16.27283400
17.05033300
16.63050000
16.68633300
16.62279200
16.73654200
16.56308300
16.84295800
16.40845900
16.90841600
16.71787500
16.66633400
16.59479100
16.68287500
16.58429200
16.84137500
17.11929200
16.18262500
45.62708300
0.07158300
21.33558400
16.21325000
17.02316600
16.49175000
16.73070900
16.73654100
17.02404200
16.21645800
17.07641700
16.33641700
16.85225000
16.68354100
16.61062500
16.93195900
16.48450000
16.38862500
16.86125000
16.72620800
16.69875000
16.63333300
16.74291700
16.36066700
16.88879100
16.63045900
16.76008300
16.54591700
16.59691600
16.94250000
16.61908400
16.77062500
16.59270800
16.75050000
16.71533300
16.61033400
16.71262500
16.43966600
16.73658400
16.93220800
16.77012500
16.50866700
16.45641600
16.95550000
16.51220900
16.78900000
16.71779100
16.45312500
17.00904200
16.34220800
16.85270900
16.51112500
16.69904100
16.83375000
16.67558400
16.66683300
16.72241700
16.80012500
16.63037500
16.66358300
16.46370800
16.86725000
16.58258400
16.87691600
16.64500000
16.67950000
16.63600000
16.50879200
16.92691700
16.92579100
16.58808400
16.27900000
16.92420800
16.61733300
16.69558400
16.68104100
16.69220900
16.66820800
16.70900000
16.65791700
16.76412500
16.83537500
16.27958300
16.97358300
16.70545900
16.51837500
16.99008300
16.64991700
16.57091600
16.69891700
16.72254200
16.58429100
16.75808400
16.69362500
16.36695800
16.97412500
16.61770800
16.87845900
16.59979100
16.65854200
16.58945800
16.73900000
16.73016700
16.50850000
16.88920800
16.58212500
16.48420900
16.92050000
16.63375000
16.64554100
16.85150000
16.57587500
16.94441700
16.79716700
16.56204100
18.60004200
14.56637500
16.82420800
16.57791700
16.84683300
16.39500000
16.68908400
16.74025000
16.56745800
16.68554200
16.75383300
16.61666700
16.80229100
16.57950000
16.94312500
16.48775000
16.74400000
16.54329200
16.68195800
16.81662500
16.62350000
16.71675000
16.62979200
16.68216700
16.79737500
16.72808300
16.54329200
16.65591600
16.85150000
16.55225000
16.70441700
16.36379200
17.03375000
16.37616600
16.92812500
16.69716700
16.63470800
16.83766700
16.32195800
16.83033400
16.74375000
16.49866600
16.78637500
16.72320900
16.51208300
16.68700000
16.89154200
16.61729100
16.80941700
16.57158300
16.69041700
16.76450000
16.89950000
16.38283300
16.72070900
16.58370800
16.77079200
16.74154100
16.68545900
16.61141600
16.65145900
16.63575000
16.86933300
16.50770800
16.69854200
16.76908300
16.64679200
16.71862500
16.68058300
16.63908400
16.68066600
16.65912500
16.68783400
16.72333300
16.80408300
16.68875000
16.64116700
16.54358300
16.78262500
16.67133400
16.75679100
16.61991700
16.43141700
17.08537500
16.60116600
16.74604200
16.57437500
17.02904200
16.34233300
16.74445800
16.52637500
16.80883400
16.69195800
16.64495800
16.58429200
16.69166700
16.99004100
16.55650000
16.76695900
16.54625000
16.70758300
16.62475000
16.81445800
16.53412500
16.68858400
16.75733300
16.33895800
16.75495900
16.90687500
16.70037500
16.88500000
16.37795800
16.56416700
16.66491600
16.81070900
16.80741600
16.71579200
16.57420800
16.64620900
16.82783300
16.69183300
16.56145900
16.93262500
16.44766600
16.43662500
16.92312500
16.79304200
16.53462500
16.75458300
16.61566700
16.82025000
16.86404200
16.41245800
16.73875000
16.75670800
16.49612500
16.81295900
16.58666600
16.87425000
16.62091700
16.68858300
16.54983400
16.71687500
16.75554100
16.56508400
16.83420800
16.59620800
16.83391700
16.73358300
16.40395900
16.82758300
16.87991700
16.45545800
16.60283300
16.69633400
16.77354100
16.65304200
16.36725000
17.07887500
16.38879200
16.85583300
16.63204200
16.64370800
16.82745800
16.60508400
16.67733300
16.67750000
16.70612500
16.42112500
16.94795800
16.42279200
16.88754200
16.48233300
16.72183300
16.85579200
16.54962500
16.80295800
16.67108400
16.79637500
16.57054100
16.67887500
16.67645900
16.74795800
16.52591700
16.81750000
16.67633300
16.72100000
16.50054200
16.92212500
16.44437500
16.71137500
16.62629100
16.83175000
16.97679200
16.47108300
16.66150000
16.64800000
17.15233400
16.22066600
16.68845900
16.64191600
16.96862500
16.41291700
16.49520800
16.92704200
16.64729200
16.68895800
16.92591700
16.40895800
16.80766700
16.58820800
16.75787500
16.70150000
16.68750000
16.63216700
16.62800000
16.75758300
16.60954200
16.69387500
16.84583300
16.67450000
16.68866700
16.77208300
16.45600000
16.65533300
16.71108400
16.66791600
16.75279200
16.60858300
16.70733400
16.44791600
16.80033400
16.82958300
16.61537500
16.76350000
16.57304200
16.66020800
16.71108300
16.50658400
16.86308300
16.50837500
16.86370800
16.50579200
16.69745800
16.81550000
16.65662500
16.75579200
16.67345800
16.69162500
16.66029200
16.66950000
16.68000000
16.69095800
16.75987500
16.65504200
16.62495800
16.67966700
16.54579200
16.66641600
16.82570900
16.73020800
16.65154200
16.70491600
16.51120900
16.83787500
16.81000000
16.53650000
16.73283300
16.65200000
16.72695800
16.59400000
16.68975000
16.56295900
16.78579100
16.72579200
16.77275000
16.55879200
16.70337500
16.75258300
16.65954200
16.65391600
16.65158400
16.71554100
16.59258400
16.80829100
16.67416700
16.52308300
16.79733400
16.65429100
16.66416700
16.73233300
16.67854200
16.57554200
16.71470800
16.80683300
16.64437500
16.65800000
16.68145900
16.58795800
16.73666700
16.69841600
16.65437500
16.76929200
16.63787500
16.61016700
16.76066600
16.68383400
16.71495800
16.57100000
16.75800000
16.77016700
16.64325000
16.64120800
16.77325000
16.56325000
16.82458300
16.66120900
16.50941600
16.88441700
16.60045800
16.73783400
16.70941600
16.68104200
16.59620800
16.70933400
16.71920800
16.61412500
16.72875000
16.76379200
16.61037500
16.52370800
16.80291700
16.70783300
16.69350000
16.63954200
16.60800000
16.84929100
16.57708400
16.73237500
16.54691600
16.82725000
16.64400000
16.69783400
16.66712500
16.77316600
16.65687500
16.62725000
16.75820900
16.65916600
16.74175000
16.77495900
16.67341600
16.40970900
17.25512500
16.20479100
17.07870900
16.35462500
16.66725000
16.67895800
16.66695800
16.67012500
16.62929200
16.74583300
16.73725000
16.48591700
16.89683300
16.70991700
16.58033300
16.78945900
16.73562500
16.49937500
16.87933300
16.53266700
16.68487500
16.83808300
16.68054200
16.37270800
16.87529200
16.63720800
16.76558300
16.77104200
16.55525000
16.79716700
16.72229100
16.33162500
16.74316700
16.88829200
16.69316600
16.73483400
16.60033300
16.62220800
16.65220900
16.55662500
16.95833300
16.55704200
16.54641600
16.65483400
16.91216600
16.65666700
16.77708300
16.41020900
16.85229100
16.66400000
16.70733400
16.49041600
16.83979200
16.70787500
16.50041700
16.84570800
16.68950000
16.70520800
16.65929200
16.65545800
16.66800000
16.55383400
16.88958300
16.79862500
16.53725000
16.75083300
16.63125000
16.66458400
16.66958300
16.61995800
16.81179200
16.64750000
16.67354200
16.68162500
16.50754100
16.82195900
16.66179100
16.67579200
16.79100000
16.64195800
16.73662500
16.66362500
16.65633400
16.65520800
16.57554200
16.82041600
16.53258400
16.83716600
16.61233400
16.68575000
16.64629100
16.66637500
16.76058400
16.60683300
16.77191700
16.69566600
16.61500000
16.72975000
16.73704200
16.63033300
16.69012500
16.71800000
16.62741700
16.73158300
16.69091700
16.68883300
16.64820900
16.68004100
16.70945900
16.70795800
16.56829200
16.78587500
16.50129100
16.93920900
16.47512500
16.79204100
16.76245900
16.59258300
16.58629200
16.88650000
16.59225000
16.59404100
16.88700000
16.53816700
16.72320800
16.76875000
16.61195900
16.51004100
16.85900000
16.66591700
16.72387500
16.68525000
16.65158300
16.50229200
16.85883300
16.63266700
16.72962500
16.69562500
16.49550000
16.87787500
16.73679200
16.59454100
16.66279200
16.74129200
16.66720800
16.69691700
16.70616600
16.69804200
16.59691700
16.72725000
16.69025000
16.49020800
16.90875000
16.72300000
16.62216700
16.73125000
16.50112500
16.69366600
16.79462500
16.67629200
16.65741700
16.70729100
16.69979200
16.68325000
16.69583300
16.73370900
16.70850000
16.64175000
16.68708300
16.43183300
16.99412500
16.39575000
16.87191700
16.68379200
16.69016600
16.67804200
16.68408300
16.62433400
16.73458300
16.69379200
16.64316600
16.79479200
16.57745800
16.68295900
16.71166600
16.63741700
16.68595800
16.78354200
16.56812500
16.70187500
16.70054200
16.49216600
16.94470900
16.67241600
16.74191700
16.60525000
16.52108300
16.61487500
16.67658400
233.58079100
16.74575000
16.61762500
16.68054200
16.68033300
16.67491700
16.68770800
16.68462500
16.68000000
16.68333400
16.68237500
16.68637500
16.67820800
16.68441700
16.68741600
16.67879200
16.68583300
16.68962500
16.67787500
16.67908400
16.68533300
16.69395800
16.67454200
16.68779200
16.67641600
16.68533400
16.68983300
16.67975000
16.68087500
16.69316700
16.67158300
16.68329200
16.68987500
16.68066600
16.68216700
16.68233300
16.68454200
16.68895800
16.67616700
16.68233300
16.68416700
16.68150000
16.68658300
16.67995900
16.68079100
16.68766700
16.67950000
16.68470800
16.69020900
16.68216600
16.68016700
16.68633300
16.68208400
16.68041600
16.68266700
16.68350000
16.68233300
16.69579200
16.67883300
16.67858400
16.68608300
16.69029200
16.69066600
16.66733400
16.68408300
16.68825000
16.67750000
16.69104200
16.67791600
16.67979200
16.68120800
16.69479200
16.67229200
16.68220800
16.68487500
16.68087500
16.68400000
16.68395800
16.68145900
16.68691600
16.68008400
16.68333300
16.69454200
16.68170800
16.69875000
16.66908300
16.67912500
16.68987500
16.67112500
16.69316700
16.67583300
16.68483400
16.67929100
16.68325000
16.68500000
16.68662500
16.69041700
16.68250000
16.67562500
16.68320800
16.68212500
16.71979200
16.65237500
16.67895800
16.68504200
16.68225000
16.68383300
16.68208400
16.68850000
16.68258300
16.67983300
16.68475000
16.68545900
16.67891600
16.68341700
16.68275000
16.70516700
16.66404100
16.68966700
16.68783300
16.67312500
16.72100000
16.64720900
16.68358300
16.67841700
16.68391600
16.68287500
16.68266700
16.68416700
16.70779100
16.67533400
16.69470800
16.67616700
16.68391600
16.68304200
16.65762500
16.68525000
16.71066700
16.65733300
16.68158300
16.68195900
16.68237500
16.71004100
16.67958400
16.68637500
16.68158300
16.67254200
16.69516600
16.66066700
16.68645800
16.73183400
16.63979100
16.67600000
16.68229200
16.68675000
16.68004200
16.68400000
16.69116600
16.67500000
16.68158400
16.68925000
16.68145800
16.74466700
16.62612500
16.67758300
16.68062500
16.68558300
16.73325000
16.64050000
16.68387500
16.68166700
16.67866700
16.68841600
16.67933400
16.68237500
16.68979100
16.68291700
16.68291700
16.67933300
16.67770800
16.68779200
16.69575000
16.68633300
16.66920900
16.68033300
16.68420800
16.68670900
16.68137500
16.68725000
16.67779100
16.69004200
16.67687500
16.68308300
16.69716700
16.67320800
16.68816700
16.67591700
16.68716600
16.67879200
16.68900000
16.67645800
16.68495900
16.68587500
16.68258300
16.68491700
16.68191600
16.68220900
16.71179100
16.65441700
16.68441700
16.68279100
16.68316700
16.68441700
16.67829100
16.68570900
16.68075000
16.69279100
16.68308400
16.69125000
16.68858300
16.66345800
16.69529200
16.67183300
16.69083400
16.70258300
16.67850000
16.67041700
17.26616600
16.09704200
16.69658300
16.68620900
16.68091600
16.67683400
16.67254100
16.69691700
16.74595800
16.62945900
16.66412500
16.67991600
16.70020900
16.69154100
16.66479200
16.70979200
16.66366600
16.67937500
16.67320900
16.68425000
16.68133300
16.68554200
16.68295800
16.68587500
16.68170800
16.68616700
16.68091700
16.68725000
16.67720800
16.68704200
16.68150000
16.68212500
16.68366600
16.69029200
16.67679200
16.68079100
16.68279200
16.68462500
16.69241700
16.67841600
16.68087500
16.68112500
16.68404200
16.68820800
16.67879200
16.68591700
16.68275000
16.68033300
16.68408300
16.69429200
16.67495800
16.68845900
16.67708300
16.68212500
16.68545800
16.68083400
16.68687500
16.68570800
16.68445800
16.67750000
16.82133400
16.54741600
16.70887500
16.66120900
16.67933300
16.68379200
16.68087500
16.68679100
16.68416700
16.68212500
16.68758300
16.67712500
16.67933400
16.68695800
16.77258300
16.60362500
16.67641700
16.68079200
16.68475000
16.68175000
16.68300000
16.68366600
16.69170900
16.67708300
16.68420800
16.68420900
16.67929100
16.67950000
16.69875000
16.67229200
16.68083300
16.69250000
16.67841700
16.68141700
16.68533300
16.68433300
16.68016700
16.68266700
16.69012500
16.67633300
16.68508300
16.68883400
16.67850000
16.68658300
16.67812500
16.68700000
16.68079200
16.68016600
16.69208400
16.69029100
16.66962500
16.68570900
16.68295800
16.68133300
16.68558400
16.68212500
16.68358300
16.68075000
16.68425000
16.68141700
16.69745800
16.68425000
16.76166700
16.59400000
16.68733300
16.67845800
16.68383400
16.68354100
16.68204200
16.68541700
16.68216600
16.69058400
16.67525000
16.68395800
16.69304200
16.67520800
16.69095800
16.67404200
16.68500000
16.68704200
16.68158300
16.68054200
16.72666600
16.64495900
16.68183300
16.67820800
16.68304200
16.68775000
16.68925000
16.67708300
16.68287500
16.68425000
16.68216700
16.68204200
16.68154100
16.68329200
16.68391700
16.68129100
16.68462500
16.68233400
16.68612500
16.68258300
16.67941700
16.68570800
16.68037500
16.68595800
16.68075000
16.69429200
16.67379200
16.76037500
16.61225000
16.68166600
16.67891700
16.68437500
16.68316700
16.68241600
16.68362500
16.68112500
16.68558400
16.68925000
16.68270800
16.68129200
16.68462500
16.68208300
16.68412500
16.67891700
16.68729100
16.67887500
16.68579200
16.69516700
16.73495800
16.62366700
16.67991600
16.68358400
16.69162500
16.67979100
16.68295900
16.67900000
16.68358300
16.68070800
16.70312500
16.66216700
16.68912500
16.68237500
16.68254200
16.71845800
16.64825000
16.68050000
16.68291700
16.68487500
16.68616600
16.68258400
16.67833300
16.68600000
16.68104200
16.68575000
16.68133300
16.68716700
16.68295800
16.67850000
16.69041700
16.68116600
16.68091700
16.68587500
16.68033300
16.68554200
16.68441700
16.68245800
16.68258300
16.73050000
16.64341700
16.67583300
16.71095900
16.65437500
16.68495800
16.68275000
16.68195800
16.68320900
16.68545800
16.68562500
16.68591700
16.68320800
16.68070800
16.67800000
16.68650000
16.68366700
16.68458300
16.68066700
16.68650000
16.68204200
16.68570800
16.68058300
16.68150000
16.68045900
16.69833300
16.67037500
16.68529200
16.68145800
16.68945800
16.67766700
16.68454200
16.68145800
16.68262500
16.68620800
16.68954200
16.67566700
16.68216600
16.68516700
16.68300000
16.68225000
16.70433300
16.66379200
16.68508300
16.68137500
16.68129200
16.68595800
16.68687500
16.67716700
16.68883300
16.68070900
16.68237500
16.68191600
16.68241700
16.68554200
16.69441600
16.67233400
16.68154100
16.68412500
16.68270900
16.68929100
16.67679200
16.68862500
16.68691700
16.67670800
16.68266700
16.68545800
16.68337500
16.67870800
16.68416700
16.68229200
16.69666600
16.68654200
16.67150000
16.68441700
16.68258300
16.69291700
16.67066600
16.68579200
16.68975000
16.67950000
16.68041700
16.68879100
16.67904200
16.68458300
16.69783400
16.66525000
16.68141600
16.68779200
16.70362500
16.84200000
17.43945800
15.76533400
80.08087500
19.43750000
7.37175000
10.05400000
18.29908300
5.84550000
5.82850000
5.97370800
5.77812500
8.14575000
16.69625000
16.67595900
16.68454100
16.68604200
16.67745800
16.68795900
16.67545800
16.68600000
16.68291700
16.68004100
16.68370900
16.68341600
16.68000000
16.68816700
16.68362500
16.68820800
16.67516700
16.69054200
16.68091600
16.68750000
16.67770900
16.68929100
16.67654200
16.68033300
16.69112500
16.67645900
16.68416600
16.68345900
16.69679100
16.67379200
16.68220800
16.68158400
16.68458300
16.68145800
16.68183400
16.68295800
16.68566700
16.68391600
16.68420900
16.67970800
16.68375000
16.69145800
16.68920900
16.67204100
16.68195900
16.68233300
16.69037500
16.67466700
16.68345800
16.68641700
16.68537500
16.68275000
16.67854100
16.68708400
16.67895800
18.01858300
15.35058400
16.68225000
16.68450000
16.68191600
16.69404200
16.66933300
1021.19433400
20.85629100
18.94312500
18.02737500
15.89279200
16.12445800
16.65012500
16.17716700
16.92704200
18.22925000
18.12129100
17.32508400
17.84929100
18.15750000
18.13979200
16.71716700
15.93079100
15.95800000
16.79229200
16.81633300
16.41258400
17.08775000
15.35950000
15.17320800
15.05762500
17.46525000
15.83616700
17.85837500
16.26345800
15.63541700
16.36166600
16.16833400
16.32504100
17.43808400
16.58000000
18.39491600
18.55300000
18.26825000
16.22208400
16.32208300
15.47516700
16.20029100
15.93800000
15.95100000
15.53291700
15.90454200
16.81154100
17.12208400
16.08137500
15.53912500
16.61083300
16.18495800
16.38312500
15.17420900
15.43420800
15.97108300
16.50183400
16.54908300
15.14395800
16.02470900
16.05666600
15.58066700
16.37062500
16.75416700
16.52287500
16.68854100
18.07641700
15.59154200
16.76629100
16.99441700
17.26258300
17.14762500
16.93220900
16.80437500
17.03108300
18.08550000
17.33512500
16.33470800
16.57212500
16.07795900
16.33483300
16.40320800
16.85845900
16.80400000
17.11991600
16.25900000
16.69895900
17.68125000
16.09358300
17.15166700
16.96962500
17.03729100
16.64791700
16.73087500
17.15108300
17.27412500
16.01479200
16.17533300
16.73412500
16.14512500
16.42250000
16.08841700
16.06220800
15.82700000
15.83308400
16.60783300
16.53320800
18.08008400
17.84433300
16.89358300
16.32162500
15.93183400
20.06612500
18.10050000
18.50408300
18.85645800
30.97300000
21.39995900
20.43966600
16.52529200
16.12275000
15.80441700
15.58804100
15.61366700
15.57683300
15.81479200
15.62795800
15.78162500
15.51258400
16.20679100
16.29137500
15.92312500
15.62316700
17.92675000
17.23558300
16.15087500
17.04195900
16.46366600
16.73579200
15.22912500
15.59350000
15.87091700
16.46333300
15.88070800
16.15408400
17.09487500
15.53879100
15.21304200
16.68750000
15.67104200
16.08508300
16.07400000
15.78600000
16.74608300
17.61958400
14.25162500
14.14062500
14.44733300
14.84062500
14.52400000
14.90516700
15.14637500
16.67695800
16.67754200
16.69741600
16.67287500
17.23150000
16.13187500
16.68312500
16.81383400
16.85079100
16.40633400
16.68041600
16.70387500
16.64316700
16.68725000
16.67837500
16.67912500
16.68516700
16.68416600
16.70620900
16.67283300
16.71562500
16.67775000
16.64820800
16.68320900
16.68945800
16.67829200
17.62016600
16.06154200
16.36329200
17.35704100
17.94670900
17.06200000
16.76220800
16.56079200
15.44787500
16.32695800
16.00479200
19.93658300
16.73866700
16.46958300
16.47804200
16.69304100
16.45066700
15.39787500
16.43104200
16.18550000
16.05904100
16.69254200
16.82775000
17.18854200
16.53329100
16.16312500
16.68825000
16.67891700
16.68916700
17.03220800
16.32900000
16.68233300
16.69879200
16.67583300
17.19337500
16.17345900
17.87825000
18.86691600
25.04758400
19.15250000
19.16933300
18.26466700
17.20920800
16.34866700
16.03966600
16.56454200
17.00904200
16.05462500
14.99150000
15.71379100
14.55375000
15.08050000
14.33600000
14.27137500
14.99579200
14.62575000
14.53908300
16.49062500
16.51216700
16.68495800
16.69233400
16.67137500
16.68375000
16.68683300
16.68341700
16.68079100
16.68575000
16.68458400
17.28920800
16.67600000
16.08387500
16.68020800
16.87116700
16.49612500
16.68095800
16.68712500
16.67837500
16.68370900
17.25437500
16.57320800
16.97025000
17.05229200
15.56637500
17.14025000
16.23225000
16.68304100
17.17479200
17.08883300
16.67537500
15.78400000
16.70691700
16.66683300
17.36454200
15.99575000
17.82700000
15.93562500
16.28633300
17.31045900
16.05895800
16.68266700
17.90008300
15.92341700
16.90150000
16.01404100
16.68295900
17.21295800
16.63229200
16.20075000
16.69145800
17.96079200
15.81300000
16.50216600
16.45308400
16.69279100
16.66966700
16.77479200
16.59241600
16.69879200
16.67091700
16.68412500
16.68608300
16.67787500
16.68295800
16.68200000
16.68854200
16.68583300
16.73545900
17.16908300
16.14116700
16.69137500
16.67362500
16.69341600
16.67433400
16.76354100
16.62291700
16.66416700
17.53091600
15.83887500
17.25554200
17.29366700
16.05187500
16.12445800
16.98154200
16.38945800
17.18958300
16.69175000
17.50829200
15.94491700
17.72508300
16.57045800
15.37895900
17.71750000
18.05987500
16.06454100
16.51504200
15.35075000
16.17112500
17.58387500
15.77300000
16.69025000
16.68683300
16.67933400
17.05404100
16.31566700
17.57533300
15.94041700
16.52691700
16.68983300
16.68354200
16.67675000
16.69216600
16.67950000
16.67829200
16.68204200
18.92041600
16.64837500
15.27250000
17.03258400
16.28425000
18.90325000
16.55429100
17.44512500
18.74658400
17.90800000
18.10987500
17.64308300
17.03933300
17.58837500
16.89958400
17.10795800
17.32270800
17.58537500
16.47229200
16.38175000
15.82137500
16.21641700
16.99858300
16.17175000
15.94729200
16.80395800
15.13458300
15.21175000
15.97083400
16.13929100
16.66487500
15.81520900
16.58270800
16.72125000
17.64525000
16.78908300
16.49800000
17.46233400
15.14187500
14.75916600
14.96379200
15.40758300
16.67237500
17.27625000
16.50191700
16.28737500
17.02429200
21.76187500
17.69895800
15.65433300
14.56445900
15.34975000
14.74262500
16.63745800
16.68991700
16.67429100
16.70950000
16.68258400
16.67550000
16.68541600
16.68804200
16.68487500
16.67025000
16.68791700
16.68850000
16.68104100
16.68545900
16.67612500
16.66629100
16.70433400
16.68337500
16.68629100
16.68012500
16.66325000
16.69908400
16.69804100
16.66354200
16.96270800
17.27629200
15.84962500
16.63704200
16.72845800
16.67291700
16.73366600
16.60770900
16.83458300
16.57529200
16.63058300
16.68416700
16.67775000
16.69829100
16.67616700
16.68862500
16.69104200
16.67429100
16.68266700
16.68004200
16.72387500
16.64116600
16.68366700
16.69029200
16.69741600
16.65758400
16.74070800
16.62929200
16.72137500
16.66337500
16.66841600
16.71791700
16.64720800
16.68079200
16.73900000
16.74483300
16.57916700
16.70083300
16.68558400
16.69850000
16.91975000
16.49870800
16.60925000
16.68320800
16.92300000
16.92500000
16.22379200
16.63758300
18.39437500
15.23937500
16.41283400
16.97537500
16.39987500
16.67408300
16.68579200
18.98854100
15.15850000
15.90558400
16.85087500
16.51466600
16.80620900
18.64966600
15.36408400
15.93575000
16.66170800
16.69058300
16.69150000
16.68504200
16.69329200
16.65466600
16.71520900
16.65404100
16.73050000
16.65654200
16.69462500
16.68287500
16.65958300
16.67616700
16.80541700
16.57954100
16.66695900
16.68333300
16.68050000
16.72979200
16.64008300
16.69154200
16.68300000
16.76875000
16.60654100
17.18754200
16.16483300
16.70429200
16.65862500
17.13245800
17.40287500
15.89008400
16.30525000
16.70204100
16.70962500
16.64008400
16.71037500
16.67304100
16.69412500
16.68650000
16.65129200
16.69170800
16.68675000
16.67212500
16.69508400
17.70887500
15.66133300
16.68379200
16.66741600
16.68995900
16.67704100
16.68854200
16.69250000
16.67704200
16.67004100
16.69595900
16.70545800
16.65275000
16.68275000
16.72587500
16.64291700
16.70625000
16.66350000
16.68770800
16.67308300
17.42950000
15.96791700
17.13908300
16.21600000
16.67854200
16.67120800
18.55416700
16.29275000
15.55754200
16.74350000
16.27237500
17.31633300
18.78758300
17.46675000
16.57912500
16.08679200
16.00708300
15.97020900
15.71070800
16.50991700
16.40579100
16.68054200
16.69379200
16.66241600
16.68466700
16.69108300
16.68050000
16.69637500
16.68504200
16.71450000
16.63462500
16.68029200
16.69325000
16.68129100
16.69662500
16.67162500
16.69858400
16.69175000
18.55970800
16.31154200
16.86545800
17.38266700
17.07187500
16.70429100
16.91670900
16.70300000
16.30266600
16.33433400
15.21358300
16.18854200
16.31308300
17.05566700
16.73566600
16.41937500
16.50691700
16.80737500
16.57108300
16.68425000
16.65970900
16.68391600
16.70550000
16.78270900
16.59179100
16.67504200
16.66791700
16.70225000
16.65854100
16.68662500
16.70062500
16.66345900
16.70458300
16.68404200
16.67995800
16.68608300
16.68200000
16.66900000
16.69025000
16.69704200
16.71075000
16.63866700
