7.98329200
0.21233300
0.90675000
8.66491700
8.25695800
8.36700000
8.33112500
8.34262500
8.33375000
8.35104200
8.33562500
8.33479200
8.34212500
8.34762500
8.30595800
8.35895800
8.35454200
7.73991700
9.00400000
8.25495800
8.33933300
8.34154200
8.35058300
8.33850000
8.32037500
8.34237500
8.35141700
8.31045800
8.32558400
8.34791600
7.81612500
8.90920900
8.09150000
8.50816600
7.85795900
16.47200000
40.77033300
16.47258300
13.96875000
12.56304200
11.80791700
11.35520800
11.61545800
11.92370900
11.87837500
16.25487500
16.67904100
16.68333400
16.68341600
16.70366700
16.66295800
16.68562500
16.68108400
16.68329100
16.68508400
16.68541600
16.67950000
16.68329200
16.69400000
16.67262500
16.68762500
16.67916700
16.68337500
16.68325000
16.69091600
16.67875000
16.68020900
16.68350000
16.68429100
16.68241700
16.68316700
16.68345800
16.69120800
16.67537500
16.68329200
16.69279200
16.67395800
16.68341700
16.68629100
16.68033400
16.68329100
16.68333400
16.68345800
16.68316700
16.68345800
16.68320800
16.68341700
16.68325000
16.68329200
16.70008300
16.66675000
16.69887500
16.66766700
16.68341600
16.68329200
16.68333300
16.68658400
16.68004100
16.68383400
16.68287500
16.68333300
16.69112500
16.67550000
16.69658300
16.67454200
16.67883300
16.68333400
16.69116600
16.67554200
16.69516700
16.68145800
16.67350000
16.68325000
16.68716700
16.67941600
16.69808400
16.66870800
16.69708300
16.66962500
16.68325000
16.69479200
16.67187500
16.68333300
16.68325000
16.69475000
16.67208400
16.69737500
16.66925000
16.68333300
16.68329200
16.68329100
16.68329200
16.68350000
16.68329200
16.68333300
16.68337500
16.68666700
16.67987500
16.68329100
16.68350000
16.68333400
16.68320800
16.68337500
16.68333300
16.68333400
16.68983300
16.67691700
18.13666600
24.52354200
10.97887500
13.09429200
16.68316600
16.68341700
16.68333300
16.68329200
16.68333300
16.68337500
16.69350000
16.67366700
16.68270800
16.68341700
16.68341700
16.68333300
16.68333300
16.68658400
16.67995800
16.68433300
16.68237500
16.68341700
16.68325000
16.68341700
16.70037500
18.35262500
15.73620800
16.10458300
16.52279200
16.68333300
19.76125000
19.26170900
18.59433300
18.24312500
18.69504200
18.49920800
18.98787500
18.88187500
18.69420800
18.44641700
18.49879200
18.60725000
18.60883300
18.66683300
18.74141700
18.63716700
18.56058300
18.72445800
18.05445900
17.33508300
6.54987500
1.15291700
15.94691600
15.79837500
15.95125000
16.02783400
16.08845800
11.71087500
12.15437500
16.70487500
16.66116700
16.68354100
16.68366700
16.68287500
16.68329200
16.68345800
16.68329200
16.68329100
16.68329200
16.68337500
16.68333300
16.68333400
16.68329100
16.68345900
16.68316600
16.68333400
16.68341600
16.68320900
16.68345800
16.68329200
16.68329100
16.68333400
16.68337500
16.68341600
16.68341700
16.68325000
16.68320800
16.68341700
16.68333300
16.68408400
16.68250000
16.68341600
16.68329200
16.68329200
16.68370800
16.68295800
16.68345900
16.68762500
16.69541600
16.66691700
16.68329200
16.68620800
16.68770800
16.67612500
16.68341700
16.68758300
16.67904200
16.68333300
16.68325000
16.68395900
16.68362500
16.68250000
16.68516600
16.68170900
16.68320800
16.68320800
16.68333400
16.68341600
16.68341700
16.71466700
16.65175000
16.68337500
16.68333300
16.68341700
16.68887500
16.67766600
16.68341700
16.68341700
16.68333300
16.68675000
16.67975000
16.68341700
16.68337500
16.68441600
16.68208400
16.68425000
16.68254100
16.68341700
16.68879200
16.67779100
16.68391700
16.68266700
16.68341600
16.68333400
16.68433300
16.68229200
16.69329100
16.67362500
16.68391700
24.74433300
8.62187500
16.89833400
20.87745800
12.89383300
20.73987500
12.38429200
21.04133300
11.94787500
20.77754200
12.58920800
20.98825000
13.00358400
20.55950000
12.77741600
20.32979200
13.03250000
20.66245800
12.73366700
20.65775000
12.11395800
20.33308400
13.00800000
20.41979100
12.96620900
20.49070800
12.88445800
20.30033400
13.10541600
20.50029200
12.80558300
20.92208400
13.03133300
20.56725000
12.79525000
20.74529200
12.10941600
20.97579200
12.31412500
21.22654200
12.72562500
22.42858300
10.82504200
22.43595800
10.69608300
21.89716700
11.81533300
22.10795900
11.26583300
22.27225000
10.50370800
22.03783400
11.92091600
20.80462500
12.58816700
22.31062500
10.95025000
21.89858300
11.53745900
21.95258300
10.98270800
21.91745900
11.91750000
21.75883300
11.57608300
21.05845900
11.72575000
21.54787500
12.43170800
20.33187500
13.00966700
20.50312500
12.27129100
20.60079200
13.38941700
20.17958300
13.14695800
20.54120900
12.82608300
20.70966700
12.69075000
20.04883300
13.28533300
20.04558400
12.73575000
20.94987500
13.02929100
20.57475000
12.76725000
20.85570900
11.93504100
20.58083400
13.38987500
20.52945800
12.80345800
20.39641700
12.98275000
19.83762500
13.55137500
19.83850000
12.91104200
20.32383300
13.63291700
21.08145800
12.31062500
21.37316700
11.99229100
21.95462500
11.30779200
21.84587500
11.62820800
21.77641700
10.97283300
22.42145900
11.53945800
22.61954200
10.15291600
23.61429200
10.13570800
22.57779200
10.99650000
23.23991700
10.05825000
23.00008300
10.47008300
23.28170900
9.67562500
23.11304100
10.62525000
23.37475000
9.41158400
23.39691600
10.55550000
23.20200000
10.15216700
22.95216700
10.38208300
20.70325000
12.69650000
20.48262500
12.87825000
20.53841700
12.25212500
19.83175000
14.12108300
21.85000000
11.52479200
21.57087500
11.82241600
21.63154200
11.70783300
21.27433400
12.09108300
21.59479200
11.79958300
22.01600000
11.35133300
22.11954200
11.22304200
21.97658300
10.79329200
21.78645800
12.20116700
22.03708300
10.70866700
21.78983300
12.19775000
22.30633300
11.06333400
21.90704100
11.42979200
21.95508300
11.41237500
22.22866700
11.16012500
22.67612500
10.66850000
21.55966700
11.80579100
21.13045900
12.26341600
21.15545900
12.18733300
21.05725000
11.71254200
21.30200000
12.07087500
21.08062500
12.27979100
20.86470900
12.50887500
21.24283300
12.76391700
21.04591600
12.13079200
20.84400000
12.06570800
20.92654200
13.05954200
20.93104100
11.81816700
20.74045800
12.62416700
20.89304200
13.09854100
21.06870900
12.23566600
20.74333400
12.67283300
20.52329200
12.23162500
21.09487500
12.38875000
20.82325000
13.02066600
20.88862500
12.50320900
20.94212500
12.42370800
20.72079200
20.49145800
8.78158300
16.57495900
20.73420800
20.40766700
9.04387500
20.33275000
12.44362500
20.72479100
13.22395900
20.42554100
12.35929200
20.59416700
13.38425000
20.66858300
12.64691700
20.33429100
13.05750000
20.71804200
12.06287500
20.80129200
13.13050000
20.77916600
12.02241700
20.62891700
13.33500000
20.56887500
12.20037500
20.68037500
12.68633300
20.90516700
12.46145800
20.59345800
13.35283400
20.37604100
12.99404200
20.63233300
12.15120900
20.77358300
13.20091700
20.40783300
12.36350000
19.95075000
14.01595800
19.94904200
12.81316700
19.49479100
14.42991700
19.52295800
13.27816700
19.77275000
14.20183300
19.58579200
13.75441700
19.77825000
13.61154100
19.60583400
13.15566600
19.39229200
13.97779200
19.42420800
14.49720800
19.47716700
13.94029200
19.56729100
13.19108400
19.46679100
13.90029200
19.55650000
13.80912500
19.43112500
14.48629200
19.38691600
14.01900000
19.12933400
14.26125000
19.32133300
13.43537500
19.56220800
14.16650000
19.46770900
14.14220800
20.10379200
12.67016600
19.78337500
14.15366700
19.41187500
13.97837500
19.39241700
13.36383300
19.59879200
14.33308300
19.34700000
14.06633300
19.58266700
13.78320800
19.32120900
14.02054100
19.37979200
14.01233300
19.48025000
13.28825000
19.60362500
14.31945900
19.26304100
13.54425000
19.19979200
14.72866700
19.32062500
14.05400000
19.09833300
14.27804200
19.02162500
14.34800000
19.24158300
13.53204200
19.27391600
14.64050000
19.05029200
14.36175000
19.46037500
13.31316700
19.08491600
14.28183400
19.26741600
14.70708400
19.69379100
13.64900000
19.61495900
13.71337500
19.37691600
14.05483400
21.43645800
11.91270800
20.81833400
11.95500000
20.65341600
13.32650000
21.02204200
12.31904200
20.94237500
12.41754100
20.81641700
12.58416700
21.12337500
11.62854100
20.50845900
13.44004100
21.02000000
12.37779200
21.16412500
12.20337500
21.00758300
12.33029200
20.88341700
12.50829100
21.03558400
12.33775000
20.65458300
12.67716700
20.55212500
12.23270800
20.77370800
12.62591700
21.69683300
12.20758400
21.38429100
11.41175000
19.26779200
14.67108300
19.21787500
14.15262500
19.22858400
14.14529100
19.20312500
13.76262500
19.34520900
13.83912500
19.20175000
14.61016600
19.52541700
14.00850000
19.17304200
14.14579100
21.41104200
11.39091700
21.21104100
12.76658400
21.07229100
11.73654200
20.87375000
13.03750000
20.69466700
12.15808300
20.50841700
12.77858300
19.93341700
14.01125000
20.01958300
13.39604200
18.44441600
14.84408400
18.19225000
15.15325000
17.89408300
15.45291700
18.13787500
15.27225000
18.85016600
14.51670900
18.35329100
15.00391700
18.33254200
15.03529100
19.06566700
14.31487500
21.10670800
12.27483400
20.79329100
12.55995900
22.79200000
10.01537500
20.55066600
12.97995900
20.73450000
13.08795800
20.43441700
12.89112500
20.84816600
12.48408400
20.65104100
12.79516700
21.20608300
12.14000000
16.07650000
17.27029200
16.09650000
17.16062500
16.21320800
17.27112500
16.08920900
17.12970800
16.23620800
17.28987500
16.08466700
17.12166700
16.23712500
17.13533300
16.23116700
17.29158300
16.07529200
16.68783300
16.67870800
17.13037500
16.23637500
17.18245900
16.18404100
16.68383400
16.68304100
17.13095900
16.24404100
16.68287500
16.67545900
17.17116600
16.20033400
17.12708300
16.23479200
17.15850000
16.21129100
17.16008400
16.20325000
17.13970800
16.22708300
17.14079200
16.22575000
17.16766700
16.20529100
16.67820900
16.68233300
17.13320800
16.23337500
17.16858400
16.19804100
17.13054200
16.23625000
17.13195800
16.23454200
17.16808300
16.19895900
16.97608300
16.39200000
17.24787500
16.11704200
17.28975000
21.22883300
12.11158300
20.63437500
12.73325000
20.89025000
12.50070900
20.84700000
11.92462500
20.98337500
12.37295800
21.13412500
12.41354200
22.59733300
11.19100000
21.88145800
11.46420900
22.05829100
10.72666700
20.87591700
12.67370800
20.70641700
13.06320800
21.03245800
12.35600000
21.17916700
12.18683300
20.98379200
12.35966700
21.08883300
12.27879200
21.26595800
12.08866700
21.34154100
11.45245900
21.42750000
12.52541600
20.64008400
12.75241600
20.92500000
12.42137500
20.83937500
11.93691700
20.75658300
13.18212500
21.09625000
12.28404200
21.11604200
12.25183300
21.06208300
12.32962500
21.43637500
11.90020900
22.35979100
11.01120900
22.18875000
11.18500000
22.48341600
10.85154200
22.55133300
10.81312500
22.28466700
11.11904200
22.37641600
11.00308400
22.36862500
10.97495800
22.26333300
11.13008400
22.52708300
10.83866700
22.19041600
11.14929200
22.40858300
10.98641700
22.64158300
10.73079200
22.10925000
11.22579200
22.06187500
11.31795800
22.48766700
10.88862500
22.41195800
10.91983300
23.04095900
10.32979100
22.46729200
10.93058300
20.95741700
12.36912500
20.87966700
12.52329100
20.99425000
11.77570900
21.08041600
12.27475000
21.31100000
12.13066700
20.86475000
12.42795800
21.32045900
12.61916600
20.91641700
12.45825000
20.84000000
12.55470800
20.77366700
11.98287500
20.69895800
12.83895900
20.69845800
13.10362500
20.92958300
12.45862500
20.63250000
12.68737500
20.67737500
12.72508400
20.62475000
12.75550000
20.63345800
12.68166700
20.23225000
12.55625000
20.68958300
13.30804200
20.42608300
12.90862500
20.42737500
12.96633300
20.54050000
12.80495900
20.32479100
12.43608400
20.25866600
13.13983400
20.35041600
12.98820900
20.36920800
13.12545800
20.33908400
13.47837500
20.08587500
12.84304100
20.40066700
12.84395800
20.23266700
13.69312500
19.90779200
13.44741600
21.05512500
11.74091700
21.37387500
11.99304200
21.10637500
12.26020800
21.30429200
12.64008300
20.93125000
12.40079200
20.77341600
12.06800000
20.97754200
12.92604200
20.82408300
12.56212500
21.53241700
11.26000000
20.80370800
13.16504200
20.48879100
12.27650000
20.87750000
13.11154200
21.16087500
11.58250000
20.65320800
13.29133400
20.36729100
13.05800000
20.47650000
12.87175000
20.44625000
12.89500000
19.96725000
13.40966700
20.53912500
12.22466700
20.74720800
12.82012500
20.33287500
13.42895800
19.77775000
13.21654200
19.95120800
13.23150000
20.32637500
13.60079200
20.24929200
13.14395800
20.16804200
12.71133300
20.57370800
13.24616700
20.36029200
13.03225000
20.46204100
12.87395900
20.22483300
12.64983300
20.64291700
13.03216700
20.63058300
12.92320800
20.35104200
13.01579200
20.42612500
12.96479100
21.14512500
12.20870900
20.57566600
12.77762500
20.42245900
12.35604100
20.52870900
13.45645800
20.50037500
12.83875000
20.40583300
12.99425000
20.72245900
12.01862500
20.54766600
12.82212500
20.61420900
13.37558300
20.00741700
13.34787500
19.95937500
12.79237500
19.92779100
14.02541700
19.72437500
13.67391700
19.98825000
12.76025000
19.95358300
13.97395800
20.00087500
12.81162500
20.02075000
13.93329200
20.29912500
13.06887500
20.00716700
12.76529100
20.11575000
13.84195900
20.05675000
12.74420800
20.63075000
13.30533300
20.70537500
12.06533400
21.90808300
12.03862500
21.67920800
11.70895900
21.80079100
11.55720900
21.69454100
11.07925000
21.62462500
12.36391700
21.99070800
11.37483400
21.66308300
11.67833300
21.52025000
11.87208400
21.63904100
11.72791700
21.65100000
11.09425000
21.27037500
12.71175000
22.04687500
11.32516700
21.66612500
11.66937500
21.71004100
11.06687500
21.40712500
11.95958400
22.10091600
11.27362500
21.93350000
11.42537500
21.17575000
12.80533400
20.72225000
12.03662500
20.44475000
12.91650000
20.32337500
13.66308300
20.63029200
12.70879100
20.44904200
12.91708300
20.53970900
12.85558300
20.87766700
11.86745800
20.70591700
12.66079100
20.55433400
12.81225000
20.75875000
13.19529100
20.29041700
13.07637500
20.36754200
13.02850000
20.53979100
12.21108400
20.54541600
12.82016700
20.25695800
13.73137500
20.29783400
13.06941600
23.70820900
9.04112500
25.54954100
8.20075000
19.33504200
14.23670800
18.41929200
14.90195800
18.88733400
14.51279100
21.08187500
12.29908400
19.14195800
13.63079200
18.56716600
15.29720900
17.94320800
15.43608300
18.43137500
14.42383400
19.35875000
14.60012500
19.20216600
14.18625000
19.10866700
14.24558300
19.23812500
14.11625000
18.65383400
14.71079100
18.90400000
13.87458400
18.78641600
15.16054200
19.21404200
14.15875000
19.25033300
14.12979200
19.06012500
14.29658300
19.27795800
14.11458400
21.40475000
11.94120800
21.15929200
12.19320800
21.02429200
11.96691600
20.80395900
12.97550000
20.34787500
12.68008300
20.06933300
13.01779200
19.92520800
14.05670900
19.69866600
13.65454200
19.74766700
13.63912500
19.87716600
12.86754200
19.75358300
13.99745900
21.54616600
12.04712500
26.73512500
6.02175000
22.35262500
11.59516700
33.57858300
4.80079200
28.47391700
2.42862500
22.75862500
7.81570800
21.11420800
11.91441700
21.44683300
12.54008400
20.35075000
12.96704100
20.82162500
12.02037500
20.11129200
13.83225000
19.83820800
13.50095900
20.93708300
12.42120800
21.55979200
11.83245800
22.58545900
10.16895800
22.39891700
11.55554100
22.56737500
10.21587500
21.69545900
11.78241600
21.83279200
11.99712500
23.28191700
10.12570800
21.77479200
10.97254100
18.63429200
14.73158300
17.29391700
16.67075000
17.93241700
14.83637500
17.38116600
15.98929200
17.28570800
16.07745900
39.04537500
1.41691600
16.92704200
9.34666700
16.67908300
16.68325000
16.68325000
17.18204200
16.21866600
17.11408400
16.21850000
16.68458300
22.43420800
11.54120900
21.75375000
11.00875000
21.31495800
12.63775000
21.15145800
11.63187500
21.37154200
11.98670800
21.31295900
12.64608300
19.17370800
14.21779200
18.80404200
14.48204100
18.83462500
14.55479200
19.70341700
13.69704100
19.71566700
13.63541700
19.57200000
13.80025000
19.66337500
13.73216600
20.09070900
12.81412500
20.02025000
13.78387500
20.50370800
12.89700000
22.75087500
10.61345800
22.23391700
11.10741700
22.34700000
11.04720800
22.39904200
10.96783300
22.43337500
10.90416700
22.30579100
11.06825000
22.49200000
10.89687500
22.62941700
10.70975000
22.86591700
10.50350000
23.30033300
10.08741700
23.01125000
10.33675000
21.21725000
12.14108300
20.66370800
12.73529200
21.04404200
11.77141600
20.85575000
13.03054200
20.98062500
12.41245800
21.00754200
12.34854200
21.28912500
11.46975000
21.02350000
12.96891600
21.14450000
12.19100000
20.90204200
12.46404200
21.01400000
12.38041600
21.05637500
11.68825000
21.02316700
12.34470800
20.84583400
13.13766600
20.67183400
12.69875000
20.68100000
12.20016600
20.62029200
12.60975000
20.79820800
13.18408400
21.09120800
11.66312500
21.35445800
12.00916700
21.25300000
12.73470800
21.13433400
12.20545800
20.82241700
12.53979100
20.84029200
12.55608300
20.81241700
12.52866700
20.77779100
12.59558400
20.92229100
12.43258400
21.44337500
11.91116600
20.95325000
11.88120900
20.63675000
12.69358300
20.88400000
13.06887500
20.81900000
12.53962500
21.09258300
12.30129200
21.04829200
12.30383300
20.69154200
12.64925000
20.66500000
12.73458300
20.62287500
12.75287500
20.27029200
13.07920800
20.28233300
13.10308400
18.82083300
14.52825000
18.38783300
14.97420900
18.91425000
13.85929100
19.05983400
14.87858300
18.80400000
14.55700000
19.13191700
13.66725000
18.94516600
14.98937500
18.68620900
14.11266600
18.50379200
14.87370800
18.73787500
15.24908400
18.78929100
13.94916700
18.62425000
15.25108300
18.82287500
14.61912500
19.08041700
14.27758300
18.85925000
14.51641700
18.94195800
14.44154200
18.94266700
14.40633300
19.01470800
14.36708400
20.30679100
12.45825000
19.25829200
14.66279200
19.39258300
14.01104200
19.31191600
14.08433400
19.59691600
13.15000000
19.22895900
14.69562500
19.93483300
13.48608300
19.80700000
13.55525000
19.45325000
13.88204200
21.73041700
11.67283300
22.90587500
10.46841700
20.29954100
12.48187500
20.21391700
13.75629200
20.12862500
13.21579100
19.32045900
13.42833300
19.17820800
14.18966700
19.67154200
14.30408300
19.40387500
13.35262500
19.29275000
14.62958300
19.09137500
14.34125000
18.95616700
14.36091700
18.64429100
14.71433400
19.10512500
13.69754100
18.93879200
15.02679200
18.93958300
14.40720800
19.25445900
13.76575000
19.46112500
14.27750000
19.86512500
13.48600000
20.00020800
12.83837500
20.49316700
13.38587500
21.52175000
11.86433300
22.11870800
11.25070900
21.73083300
11.61125000
20.99000000
11.93337500
20.91358300
12.94812500
21.45875000
11.90862500
21.00075000
12.33820900
21.03629100
12.35579200
21.23837500
12.13108300
21.18445900
19.45712500
9.41166600
20.51754200
12.44912500
21.04516700
12.71487500
21.15587500
12.20916600
21.00512500
12.33187500
21.12087500
12.24129200
21.32633300
11.46029200
21.87512500
12.06375000
21.72454200
11.06670800
19.68600000
14.27825000
19.77491700
13.59908300
19.77966700
13.55279100
19.80495900
13.60591600
19.83075000
13.50479200
19.76333300
13.60479200
19.70908300
13.68029200
19.73033300
13.60841700
19.41970800
13.96612500
19.25983400
14.12075000
19.33583300
13.99887500
19.21320800
14.15012500
19.03737500
14.36658400
19.61662500
13.29583300
19.63308300
14.15345900
19.93595800
13.46508300
19.75487500
12.99533400
19.68266600
14.25550000
19.65854200
13.74633300
19.74262500
13.62579200
19.66070800
13.09445900
19.72295800
14.22229200
19.63925000
13.23437500
19.64716600
14.20141700
19.24337500
14.12791700
19.09208300
14.29875000
19.05716700
14.29325000
18.92912500
14.42308300
19.12883300
13.67320900
19.30316600
14.06241700
18.87237500
15.01562500
18.64325000
14.76737500
18.80033300
14.00116700
18.55045800
14.81625000
18.76495900
14.60158300
18.85216700
14.89466600
18.73995900
14.82875000
19.05104100
13.73845900
18.85679100
15.01595900
18.71270800
14.71350000
18.63570800
14.75970900
18.82391600
14.52487500
18.65500000
14.73345900
18.58883300
14.81345800
18.65729200
14.64600000
18.57025000
14.75870800
18.70375000
14.68904200
18.61875000
14.75404200
18.72591600
14.65212500
18.54887500
14.23633400
18.68941600
15.29387500
18.78579200
14.51208300
18.72291700
14.64245800
18.70850000
14.70958400
18.93687500
14.38975000
19.26604100
14.12695900
19.60966600
13.17291700
19.73887500
14.22150000
20.50675000
12.26662500
22.46033300
11.51404200
19.95837500
12.80004200
20.15100000
13.22558300
20.27687500
13.68958300
20.90566700
12.44004200
20.98083300
12.40133300
20.97670900
12.40879100
21.22804200
12.10633300
20.89608400
12.46191600
21.07333400
12.31970800
21.02304200
12.34254100
20.29450000
12.55487500
20.36212500
12.92750000
20.32037500
13.64337500
20.77045900
12.55125000
20.73529100
12.14691700
20.81941700
12.46654100
21.43758400
12.51733300
21.55075000
11.23120800
21.21825000
12.75112500
21.36908400
11.95912500
21.29591600
12.08775000
21.23712500
12.17395900
21.55637500
11.75237500
21.66270800
11.71225000
23.77512500
9.02441700
22.33520800
11.01895800
21.72454200
12.21562500
21.36483300
11.43370900
21.81633300
12.14620800
21.34608400
11.99916600
21.88200000
10.90979200
18.42491700
14.93700000
18.20412500
15.64204100
18.48695900
14.95025000
18.65529100
14.72962500
18.89420900
14.46512500
19.18054100
14.22620900
18.42175000
14.89866600
18.60770900
14.75662500
19.30600000
14.11395800
19.11687500
14.22545800
18.82666700
14.50900000
19.08666700
13.72937500
18.40879100
15.46404200
19.04783300
13.81287500
19.07329200
14.82416700
20.87670800
12.56912500
20.29612500
13.04662500
20.96687500
12.36833300
20.82354200
12.15275000
21.69050000
12.09812500
21.43758300
11.91316700
21.82308300
11.52716700
21.03650000
11.90191700
19.53575000
14.26075000
22.44116600
10.96825000
21.45166700
11.31662500
21.40250000
11.99837500
21.14433300
12.19550000
21.59604200
12.37400000
21.44408300
11.31175000
21.39979200
12.57025000
21.63133300
11.73654200
20.88650000
12.19754200
20.11566600
13.53912500
18.81466700
14.52225000
19.20095800
14.16954200
19.73704200
13.62895800
21.14829200
12.23754100
20.51933400
12.82358300
20.29866700
13.06541600
19.52520900
13.86966600
19.34470900
13.41745800
18.51229200
14.85425000
18.28420800
15.59587500
18.07158300
14.78675000
17.55500000
16.26025000
17.62987500
15.78191700
17.91308300
15.53741700
18.08537500
15.20616700
18.29391600
14.72354200
19.12025000
14.62845800
18.88733400
14.51683300
18.99604200
14.37954100
19.16600000
14.21495900
19.04400000
13.72175000
18.89058300
14.50091700
19.32825000
14.58712500
18.91179100
14.43933400
18.98987500
14.40445800
18.80900000
13.97191700
19.00958300
14.88150000
18.87004200
13.98125000
19.16475000
14.79208300
18.90950000
14.41654200
18.55170800
14.79012500
18.95837500
14.48354200
18.78754100
14.57245900
18.72637500
14.58825000
17.75766600
15.43187500
18.08662500
15.42070900
18.17045800
15.26541700
18.32937500
15.00270800
19.69912500
13.70675000
19.68304200
13.11375000
19.42070800
13.92829200
19.65070800
14.27208300
19.49104200
13.90750000
19.44850000
13.95429200
19.56362500
13.20287500
20.56033300
12.78400000
20.99562500
12.97516700
19.81220800
12.94866700
19.87587500
13.49254100
20.05116700
13.31500000
19.89620800
14.07779200
19.51000000
13.24804200
19.79195800
14.17800000
19.75166700
13.61912500
19.67241600
13.66741700
19.60845800
13.76604200
20.78166700
12.60470800
20.70058300
12.05800000
20.85508400
13.09637500
20.70791600
12.07387500
20.54220900
13.40329100
20.71412500
12.65537500
20.51483400
12.87745800
20.90683300
12.43537500
20.69041700
12.67408300
20.73129200
12.65775000
20.43700000
12.91137500
20.67616700
12.68662500
20.59741600
12.79841700
20.64904200
12.69808300
20.33804200
12.99633300
20.45783300
12.94537500
20.60179200
12.17016700
21.06762500
12.87975000
20.65591600
12.13012500
20.89212500
13.05616700
20.26370800
13.10058400
20.55695800
12.82145800
20.33912500
12.43654200
20.32350000
13.62358300
20.57420900
12.82583300
20.15041700
13.20962500
19.96112500
12.79933300
20.00508300
13.93720900
20.05133300
13.34629200
20.06525000
13.27520800
20.65987500
12.12550000
20.52579200
13.45129100
22.28745900
11.05595800
22.10775000
10.71545800
23.88316700
10.05270800
22.12033400
11.22750000
22.25012500
11.11337500
22.56183300
10.82579200
22.46825000
10.87591600
22.55354200
10.81025000
22.69908300
10.69566700
22.80679200
10.53587500
22.46500000
10.31095800
22.30266700
11.67995800
22.65037500
10.71129200
22.33829100
11.00595900
22.59100000
10.80512500
22.80095800
10.56062500
22.58108300
10.76333400
21.68529100
11.70933400
21.00287500
12.36558300
21.05029200
12.30937500
21.05708300
12.28866700
20.65491600
12.12070900
21.33737500
12.62200000
21.05125000
12.30587500
24.95075000
8.09104100
22.56945900
10.54133300
21.74812500
11.77075000
21.12325000
12.08737500
20.96800000
12.99329200
20.91333300
12.45366700
21.15437500
12.23870800
20.89654200
12.42350000
20.60487500
12.78675000
20.22600000
12.91825000
20.09729100
13.49687500
19.59995900
13.75662500
20.13212500
13.22029100
21.51712500
11.26904200
20.15512500
13.80645800
20.84704200
12.56295800
20.33475000
13.01416700
19.90062500
12.84579200
19.67012500
14.27620800
20.54925000
12.85633300
20.07516700
13.25125000
20.11425000
13.24491700
20.54970800
12.25158300
20.19987500
13.77512500
19.57770900
13.77945800
19.21250000
13.69808300
18.68141700
14.53679200
18.40308300
15.55812500
18.97050000
13.80541700
19.93904100
14.01783400
20.30558300
12.50833300
20.35979200
13.58466700
20.39495800
12.94620800
19.88770900
13.47754100
20.74437500
12.05875000
21.01233400
12.32583300
20.94770800
13.00829200
20.82887500
12.58658300
20.87883400
12.43895800
20.88354200
11.89758300
21.10533300
12.87370900
21.20754100
11.54295900
21.05733300
12.90100000
21.14404200
11.63958300
21.28975000
12.68933300
21.37445900
11.96533300
21.04591700
12.34525000
21.33125000
12.03395800
21.17075000
12.18762500
20.92333300
12.42537500
21.03329200
12.36025000
22.97254200
9.95158300
24.46004200
9.31954100
22.75225000
10.64129200
91.79054200
1.27204100
53.67812500
9.48275000
23.33816700
1.06479200
21.60495800
1.20058300
21.67166700
1.06820800
21.08475000
0.91525000
21.02937500
1.34633400
21.32287500
1.26162500
21.34512500
1.03308300
21.16058300
0.93458400
20.97391600
11.81375000
21.08220900
12.31112500
