16.71983400
1651.65779100
16.30208400
19.17945800
14.07304200
18.88020800
15.34625000
18.12550000
14.45220800
18.84341700
15.36120800
18.75704200
13.45812500
18.68433300
15.68475000
17.88037500
15.48283400
17.96533300
15.41554200
17.95212500
15.46895800
17.98125000
15.36270800
17.89062500
14.41583400
17.68900000
15.69054100
17.60375000
16.66541700
17.84808300
15.71129200
18.03362500
14.24820800
17.56816700
16.62983300
17.99941700
15.57954200
17.91516600
14.39425000
17.77250000
16.46283400
17.77612500
15.76254100
17.71495900
14.61825000
17.61083300
15.74570800
17.65900000
16.61341700
17.52841700
16.01870800
17.67400000
15.66870800
17.65879200
15.65175000
17.61791700
15.30829100
17.29583400
16.37400000
17.43854100
15.04820900
17.24466600
16.13445900
17.21558300
16.80200000
17.63587500
16.04858300
17.59012500
15.89204200
17.49650000
15.82725000
17.43562500
15.87487500
17.42025000
14.98912500
18.09212500
16.12041700
18.28591600
15.22158400
17.76254100
15.57800000
18.54016700
14.87133300
18.54537500
14.80779200
18.45900000
15.02675000
18.34562500
14.90437500
18.37754200
15.08979100
18.57287500
14.80666700
18.38820800
14.85825000
18.39295900
14.99654100
18.30595900
15.09491600
18.64966700
14.72391700
20.30937500
13.01408300
20.19491700
13.24195800
20.50229200
12.85029100
20.34725000
13.03495900
20.16833300
13.23200000
20.60641700
11.62895800
20.77970800
12.59187500
20.44287500
14.05737500
19.64775000
13.68225000
19.65783400
13.66812500
19.47058300
13.84816700
19.73837500
13.72112500
19.64145800
12.65516700
19.56291600
13.75533400
19.65708300
14.83716700
19.62920800
13.79100000
19.88270800
13.39762500
19.87545900
12.84204100
18.22054200
15.68520800
17.53320900
15.73333300
17.30620800
16.02320900
16.67450000
16.39295800
18.13891700
15.63245800
18.56879200
13.83504100
18.26641700
16.06320800
18.24741700
15.38412500
18.34633300
15.01716700
18.77300000
14.66858300
18.61683400
14.74420800
18.85041700
13.46041600
18.49037500
15.89229200
18.17700000
14.15537500
18.44012500
14.84879200
18.74320800
15.79862500
18.67079200
13.57445800
18.32329200
16.18079100
18.39200000
14.89358400
18.46333300
15.11841700
18.42091600
14.85562500
18.24920900
14.05725000
18.53633300
15.95066700
18.35941600
13.95050000
18.29329200
15.76554200
18.22754100
15.62495900
18.21212500
14.22437500
18.29179100
15.92166700
18.20812500
15.35662500
18.15283300
14.52816700
18.12304200
15.23554100
18.03129200
15.99345800
18.07083400
15.50566600
18.37041700
14.92445800
18.15358400
15.17354100
18.02508400
14.42816600
17.82079200
16.33175000
17.71762500
15.94183300
17.93608400
15.33950000
17.59870800
14.72083300
17.55216700
15.55429200
17.85029100
16.58629200
16.89929200
15.81520800
17.38312500
16.66487500
17.41200000
15.09750000
17.11954200
16.30300000
18.71600000
17.34708300
13.79487500
17.46762500
16.72154200
17.67708300
16.03625000
17.41045800
16.07512500
17.17816700
14.77091700
17.57904100
17.04129200
17.20754200
16.19254100
17.30975000
16.08487500
17.40591700
14.70666700
17.55791600
17.14345900
17.11700000
16.28154100
18.61108400
14.73595800
17.98695800
13.99745900
17.95262500
15.49808300
18.11737500
16.56425000
18.19091700
15.28495800
18.19216700
15.06600000
17.19112500
16.32833300
17.25216700
16.03791600
17.43941700
15.90450000
17.58529200
15.88695800
17.44841700
15.83962500
17.28575000
16.20775000
17.49025000
15.82783300
17.56925000
15.88883300
17.18658400
15.98912500
17.33433300
16.13566700
17.78654100
14.70575000
17.39141700
16.52100000
15.95400000
17.11966700
15.91341600
17.44570900
15.84054100
17.48279200
15.80995800
16.62083400
16.27883300
17.87670800
15.89933400
17.50504100
15.99195900
17.40012500
16.01812500
17.38295800
15.84645800
16.68870900
16.18591600
17.77012500
16.01333400
18.02750000
16.02841600
16.64262500
15.84758400
17.72033300
16.29566700
17.29683300
16.14337500
17.22237500
16.12287500
17.31358300
16.20104200
17.21104200
16.27945800
17.38637500
16.14391700
15.88337500
16.21600000
17.95745800
16.04041700
17.51858300
16.05520800
17.82087500
16.20825000
15.73791700
16.02320800
17.98666700
16.09695800
17.50887500
15.75637500
17.23420900
16.24604100
16.67500000
16.19104200
17.83312500
15.88320800
17.53537500
16.12312500
16.44687500
16.09233400
17.92825000
16.15854100
17.87112500
16.03916700
17.07470800
16.19225000
16.13520900
16.11925000
17.66125000
16.42533300
17.35175000
16.26058300
17.15400000
16.10045900
17.28925000
16.25737500
17.25266600
15.98983400
17.19429100
16.23850000
17.10333400
16.22950000
17.28383300
16.25779200
16.16395800
16.32504200
16.87620800
16.27520800
17.29950000
15.99983400
17.17804100
16.15037500
17.93708400
15.89512500
17.61337500
15.91733300
17.46845800
15.90791700
16.60929200
16.10462500
18.01920800
15.96025000
17.53408300
15.85575000
17.48354200
15.85837500
17.41441700
16.04145800
17.41100000
16.15262500
16.44166700
16.05037500
18.56900000
16.17279100
16.83770900
17.74550000
16.02975000
17.33195800
15.88183300
17.77687500
14.98412500
17.46600000
16.53904200
17.33658300
16.14695900
17.42425000
15.00475000
17.14779100
16.93683400
16.74904100
16.78245900
16.05725000
17.52545800
15.65595800
17.36658400
16.62362500
16.75941600
16.74683400
16.75987500
17.25779100
16.18766700
16.54495800
16.68437500
16.74408400
16.77941600
17.39391700
15.86900000
18.67487500
14.80354200
18.14637500
14.07283300
18.39300000
16.17654200
18.07800000
15.12220800
18.32033300
15.10833400
18.04808300
15.28591700
18.53708300
14.80583300
18.07537500
13.89229200
17.95358300
17.27345900
14.57900000
18.29529100
14.78041700
18.45037500
15.01683300
18.53504200
14.75066700
18.81108300
14.54258300
18.39220900
14.97737500
18.88850000
14.49966600
18.28758400
15.05970800
18.75650000
14.60716700
18.26233300
15.15275000
18.65616700
14.64816600
18.12266700
15.24287500
19.15737500
14.27133300
18.65245900
14.68025000
17.48183300
15.91850000
18.18112500
15.15595800
18.63683400
14.70029100
18.63091700
14.76616700
18.18862500
15.15475000
18.14487500
15.23641600
18.90379200
14.44775000
17.57200000
15.80683300
18.20020900
15.18029100
18.26879200
15.10187500
18.14895800
15.20350000
18.21166700
15.13025000
18.24891700
15.14345800
18.65729200
14.68083300
19.16545800
14.21058400
18.17725000
15.20708300
18.20491700
17.48000000
14.88458300
17.23550000
16.41762500
17.44400000
16.70612500
17.53625000
16.11383300
17.67708400
15.78537500
17.27975000
15.90004100
17.72520900
14.41495800
17.55095800
17.01137500
17.47545900
16.04104100
17.57937500
15.80875000
17.78658400
15.52233300
17.62870800
15.75945900
17.46933300
15.40937500
17.48758300
16.39554200
17.60983300
15.71733400
17.50962500
15.92933300
17.72650000
15.60600000
17.86125000
15.58145800
17.12595900
16.13145800
17.48400000
15.95462500
17.34237500
15.98604200
17.15458300
16.10145800
17.67158400
15.87616600
17.60637500
14.37250000
17.54804200
16.88254200
17.53779100
16.03937500
17.31162500
14.97658400
17.45745800
16.79225000
17.49929200
16.02366600
17.40787500
16.12862500
17.64354200
15.36512500
17.76183300
16.00904200
17.71083300
14.24175000
17.57891700
17.09370800
17.64854200
14.48391700
17.52470800
16.87508300
17.73662500
15.31237500
18.11825000
15.92775000
17.78495900
15.50104100
18.40929200
14.95837500
18.57912500
14.90570800
18.59116700
14.63450000
18.52837500
14.17954200
18.21745800
15.88000000
18.70945800
14.59025000
18.37925000
14.89412500
18.44166700
15.02129200
18.38054100
14.88983400
18.49466600
14.88654200
18.18512500
15.24470800
18.77441700
14.53187500
18.35212500
14.99004200
18.17037500
15.26450000
18.45975000
14.92845800
18.35629200
15.00250000
18.40079100
15.04654200
18.81616700
14.31362500
17.24808300
16.13345800
17.15625000
15.38425000
17.21404200
15.61483300
17.13858400
16.35745800
16.91912500
17.17104200
17.39366600
16.34525000
17.09137500
16.24983400
17.08575000
16.44141600
17.22162500
16.26616700
17.31387500
15.94554200
16.88291600
16.59958400
17.03279100
14.96308400
17.19812500
17.18575000
17.23412500
16.37462500
16.80683300
16.49512500
17.07191700
16.20250000
17.31625000
16.33016600
17.19766700
15.06283300
17.81216700
16.44845800
17.87337500
15.45808400
18.01787500
14.08366600
17.97087500
16.66566700
17.89079200
15.56941600
17.78766700
15.48937500
17.76600000
15.73083300
17.70337500
15.30800000
17.70908400
15.86225000
17.81533300
15.73370800
17.43370900
15.47537500
17.69237500
16.01375000
17.97250000
14.11825000
17.81362500
16.38787500
17.59441600
16.22945900
17.67487500
15.89291600
17.39445900
15.31629100
17.14004200
16.48470800
16.93029200
16.40970800
16.84558400
16.48625000
16.91683300
16.54537500
16.91854200
15.69829100
16.90275000
16.71029200
17.38954200
16.55162500
16.99787500
15.13733300
17.35191700
16.99179100
17.53541700
16.28783300
17.45258400
15.73108300
17.72604200
14.66295800
17.38183300
16.78091700
17.41408300
15.13141700
17.71579200
15.66054100
17.42200000
16.71666700
17.40725000
16.43150000
18.01220800
15.37845900
17.96904100
15.35441700
17.56795800
15.61958400
17.69162500
15.92379100
17.54712500
15.71962500
17.21950000
15.08979200
17.71241700
16.56325000
17.61520800
15.79329200
17.45454100
16.18570900
16.74716600
16.54554200
16.93250000
16.21066700
16.65550000
16.61266600
16.58958400
16.79258300
17.42100000
16.26716700
16.94537500
16.41437500
18.20900000
15.16775000
17.88775000
15.45929100
17.84954200
15.65879200
17.89745800
15.32720800
17.92766700
15.42020800
17.88912500
15.63691700
18.04062500
15.18787500
18.13904200
15.33608300
17.90537500
15.42491700
17.82529100
15.43920900
18.23841600
14.82054200
17.93620800
15.84550000
18.11383400
15.16379100
18.22587500
15.14441700
17.92150000
14.12250000
18.03062500
16.30779200
18.70808300
15.25804200
18.52483300
14.55879200
17.30320800
16.02929200
17.29879100
16.14412500
17.26395900
15.01833300
17.20950000
17.00833300
17.28587500
16.32637500
17.19466700
16.13979200
17.31345800
16.01783300
17.30062500
16.06804200
17.40291700
15.94079100
17.27716700
14.80445800
17.39800000
16.29737500
17.36225000
16.87179200
17.35616700
16.16704100
17.16545900
16.17337500
17.41095800
15.90812500
17.49970800
14.75025000
17.26812500
16.14041700
17.42820800
16.80129200
17.15229200
16.57700000
16.94558300
16.18354200
17.16075000
15.72766600
17.36125000
16.54041700
17.14170800
16.25329200
17.28900000
16.28325000
17.21570800
16.04591700
17.18016700
16.23516600
14.93900000
17.57766700
15.47050000
17.63887500
15.69820800
18.42145900
14.95683300
18.09633300
15.26387500
18.55591700
14.84391700
18.77866600
14.62770900
18.07604100
15.20654200
18.00529200
15.80562500
17.80612500
15.99316600
17.44695900
16.17587500
16.30100000
16.16525000
17.95420800
15.74979200
17.85541600
16.10095900
17.09712500
15.90716600
17.52783400
15.90841600
17.40137500
16.13720900
16.51633300
16.16862500
18.37425000
16.17083300
16.82691700
18.02308300
14.23687500
17.68979200
16.72883300
17.72270900
15.90787500
17.29520800
16.27087500
17.68237500
14.90225000
18.34287500
15.01220800
17.89695900
16.16887500
17.02095800
16.30254200
16.80091600
16.33704200
16.94416700
16.45695800
16.88487500
15.62208300
16.82720900
16.74516600
16.79916700
16.99045800
16.89520900
15.47816600
16.73987500
17.53545900
16.74225000
17.12058300
17.03237500
16.25566700
16.73183300
15.39925000
16.62287500
17.52954200
16.86187500
16.68354100
16.86791700
15.74308300
18.09079200
16.34708300
18.37908400
15.12650000
18.04037500
15.23395800
18.19375000
13.86237500
18.52129200
16.26204100
18.54041700
14.74908300
18.22104200
15.04804200
18.36370800
15.17500000
18.39495800
13.47608400
18.13170800
15.61208300
17.37750000
17.16316700
14.56858300
18.48929200
14.87075000
18.39358300
14.97925000
18.55195900
14.88529100
18.45641700
14.84800000
18.65766700
14.99687500
18.51854100
15.21216700
17.96962500
14.74604200
18.31604100
15.05745900
18.35116600
15.00066700
18.89525000
14.51979200
17.51462500
18.39637500
15.94433300
18.43158300
14.96500000
18.15720900
14.90162500
18.09354100
15.51970900
18.22733300
15.14125000
18.06812500
15.41712500
16.18866700
17.00066600
15.94600000
16.45008400
15.90437500
18.72525000
15.19325000
17.71366600
15.34437500
17.94916700
15.26095800
17.99754200
15.67512500
18.19083300
15.70383400
16.49629100
15.94737500
17.93920900
15.73841600
18.12333400
17.96716600
14.14837500
18.29862500
15.64841700
18.23650000
15.87566700
18.42625000
14.97187500
18.25016600
15.12450000
18.35179200
15.03970800
17.94995900
15.29895800
17.86779200
15.45550000
18.22954100
15.32329200
18.73287500
14.56025000
18.57966700
14.96891600
17.78587500
15.54158400
17.47220800
15.70591700
17.70641600
15.76533400
17.66587500
15.78708300
17.68454200
15.62683300
17.92316700
15.28416600
17.82225000
14.26708400
17.67312500
16.80695800
17.88633300
14.38200000
18.02966700
15.29575000
17.78287500
16.77537500
17.93383300
14.27037500
17.94045900
16.76333300
17.76554200
15.65558300
17.81654200
14.08637500
18.09904100
16.49220900
17.77191600
15.78175000
18.05129200
13.90995800
17.90237500
16.76516700
18.10083300
14.08162500
18.04762500
15.25129200
17.90004200
15.73637500
17.72491600
16.65033400
17.65695800
14.48841700
17.62800000
16.88841600
17.54083400
16.06816600
17.82679200
14.53820800
18.03633400
15.97966600
18.01533400
15.67445800
17.65766700
14.76020800
17.76462500
16.17295800
17.80895900
16.03408300
17.86858300
15.30312500
18.53308400
14.40379100
17.86995900
16.16479100
17.38166700
15.96525000
18.78179200
14.47187500
18.14512500
15.30808300
18.31762500
14.95758300
17.01500000
16.43337500
17.31087500
16.18770900
18.78429100
14.66383400
17.78629100
15.84758400
17.63766600
15.58558400
18.05745800
13.97012500
18.48225000
15.21425000
17.56962500
16.55337500
16.37883300
16.95916700
17.67504200
15.92362500
18.66837500
13.31875000
17.41779100
17.27633400
18.30383300
14.24654200
20.44645800
57.09050000
33.42208300
6.51433400
17.85679100
6.25641700
17.40812500
5.75254200
16.27620800
5.74991700
16.71104100
5.67820900
16.75062500
6.72637500
16.67333300
17.77216700
17.93566600
15.15233400
17.02912500
16.91837500
16.81454100
16.46558400
16.84837500
16.53337500
16.93720800
15.23816700
16.98700000
17.29275000
16.74962500
15.63616600
16.82354200
17.50420800
16.70208400
15.76945800
16.79187500
17.49245800
16.84675000
16.78170900
16.73395800
16.60962500
16.77070800
16.58395900
16.58766600
16.70633400
16.73095800
16.55287500
16.77233300
16.65945900
16.55533300
16.98250000
16.15225000
17.03900000
15.93308300
17.48950000
16.40737500
16.79770900
16.22775000
17.16941600
16.14208400
17.73533300
16.24595800
16.43629200
16.68300000
16.93570800
17.08583400
15.59458300
17.91804200
16.58970800
17.36958300
15.98066700
18.75991700
13.29720800
17.44241700
16.78137500
16.92350000
16.62416600
16.83016700
16.51279200
16.70320800
16.56995800
16.86816700
16.67283300
16.91837500
16.40183400
16.71716600
16.60670900
17.13995800
16.41387500
16.89462500
15.99500000
16.88662500
16.70983300
17.01895900
16.48216600
16.75416700
16.62683300
18.53700000
16.79658400
14.93350000
16.23891600
15.84579200
16.51879200
17.57895800
16.53837500
16.94591700
16.46350000
17.00250000
16.56650000
16.76350000
16.84462500
15.40841600
16.86545900
17.40991600
16.76837500
16.80391700
16.99191700
16.50912500
16.91720800
15.22841700
16.78783300
17.38870800
16.66679200
16.99008300
16.19020900
17.17016600
16.45975000
16.86845900
16.45283300
15.84245800
16.31900000
17.83625000
16.39412500
16.56745900
16.27075000
17.79566600
16.44637500
16.89995900
16.65900000
16.76595800
16.73200000
16.84279200
17.00845800
16.52929200
17.73979100
15.54391700
17.66241700
15.81641600
17.44779200
15.86316700
17.52475000
14.92433300
17.54816700
15.40216600
17.26229200
17.16237500
17.60020800
16.03450000
17.41458400
15.81045800
17.45866700
15.94829100
17.25720900
16.18920800
17.43279200
15.83766600
17.61641700
15.95558300
17.14462500
16.14175000
17.10016700
16.13941700
17.12033300
16.27379200
17.11329100
16.51066700
17.43350000
14.47737500
17.30125000
16.94816700
15.93379100
17.32200000
15.92454200
17.33766700
15.99458300
17.49362500
15.78437500
17.13575000
15.74983300
18.40845900
15.64875000
17.41104100
15.73812500
17.46629200
15.73241700
17.62591600
15.92150000
17.57166700
15.91154200
17.38054100
15.87595900
17.57383300
15.85441700
17.55658300
15.83529200
17.40837500
15.79129100
17.46850000
15.46570900
17.84925000
15.60733300
17.97254200
15.89604100
17.43987500
16.05100000
17.37133400
16.05291600
17.24275000
16.81545900
16.83429100
16.40050000
16.92850000
16.70512500
15.67479200
16.66870800
17.48850000
16.44104200
17.17225000
16.91300000
16.61454200
16.92608300
16.60391700
17.05295800
16.22504200
17.45025000
14.96150000
17.75908300
16.40662500
17.72708300
14.34675000
17.99833400
16.53695800
17.87391700
15.61300000
17.81987500
15.72095800
17.97837500
13.97258300
17.78125000
16.58387500
17.75229200
15.71845800
17.80558400
15.06020800
17.48887500
16.32225000
17.74970800
15.75987500
17.98016700
14.07437500
18.12445800
16.40412500
18.18833400
15.31670800
18.14779200
15.16516600
18.22729200
14.66375000
18.33641700
15.45066600
18.44558400
14.91975000
18.48412500
14.35245800
18.33941700
14.79691600
18.11420900
16.07020800
18.49420800
14.15195900
18.38300000
15.80300000
18.25145800
15.08141700
18.14712500
14.41612500
18.33275000
15.86395800
18.47291700
15.16512500
15.16850000
17.58075000
15.16587500
17.97820800
15.76650000
17.72058300
15.81366700
17.02137500
16.05004200
17.45395800
16.17708300
17.55195900
15.60087500
17.71083300
15.77816700
17.79537500
16.19008300
17.27908300
16.12141700
17.32804200
16.02366600
17.20258400
16.21570800
17.28937500
15.88720800
17.56079200
17.31945800
16.35129200
16.73304200
16.54687500
17.07095800
16.60729200
22.51979100
9.33275000
16.19795900
17.66516600
16.72012500
17.09525000
17.36979200
16.28437500
17.36987500
16.12054200
17.26329100
15.93691700
17.59587500
15.91858300
16.78116700
16.39850000
17.92504200
15.45500000
17.66212500
15.73250000
17.91254100
15.57116700
17.34608300
15.93375000
17.51125000
16.00745900
18.03666600
15.30941700
17.84016700
14.61825000
17.76166600
16.06175000
17.37791700
16.07779200
16.70162500
16.61920800
15.84270800
17.32125000
16.32362500
17.02612500
16.74000000
16.59904200
17.91750000
15.86233300
17.64700000
15.66341700
17.37041700
16.00462500
16.76375000
15.84479100
19.08291700
13.84916700
16.46575000
18.32600000
15.65112500
17.22416600
15.57400000
17.74116700
15.15366700
18.00479100
15.33933400
17.74195800
15.62487500
17.95079200
15.44845800
17.89841700
15.77087500
17.33883300
16.46433300
17.45329200
16.18966700
17.18991600
16.13570900
16.49470800
16.22025000
17.76958300
16.24712500
16.19233400
16.38650000
16.90933300
16.25375000
18.03470800
16.20295900
17.31812500
16.21270800
16.34041700
16.06929100
17.97120900
15.93916600
16.79754200
16.69400000
17.56370800
16.61587500
16.85741700
16.27729200
15.97550000
16.44550000
17.56587500
16.15479100
17.41458400
16.19183300
17.20554200
16.12150000
17.38204100
15.07816700
17.91045800
15.45012500
18.16479200
15.46337500
17.88579200
15.19475000
18.49750000
16.51975000
16.77179100
17.01370900
16.35291600
16.38283400
16.80941600
16.58541700
15.75804200
16.66445800
17.51108300
16.44470900
17.07550000
16.56725000
16.95875000
16.57291600
17.12395900
16.50295800
16.36258300
16.72004200
15.66795800
16.57966700
18.04000000
16.39866700
16.81758300
16.84312500
16.66233300
16.72504200
16.53704200
16.38029100
16.81212500
16.90487500
15.84270900
18.72591600
15.78754200
17.43937500
14.94716700
17.72204100
57.45912500
55.30070900
6.38050000
34.60033300
12.31462500
22.83795800
18.67416700
28.97475000
12.31762500
18.17091700
6.23391600
27.42987500
6.85125000
23.14312500
6.48500000
37.89062500
7.04708400
22.32270800
7.12487500
42.58637500
11.73541700
24.23008300
17.69658300
36.88470900
8.01962500
29.02345800
7.86241700
39.74616600
7.69029200
34.39362500
11.64845800
26.27020900
19.18483300
25.05720800
7.89237500
43.91641700
10.81345800
25.39254200
20.08387500
25.27220800
15.34808400
36.91037500
11.64879100
25.74166700
22.36166700
25.59841600
18.43354200
35.74220800
7.98216700
33.21783300
12.86845900
34.59562500
15.99391600
37.33083400
13.00204100
28.61629200
21.55500000
33.47145800
13.58575000
26.26408400
16.02412500
37.76200000
8.52070800
33.28204200
12.11329100
28.92041700
14.13991700
28.95125000
16.76850000
39.66545800
8.45137500
30.57291700
7.33637500
38.91012500
7.35425000
35.17745800
20.30208300
42.12591700
12.44783300
26.28679200
11.54404200
42.46037500
11.24850000
32.19020800
17.37554200
36.22829100
12.41720900
32.13954100
8.08645900
54.91745800
8.71179200
32.77600000
20.34266600
43.21800000
13.08908400
38.30345800
13.05733300
38.29162500
13.10062500
41.37245900
30.64762500
54.91266600
8.59483400
31.97433300
17.63775000
44.58666700
8.59450000
33.14279100
24.77062500
39.71266700
12.82212500
31.61337500
7.93395800
48.14008400
11.51150000
37.42316600
12.27079200
46.11712500
11.80775000
31.09537500
21.81554200
38.82037500
11.05945800
26.70187500
10.38287500
48.43320800
8.25058400
50.88854100
12.16333400
36.66908300
11.01700000
29.60491700
7.85733300
52.90962500
11.62370800
43.39062500
12.25008400
31.84854100
20.99850000
40.80108400
12.32675000
31.06670800
9.14054200
50.73700000
14.01079100
38.70887500
13.48245900
38.41091600
17.97195900
52.68091600
9.74904200
46.69745800
12.53029200
49.26225000
9.44025000
31.59966700
8.02170800
33.58187500
8.09137500
31.50050000
22.30054200
40.52545800
8.76895800
37.70858400
8.36312500
29.08508300
8.32187500
54.01433300
8.92708400
35.10058300
12.02970800
38.52604200
11.83054200
45.37895800
16.32175000
33.00037500
8.91595800
31.26554200
9.85475000
28.64525000
18.11020800
32.07870900
41.42820800
66.11912500
15.77079200
26.45900000
20.72545800
33.35991700
8.18279100
27.98495900
7.93370800
39.54479200
7.73016600
44.00737500
7.88800000
30.57075000
15.22120900
38.26229100
10.71450000
35.35262500
10.71025000
32.34641700
13.93395800
38.74708400
8.03708300
30.17375000
15.18883300
38.23554200
10.83145800
44.29037500
20.66666700
34.88775000
8.52729200
45.97145800
11.62075000
49.40083300
11.10204200
27.36920800
15.66216700
34.86791700
10.60841600
33.99379200
9.94358300
28.19762500
11.15045900
27.57004100
7.16637500
36.29966700
9.62995800
24.87995900
14.71050000
32.29629100
9.60816700
31.80883300
7.24404200
32.40737500
13.17137500
25.31970800
9.58883400
44.72741600
9.45725000
37.20050000
25.60408400
39.34933300
13.27775000
38.88700000
12.26120800
37.01216700
12.03941700
35.96866600
13.44750000
38.22400000
14.53541700
42.12354200
8.46491600
46.12116700
8.73250000
32.89600000
23.88895800
52.68025000
13.14950000
33.08658400
8.37595800
63.55216700
13.28275000
33.37783300
8.69133300
56.52820900
8.99237500
32.43854100
26.83820900
61.37791600
10.11433400
64.33212500
13.36112500
51.59245800
18.33308300
46.06679200
12.30958300
38.11075000
9.29904200
38.17725000
16.97625000
40.54220800
12.46787500
37.27225000
15.29991700
67.36970800
14.63591700
46.52462500
9.75350000
33.12183300
19.56870900
44.92462500
14.36329100
36.11270900
13.46554100
38.89183400
13.70808300
43.04020800
9.20645900
33.88545800
24.79662500
51.51075000
13.42845800
29.69266700
8.47808300
58.45720900
8.90070800
33.72200000
8.06041700
44.74700000
11.01675000
52.01995800
12.72654200
37.89383300
14.23637500
38.39295800
13.93250000
44.34895900
9.34958300
42.78054200
9.30754100
32.94529200
11.91966700
53.48012500
12.23120800
42.97608300
9.06279200
34.45237500
24.58062500
47.09320800
13.14558400
45.64291600
13.05470900
33.01337500
25.03329100
39.50937500
9.23875000
34.49650000
8.13366700
36.19833300
13.99608400
35.65133300
13.98391700
36.63754100
14.31200000
35.39650000
14.89841700
38.11629200
13.94541600
38.71325000
14.17304200
33.00287500
8.58754200
53.46633300
8.28662500
46.41150000
13.60650000
49.04300000
12.32250000
43.77395800
14.18808400
46.74175000
13.17025000
34.31529100
8.39929200
48.83537500
14.14204200
54.17766600
14.61745900
44.60720800
12.68670800
34.43129200
7.93825000
44.72120800
19.60904200
48.91345800
13.48520900
35.86333300
12.97100000
53.92800000
9.36275000
40.49575000
13.51441700
37.75904100
8.53725000
34.35633400
7.84170800
41.63854200
8.01808300
31.06454200
8.21729100
40.28066700
7.92116700
39.88987500
7.74933300
34.63691700
19.17375000
36.27104100
8.63804200
46.45958300
7.97845900
32.76150000
11.48041600
44.33733400
17.00279100
29.88641700
21.87166700
37.03545800
14.29029200
39.22416600
14.80562500
44.67316700
9.59133300
34.26862500
24.58270900
47.83216600
9.57633400
35.55583300
29.66520800
33.72662500
18.66029200
45.19404200
13.49187500
40.77587500
13.25479100
33.67187500
9.57475000
54.52050000
8.85445900
24.56420800
7.84458300
24.61783400
7.83691600
24.28100000
7.06804200
22.69325000
7.23066700
22.33820800
7.38841700
23.70720800
6.84529200
22.18891600
6.52166700
22.07675000
6.75120800
21.24204200
6.69495800
21.31295900
6.98141600
23.00575000
6.87166700
22.50725000
7.20816700
23.92050000
8.12795800
23.05220800
6.76141700
20.83220800
6.59883400
21.19687500
6.52675000
21.58891600
6.58045900
20.36625000
6.46466600
20.86658400
6.60204100
20.45379200
6.53337500
21.61450000
6.61429200
20.62616600
8.10837500
19.21362500
14.44437500
18.89945900
14.29104100
18.91729200
14.43533300
18.74183400
14.58350000
17.62995800
15.71566700
16.87237500
16.66941600
16.37595900
16.80808300
16.06195800
17.54662500
15.81662500
17.35341700
15.99979200
17.62733300
15.73941700
17.34412500
16.04116600
17.40175000
15.97833400
17.52470800
15.86370800
17.40016700
15.90304200
17.36266600
16.07925000
17.78745900
15.55975000
17.40329100
15.93658400
17.37729100
15.98745900
17.38695800
15.96816700
17.62512500
15.94554100
17.18795900
15.95987500
17.68058300
15.68812500
17.50925000
15.86187500
17.43154200
15.92670800
17.36508300
16.02162500
17.48504200
15.90045800
17.44858400
15.88100000
17.46187500
15.90737500
17.34475000
16.03995800
17.47504200
15.89258300
17.36800000
15.98354200
17.61662500
15.74937500
17.81700000
27.36304100
5.76675000
17.66695900
15.55479100
19.30716700
31.60816700
40.69120800
8.19920800
26.91058400
6.88200000
30.34129100
15.97050000
31.30504200
12.17212500
25.98808300
11.71233400
36.64766600
10.15595900
25.92558300
18.22683300
38.79725000
7.85041700
31.08795800
17.14645900
40.51954100
8.46208400
38.68341600
13.06262500
34.15170900
27.96254100
47.24575000
9.59783400
32.01208300
24.68225000
54.48083300
14.25416700
31.77779200
9.72583300
49.21558300
15.63804200
42.74387500
13.58183300
37.65979200
16.39870800
39.43687500
13.35604200
41.32283300
9.73062500
40.92162500
9.01350000
41.90404200
8.99441700
30.52725000
8.67837500
61.47391600
12.97975000
60.57716700
15.21112500
32.32254200
27.94533300
51.27754200
15.52729100
157.76779200
51.54733300
91.19370900
15.78520800
37.31295800
9.40283400
38.92037500
14.39366600
43.01854200
9.58175000
35.20941700
21.47445800
29.57866700
21.68295800
37.07741700
14.33079100
32.84408400
8.39862500
43.18037500
13.72662500
33.67895800
8.21083300
51.17891700
13.46758300
35.23904200
39.39900000
8.57333300
44.61383400
13.58854100
14.62987500
43.55145900
33.13420800
8.58495800
36.73600000
8.44100000
48.44591700
13.04404200
38.91887500
12.22520800
36.32466700
11.93429100
37.05229200
12.56608300
36.55483400
12.33225000
35.51841600
14.02087500
28.66729200
7.87787500
58.68516700
18.07087500
36.57808300
13.39554200
28.09620800
22.48016700
29.21033300
21.78029200
27.95375000
21.68450000
33.06866600
18.79987500
35.83925000
15.87716700
32.88704200
8.29520800
32.33808300
18.37808400
27.86183300
8.61345800
49.47612500
9.41800000
53.46979200
14.44112500
34.26141700
24.30533300
40.59808300
9.57037500
25.50783400
18.81870800
42.44366700
13.39262500
27.89091600
28.73100000
37.66158400
22.12387500
37.79854100
15.49579200
29.57204200
7.85712500
32.20066600
8.49120900
33.17141600
7.95137500
37.45679200
21.47100000
34.07162500
18.15733300
33.87225000
15.48004200
28.20358300
20.28550000
40.24020900
10.83345800
31.48429200
8.70841600
32.70470900
16.11162500
34.33158300
15.18454200
37.96800000
12.78608300
36.37712500
11.65083300
27.18712500
18.68870900
27.37125000
13.89466600
30.56541700
8.08508300
39.93091700
7.96437500
30.35354200
7.98079100
31.11425000
7.98545900
33.04029100
8.00545900
25.59983300
11.96545800
30.11670900
7.98745800
21.99058300
17.64254200
25.57179200
7.64325000
33.82345800
7.86375000
37.21379200
8.13316600
23.08950000
7.90525000
38.44391700
7.97337500
31.56900000
17.11416700
33.16541600
8.34266700
24.01112500
16.00037500
39.41795800
8.54912500
24.01695900
16.69450000
26.32566600
8.03937500
37.65850000
8.14316700
24.93250000
11.57562500
39.45233300
11.12945900
26.02833300
8.02887500
39.50083300
8.20158400
27.45450000
8.11104100
44.61366700
8.31441700
24.04750000
15.78991600
35.69725000
8.32300000
25.52404200
16.17275000
34.40120800
8.30825000
24.92620900
15.64495800
33.76945800
8.56391700
24.44995800
18.00679200
39.79058300
8.68929200
32.03700000
11.60679200
50.30483300
8.76175000
33.48562500
8.25341700
24.51250000
22.59225000
29.59625000
8.62337500
40.53504100
9.11933400
27.67812500
7.94841600
25.65837500
7.91637500
25.69037500
8.03162500
23.83258400
7.13304100
23.46354200
7.25345800
23.31633400
7.30825000
23.85829100
6.68266700
21.02320800
6.60245900
21.26891600
6.62208400
21.95420800
6.47741700
21.50929100
6.57375000
21.87062500
6.66458400
21.24812500
6.22804100
20.36512500
6.10137500
19.54654200
6.33495800
19.89000000
6.19425000
20.08841700
6.13733300
19.94679200
6.18133300
20.13541700
6.06620800
20.27308400
8.87083300
19.51116700
14.04991600
19.71554200
13.65695800
19.78616700
13.56645800
19.63775000
13.97366700
18.34970800
14.61383400
17.95208300
15.46995800
18.02208400
15.43091600
17.91529200
16.53879200
20.19558300
12.39733300
22.57229200
13.41262500
36.35795800
8.71158400
25.35150000
7.28662500
22.82720800
7.35508300
22.67629200
7.25475000
21.97545800
6.95062500
23.27270900
7.53287500
22.00191600
11.16370900
21.14654100
12.23095900
20.54808300
12.88800000
19.02191700
14.19437500
18.90662500
14.43662500
18.33479100
15.30208400
18.49629100
14.72991700
18.51350000
14.70129200
18.75020800
14.73862500
18.45358300
14.93587500
18.30429200
14.89004200
18.25175000
15.44570800
17.94716700
16.53866600
16.52179200
16.20820800
16.35308400
16.04345800
16.64941700
16.89383300
17.05079200
16.98620800
17.22437500
17.08162500
17.54875000
17.44266700
17.89683300
17.77479200
17.26541600
17.08062500
17.52854200
17.10441700
17.14754100
17.20604200
17.16704200
17.25375000
17.34700000
16.89154100
17.98150000
18.60287500
19.69087500
18.38229200
18.80829200
17.79187500
17.98820800
17.72879200
17.66095800
17.45041700
17.87362500
17.30662500
17.78400000
17.63716600
18.15608400
18.80658300
19.58362500
18.53291700
18.34316600
19.22675000
18.34300000
18.49995900
18.56300000
18.70033300
18.83583300
18.59595900
19.73737500
19.21720800
19.17779200
18.35958300
18.33316700
18.61600000
18.81491600
18.76666700
18.79920800
19.40837500
18.55345900
19.13525000
18.45741600
18.40875000
18.75470900
19.35900000
18.51033300
18.63741700
18.80004100
19.10370900
19.10904100
17.80058400
18.96858300
17.27216700
17.35283300
19.94045800
19.49045900
19.72454100
19.06608400
18.85829100
19.10450000
19.03050000
23.65008400
34.25595800
22.10975000
26.30420800
23.60970900
20.86304100
20.34570900
20.48920800
20.73983300
20.09137500
20.56633400
20.38791600
20.29141700
19.38091700
19.16654100
19.24154200
18.97525000
19.67004200
19.28320800
19.47954200
19.40033300
19.32670800
19.30733400
19.43466600
18.95445900
17.95450000
17.87145800
18.74412500
17.70541700
18.68375000
18.00812500
17.98766600
18.87770900
19.04445800
18.93866700
18.77191600
18.61312500
18.75395900
17.36170800
17.41125000
17.56679200
17.45354100
17.42012500
17.64883400
17.61812500
17.43358300
16.98200000
16.94462500
16.77462500
17.02508300
16.76462500
16.89470900
16.88237500
16.93341600
16.75854200
17.07045800
16.65120900
16.65737500
16.67545800
16.85604200
16.54629100
16.63720900
16.54812500
16.37666600
16.92704200
17.39025000
17.25554200
17.41687500
17.28100000
17.16554100
17.52183400
17.24770800
17.35554200
17.50687500
17.23679100
17.84866700
17.39641700
17.30950000
17.57450000
17.56979100
17.17820900
17.51279100
17.43416700
17.21933300
17.92133400
17.44112500
17.05154100
17.43941700
17.14833300
17.11045900
17.59866600
17.16954200
17.12179200
17.30337500
17.32758300
17.25495800
17.71291700
17.36116700
17.26041600
17.48320900
17.34583300
17.02804200
17.43404100
17.19116700
17.75912500
17.41791700
17.50245800
17.03204200
17.86166600
17.52183400
17.50962500
17.69454100
17.50158400
17.49491600
17.68720900
17.58041600
17.45941700
17.68145800
17.46541700
17.52737500
17.57408300
17.49904200
17.50866700
17.90650000
17.68083300
17.72787500
17.71091700
17.61954100
17.65837500
17.60875000
17.66666700
17.69983300
17.08150000
17.06054200
17.20029200
17.07587500
17.01400000
17.27608300
17.27266700
16.99795800
17.24395800
17.12920900
17.05137500
17.30254100
16.88358400
17.05808300
17.11425000
17.21958300
16.79712500
17.29812500
16.77454200
16.91883300
17.08150000
17.14983400
17.05291600
17.18108400
16.87941600
16.71041700
17.38595800
17.33087500
17.38916700
17.26762500
17.34520800
17.09991700
17.57895800
17.73470900
17.28833300
17.75783300
17.52679200
17.40570800
17.53983400
17.40637500
17.20787500
17.50908300
17.15100000
17.44712500
17.38333300
17.36733400
17.34291600
17.45625000
17.59662500
17.76545900
17.40987500
17.45562500
17.62395800
17.55562500
17.39420800
17.54404200
17.44529200
17.24850000
17.98150000
17.38708300
17.35233300
17.57908400
17.51608300
17.20170800
17.66683400
17.60504100
17.35870900
17.98791600
17.38608400
17.67320800
17.49020800
17.64258400
17.19725000
17.65100000
17.35333300
17.37833300
17.24058400
17.55983300
17.40654200
16.78175000
16.38650000
16.50966600
16.76745900
16.56195800
16.65066700
16.78337500
16.67733300
16.50041700
16.67850000
16.53316600
16.43629200
16.62154200
16.49662500
16.48029100
16.61925000
16.50229200
16.49850000
16.64616700
16.64754100
16.57562500
16.57108400
16.52350000
16.62050000
16.52029100
16.59116700
16.67504200
16.58883300
16.58025000
16.67137500
16.71400000
16.45266700
17.14683300
17.20287500
17.18950000
17.75308300
17.44820900
17.46050000
17.62600000
17.62362500
17.49329100
17.65595900
17.38212500
17.49845800
17.59020800
17.34183400
17.23504100
17.93366700
17.47275000
17.12116700
17.47979100
17.32587500
17.15808400
17.52279100
17.33762500
17.36000000
17.39058400
17.22770800
17.28262500
17.58000000
17.31741700
17.25650000
17.30695800
17.17158300
16.99691700
17.31962500
17.43591700
17.40137500
17.48512500
17.36354100
17.39945900
17.56950000
17.07958300
17.24104200
17.18137500
17.07237500
17.42058300
17.18308300
17.47283400
17.32304100
17.27650000
17.36404200
17.39454200
17.37950000
17.32145800
17.32654200
17.00925000
16.96450000
17.11333300
16.92275000
16.59966700
16.91387500
16.97591600
17.04200000
17.31383400
17.05691600
17.31050000
17.38758400
16.69433300
16.94158300
5.69712500
16.67037500
5.73650000
16.88483400
5.92283300
16.33308300
5.74712500
16.20766700
5.92595800
17.77775000
5.68858400
17.35829100
5.72350000
17.28566700
5.71833300
18.07183400
5.55912500
18.02970800
13.99125000
17.40704200
15.88762500
17.77112500
15.60962500
17.57266600
15.80470900
17.65045800
15.74516700
17.67020800
15.48066700
17.44800000
15.96179100
17.62929200
16.01987500
17.62345800
15.45870900
17.68125000
15.94762500
17.79200000
15.52983300
17.81558300
15.51479200
17.32925000
15.88591700
17.94491600
15.66537500
18.46954200
14.82158300
18.75879200
14.51800000
17.67579200
15.49379100
17.28212500
16.21758400
18.27837500
14.96091600
18.01350000
15.74904200
18.13712500
15.04208300
17.77108400
15.61262500
17.98566600
15.29641700
17.56745800
15.83700000
18.00862500
15.42650000
17.65916700
15.51537500
17.87416700
15.38008300
17.93070800
15.53541700
17.80654200
15.62225000
17.75412500
15.64700000
18.03441600
15.34512500
17.84437500
15.40420900
17.97508300
15.54770800
18.03354200
15.34362500
18.09479200
15.21320800
17.86400000
15.76416700
19.10579100
14.01758400
18.75400000
14.65100000
18.68600000
14.67391600
18.80762500
14.53670900
18.52862500
14.86312500
18.62241600
14.74066700
18.49566700
14.80666600
18.59087500
14.92070900
18.52762500
14.74729100
18.39087500
15.03958400
18.52158300
14.96058300
18.50837500
14.75891700
18.35233300
15.05200000
18.34095900
15.03216600
18.38066700
14.97862500
18.53191700
14.90783300
18.79004200
14.46708300
18.53958300
14.83862500
17.08075000
16.24558400
17.36804100
15.90525000
17.29258400
16.10829100
17.58283400
15.96829100
17.15758400
16.14975000
17.31683300
16.14883300
17.11383400
16.13808300
17.49016700
15.95141600
17.55608400
15.70220800
17.35070800
16.08329200
17.15512500
15.89479200
17.46129100
16.17495900
17.32300000
15.95912500
17.19845800
16.21725000
17.46608300
15.79279200
17.55737500
16.01512500
17.64279200
15.54908300
17.65033300
15.46416700
17.61604200
16.07366600
17.53658400
15.76329100
17.67633400
15.66133300
23.76383300
9.62850000
17.91604200
15.53541700
18.02504100
15.44145900
17.76454100
15.46141700
17.82666700
15.56000000
18.06220800
15.16112500
17.82091700
15.47195800
17.79212500
15.78725000
18.01075000
15.19712500
17.83558300
15.79729200
17.98258300
15.16962500
17.74091700
15.60562500
17.91366700
15.49837500
17.50100000
16.03179100
17.81854200
15.51154200
17.92387500
15.50570800
17.83529200
15.29670800
17.89220800
15.57233400
18.03195800
16.01066700
23.76587500
8.72816600
17.97054200
15.61525000
18.69720800
14.44916700
17.99262500
15.80491700
17.92287500
15.28970800
18.02637500
15.05208300
18.18870900
15.43312500
17.96600000
15.36891600
17.39354200
15.84816700
17.50645800
15.89666700
17.78850000
15.47104100
17.78475000
15.82070900
18.08908300
15.28308300
17.88766700
15.41637500
17.82908300
15.49966700
17.89475000
15.52370800
17.81291700
15.63995800
17.94070900
15.37650000
18.10479100
15.23454200
17.91045800
15.21208400
17.62370800
15.82425000
17.87529200
15.65675000
17.89820800
15.54995800
18.05120900
15.16479100
17.98654200
15.43262500
17.93666700
15.47291600
17.94558400
15.63033300
18.87179200
14.26454100
18.53287500
15.04350000
18.70425000
14.23391700
18.44837500
15.27666700
18.52079100
14.69954200
18.47545800
14.64550000
18.59158400
15.08241600
18.41145900
14.75241600
18.20279200
15.39245800
18.36287500
15.00591700
18.32475000
15.15516700
18.21779100
14.95616700
18.29312500
15.15316700
18.33837500
15.06929100
18.38104200
14.85100000
18.44508300
14.97600000
19.10291700
14.36341700
18.35420800
14.80370800
17.79879200
15.58312500
17.36504200
15.99237500
18.14062500
15.30354100
17.94745900
15.42654100
17.76737500
15.62775000
17.81729200
15.29862500
17.73483300
15.76095900
17.97283300
15.54583300
17.62741700
15.49379200
17.47412500
15.77929100
17.50741700
16.15512500
17.68683300
16.00137500
18.92762500
14.01416700
20.13216700
13.44700000
18.67812500
14.92054100
64.54612500
8.42537500
22.97362500
6.30237500
18.00433400
5.61945800
17.43137500
5.63812500
17.40783300
5.66304200
20.26133300
17.77770900
6.22525000
18.14037500
15.30050000
18.13079100
15.11050000
17.97012500
15.64750000
17.44779200
15.84779200
17.40708300
15.91387500
17.65441700
15.85245800
17.89766700
15.32150000
17.69362500
15.70766600
18.05279200
15.41212500
17.72483300
15.55600000
17.55187500
15.64887500
17.93062500
15.50800000
17.46337500
15.98133400
17.49662500
16.03879100
17.39812500
15.83066700
17.67425000
15.69587500
17.58454200
15.67962500
17.85616600
15.58783400
17.53183300
15.94141700
17.64283300
15.64975000
17.90033300
15.41312500
17.95695900
15.42200000
18.22616600
15.00591700
18.43245800
15.32970900
18.77408300
14.44787500
18.29987500
15.42066700
19.11200000
14.04104100
18.11537500
14.97741700
17.30758300
16.22183400
17.51141600
16.04270900
18.10104100
15.07016700
17.60375000
15.72991700
17.07800000
16.37312500
16.60608300
16.56916700
16.93033300
16.60512500
16.87495800
16.51341700
16.88891700
16.38920800
16.76620800
16.65387500
16.42258400
17.03658300
16.56491700
16.51320800
16.42125000
17.27754200
16.25254100
17.13666700
16.04570800
17.33275000
16.94562500
16.67187500
16.81833400
16.33341600
16.72687500
16.55991700
17.15095800
16.14904200
17.93420800
15.55162500
17.72854200
15.59237500
17.61625000
15.83800000
17.39579200
15.88650000
17.20929100
16.24533400
17.50925000
15.74966600
17.65900000
15.70091700
18.07833300
15.20204200
18.02662500
15.53254200
18.18445800
15.03970800
17.86291700
15.54241700
18.75308300
14.73987500
18.63829200
14.58429100
18.56512500
14.77262500
17.26962500
15.99650000
17.25666700
15.96695800
17.26725000
16.11550000
16.98500000
16.43870900
17.08029100
16.36025000
17.73904200
15.59879200
17.22304100
16.18204200
17.30750000
16.02150000
17.31400000
16.03641700
17.58291600
15.73433400
17.45541600
16.04429200
17.68925000
15.58729200
17.76483300
15.64608300
17.81075000
15.46116700
17.74466700
15.72766600
17.80125000
15.49812500
17.52520900
15.79670800
17.49058300
15.75629200
17.85475000
15.51100000
17.64766700
15.91245800
17.30845800
15.92933400
17.37808300
16.19033300
17.50058400
15.81950000
17.41625000
16.11241600
17.26941700
15.93191700
17.10429100
16.44937500
17.30229200
16.00791700
17.18504100
16.18491700
17.21608300
16.22883400
17.27162500
16.03170800
17.08975000
16.06008300
17.02416700
16.18662500
17.41875000
16.21366700
17.11091600
16.24729200
16.97945800
16.39616700
17.29829200
16.07850000
17.15112500
16.16495800
16.91420800
16.44637500
16.73020900
16.69258300
16.99079200
16.31487500
16.77091600
16.54687500
17.00379200
16.28329200
17.05620800
16.46029200
17.09545800
16.21100000
16.99387500
16.28550000
17.18641700
16.29637500
17.17045800
16.21625000
17.13208300
16.27466700
17.07154200
16.20487500
17.10591600
16.40162500
16.83358400
16.52962500
17.16225000
16.30333300
17.10462500
16.01466700
17.01408300
16.11508300
16.89466700
16.75800000
17.04537500
16.39254200
17.11045800
16.08450000
17.03587500
16.46220800
17.13487500
16.09333400
16.84258300
16.43137500
17.01187500
16.68000000
16.86895800
16.38979200
16.69083300
16.66687500
16.88095900
16.46204100
16.59200000
16.94987500
17.00500000
16.56916700
17.76941700
15.44720800
17.29533300
16.12450000
17.15420900
16.14545800
17.54479200
15.85075000
17.31820800
16.03970800
17.45366700
15.94687500
17.12779200
16.06716600
17.28033400
16.20254100
17.08970900
16.34450000
17.15425000
16.17258300
17.40791700
16.00604100
17.32887500
16.01150000
17.26950000
16.04450000
17.51170900
15.81020800
17.39912500
15.97612500
17.70970800
15.69512500
18.32562500
15.11987500
18.03050000
15.26858400
17.70950000
15.28116600
17.48120900
16.13720800
17.43229200
15.71175000
16.51291600
16.95970900
16.97087500
16.45200000
17.27750000
16.18250000
17.37129100
15.92029200
17.16662500
16.01637500
18.07216700
15.47975000
17.73054100
15.52133400
17.98445800
15.32500000
17.76920800
15.75350000
17.75437500
15.39408400
17.76850000
15.62295800
17.71108300
15.87670900
17.67108300
15.50245800
17.74712500
15.78312500
17.56570900
15.86787500
17.02675000
16.21958300
17.10975000
16.44466700
16.96450000
16.27383300
16.91729200
16.43254100
16.80383400
16.75937500
16.83975000
16.24933300
16.63075000
16.84150000
16.74675000
16.64708300
16.81883400
16.51758300
16.89045800
16.52079200
16.92041700
16.40616600
17.33579200
16.15070800
17.14366700
16.00800000
16.86533300
16.65900000
17.27554200
16.02166700
17.32733300
15.95620800
17.14787500
16.40808400
17.24087500
16.09191600
17.06937500
16.25254200
17.07454200
16.38125000
17.27962500
16.02408300
17.37054200
16.05020800
17.38400000
15.86825000
17.28358300
16.21500000
16.99337500
16.24112500
17.31620900
15.91987500
17.11716600
16.52475000
17.28770900
15.86066600
16.95654200
16.47604200
17.24591600
16.00579200
17.55283300
16.03366700
17.14816700
16.18841600
16.90395900
16.42562500
17.22791600
16.22775000
17.06779200
16.17254200
17.00866600
16.16825000
17.31775000
16.14229200
17.26691700
16.29608300
16.91204200
16.41941600
17.76500000
15.62616700
17.56237500
15.58875000
17.56720800
15.71966700
17.06300000
16.45733300
16.93570900
16.38108300
17.25425000
16.19154200
17.17137500
16.33320800
17.07683300
16.15233400
17.13500000
16.15270800
17.41150000
16.07383300
17.75270900
15.68616600
18.31300000
14.98683400
18.28875000
15.22475000
18.64279100
14.41779200
18.48745800
15.22183400
17.92970800
15.52391700
18.13433300
15.17379200
17.95850000
15.39745800
17.76104200
15.46012500
18.16741600
15.16725000
17.77833400
15.64737500
17.79545800
15.58216700
18.03904100
15.38016700
18.22995800
15.17866700
18.38466700
14.92383300
18.22412500
15.20566700
18.40437500
15.06258300
18.57220800
14.78716700
18.16962500
15.05562500
17.11587500
16.18895800
17.24925000
15.95900000
17.36025000
16.06833400
17.97620800
15.26545800
17.89433400
15.38054100
18.11562500
15.27241700
18.37433300
14.96737500
18.16679200
15.29204200
18.03812500
15.36604100
18.27304200
15.23533300
17.89620900
15.52187500
17.98312500
15.13383300
17.93983300
15.38412500
18.09000000
15.27975000
18.13104200
15.54462500
18.34120800
15.00687500
18.18075000
15.04279200
18.14295800
15.00570900
17.76629100
15.76404200
17.08670800
16.43583400
16.61687500
16.54225000
17.02937500
16.42891600
17.40095900
16.24345800
17.15462500
15.82558300
17.33075000
16.23362500
17.25612500
16.42075000
17.02850000
16.07291700
17.14879200
16.07900000
17.29887500
16.25958300
17.21583300
16.17775000
17.33741700
15.80950000
17.25079200
16.27012500
17.09279100
16.29000000
16.91183400
16.43858300
17.17279200
16.25512500
17.11729100
16.24500000
17.37608400
15.95383300
17.25250000
16.24050000
17.21691700
16.11795800
17.23195800
16.00804200
17.22987500
16.08158300
17.29575000
16.08566700
17.23845800
16.15091700
17.55904200
15.97462500
17.24950000
15.98187500
17.38241600
15.92712500
17.62529200
15.91050000
17.35425000
15.97658300
16.96250000
16.20658400
17.49533300
16.01820800
17.27670900
16.11754100
17.14279200
16.17750000
17.41912500
15.98504200
17.23737500
16.16520800
16.79466700
16.36604100
17.36633400
16.23933300
17.00312500
16.38870800
16.70954200
16.36120800
16.84683400
16.49470800
16.79012500
16.84829200
16.87216600
16.36129200
17.03012500
16.35283300
17.03025000
16.29275000
17.01625000
16.37104200
17.24645800
16.28937500
17.32829200
15.94120800
18.37645900
15.02929100
18.28704200
15.15716700
18.14945800
15.02583300
17.88308400
15.65350000
18.11100000
14.98320800
18.00187500
15.59241700
18.10304100
15.23379200
18.04112500
15.19766700
18.23116600
15.24850000
18.28062500
14.97445900
18.10987500
15.27920800
18.39162500
14.91295800
18.46375000
14.98837500
18.63891700
14.49666700
18.78470800
14.91629200
18.84020800
14.33087500
18.53429200
14.73754100
18.69829200
14.94779200
18.72083300
14.58962500
18.63416700
14.52475000
17.75812500
15.57233300
17.75391700
15.68975000
17.63366600
15.52816700
17.81479200
15.75595800
17.74741700
15.56562500
17.56287500
15.87104100
17.52250000
15.90537500
17.75116700
15.61575000
17.95158300
15.30366700
17.56837500
15.84854200
17.45520800
15.84025000
17.19850000
18.07366700
19.59516600
12.09870900
19.55637500
13.94083300
20.47950000
12.52933300
19.14525000
14.58825000
19.23858400
14.01650000
18.79233300
14.70108300
18.12191700
14.82654200
19.05137500
14.95904100
20.14375000
12.73508400
19.33370800
14.13241700
18.47445800
15.12004200
18.74150000
14.31316600
18.20691700
15.14787500
18.26679200
15.15704100
20.75220900
12.58037500
18.27183300
15.05275000
17.78512500
15.73116700
18.33804100
14.89704200
18.08679200
15.39800000
16.43587500
16.91912500
16.26887500
16.97925000
16.14941600
17.21958400
16.01716600
17.41525000
16.25950000
16.99566700
16.39175000
17.00470800
16.55170900
16.85908300
16.64966700
16.62637500
16.67508300
16.71604200
16.61812500
16.91158300
16.84241700
16.52816600
16.86320900
16.30387500
16.83887500
16.65412500
17.15045800
16.25891700
16.99562500
16.21229100
16.79720900
16.67362500
16.36666600
17.08187500
16.57500000
16.73558400
16.49620800
16.85300000
16.68912500
16.51970800
16.77712500
16.60016700
16.89745800
16.60504200
17.08454200
16.41562500
16.64004100
16.62741700
16.76675000
16.61266700
16.53675000
16.87762500
16.79516600
16.41100000
16.62512500
16.94495900
16.89591600
16.44191700
16.71833300
16.61029200
16.77437500
16.44133300
16.75300000
16.57175000
16.97345900
16.69137500
16.83641600
16.38550000
16.70150000
16.53691700
17.30700000
16.27679200
16.73462500
16.64820800
17.90433300
15.45745900
18.02945800
15.34512500
17.62050000
15.80154200
17.49162500
15.69566600
17.67525000
15.83291700
17.56512500
15.70625000
17.43845800
15.92562500
17.86729200
15.55950000
18.29770800
15.07245900
18.05870800
15.18804200
18.26612500
15.22612500
18.20966600
15.02020900
18.16462500
15.21620800
18.47950000
15.03970800
18.30737500
14.86150000
19.12300000
14.47650000
18.88925000
14.40462500
18.74933400
14.41516600
17.96975000
15.49491700
18.07762500
15.31800000
17.89879200
15.38054100
18.15400000
15.19900000
17.92108400
15.55566600
18.14266700
15.19833300
18.02616700
15.35058300
17.88825000
15.57429200
18.01520800
15.15012500
17.96600000
15.60420900
17.86762500
15.43162500
17.62220800
15.73066700
17.90479100
15.44916700
17.68158300
15.67658400
18.18470800
15.08058300
17.52341700
16.05050000
17.33625000
15.91275000
17.17787500
16.27429200
16.76612500
16.62050000
16.65712500
16.55520800
16.81933300
16.77933400
16.65816600
16.54133400
16.45800000
17.00616600
16.27116700
17.13745800
16.38775000
16.98104200
16.48216700
16.58991600
16.50529200
17.11858300
16.39004200
16.97733300
16.41662500
16.93154200
16.30975000
17.03141700
16.47725000
16.68491600
16.73491700
16.85241700
16.50616600
16.61845900
16.84883300
16.78979200
16.55637500
16.86525000
16.48366600
16.48254200
16.88345800
16.65604200
16.74454200
16.74283300
16.70375000
16.53795800
17.15133400
16.16804100
16.86612500
16.62870900
16.65166600
16.47104200
17.24054200
16.31933300
16.68316700
16.62629100
17.06437500
16.22825000
17.42229200
16.08304200
17.21825000
16.16366600
17.02850000
16.02508400
17.19283300
16.26816700
16.63683300
16.84925000
16.77258300
16.58591700
16.55320800
16.77775000
16.74233400
16.75687500
16.76437500
16.49125000
17.77508300
15.48345800
16.98708400
16.60308300
17.16245800
16.23862500
17.12129200
15.91225000
17.36554200
16.29258300
17.26475000
16.13654200
17.15337500
16.14287500
16.49375000
16.91716600
16.76420900
16.37966600
17.17350000
16.19704200
16.77433300
16.81020900
16.56991600
17.08583400
17.24329100
15.76783400
16.90966600
16.76516700
18.05220800
15.16733400
17.58500000
15.78508300
17.98991700
15.37058300
17.75041700
15.70254100
17.89295900
15.43741600
17.68395900
15.73008300
17.86679200
15.54541600
17.60554200
15.68816700
17.75087500
15.74645800
17.87904200
15.36058300
17.69620800
15.70425000
17.86108400
15.47908300
17.92025000
15.47416700
17.77562500
15.54458300
17.64258300
15.68412500
18.93445900
14.60350000
22.02033300
10.95979200
17.51237500
15.95975000
16.77391600
16.57008400
16.76870800
16.67012500
17.31466700
15.94533300
17.09283300
16.31770900
17.08695800
16.06275000
17.26079200
16.30108300
17.54370800
15.71679200
17.50366700
16.09804100
17.37300000
15.86808400
17.36841600
15.70825000
18.88654200
17.41954200
13.99850000
17.42129100
15.95745900
17.30650000
16.04025000
17.34058300
16.06083300
17.15008400
16.27291600
17.13845900
16.38029100
17.12208400
16.02212500
17.28766600
16.06366700
17.10583300
16.14579200
16.77695800
17.02554200
17.53300000
15.68662500
16.80204200
16.32550000
16.62045800
16.92920800
16.72579200
16.63854200
17.01887500
16.41575000
17.87345800
15.39000000
17.62200000
15.81666700
16.53504100
16.75270900
16.37595800
16.96416700
16.41575000
16.96608300
16.38087500
16.95983300
16.10920900
17.14945800
16.31895800
17.25958400
16.09933300
17.04900000
16.18087500
17.24208300
16.51050000
16.95616700
16.13012500
17.12483300
16.22000000
17.26554200
16.40766700
17.08804100
16.44808400
17.00050000
15.93916600
17.20900000
16.10804200
17.45729200
15.81829100
17.40758400
15.98725000
17.40958300
15.91425000
17.51187500
16.31062500
17.23962500
15.93429200
17.12808300
15.95129200
17.28437500
16.07433300
17.45866700
15.99512500
17.58679100
15.66783400
17.51345800
15.88350000
17.46666700
15.90775000
17.42391600
15.91366700
17.21325000
16.16841700
17.36641600
15.99583400
17.50975000
15.85645800
17.29175000
16.07616700
17.56333300
15.78708300
17.51312500
15.87733400
17.36720800
15.96575000
17.51208300
15.86708400
17.58058300
15.81612500
17.42183300
15.93270900
17.67587500
15.72670800
17.80545800
16.37137500
16.72625000
16.86166700
16.61120800
16.80891700
16.50029200
17.12941600
16.18458400
17.62212500
15.58620800
17.58320800
15.94525000
17.41229200
15.82887500
17.37233300
16.14929200
16.51508300
16.86920900
17.20758300
16.02479200
17.25550000
16.06970800
17.19637500
16.23950000
17.07137500
16.30283300
16.88100000
16.38370900
16.92979100
16.63537500
16.93654200
16.96325000
16.59450000
16.34670800
18.22800000
14.94929200
15.80179200
17.45441600
15.91795900
17.48950000
15.89191600
17.52350000
15.85662500
17.60150000
15.74791700
17.43620800
15.92550000
17.42437500
15.94304200
17.39070800
15.98104200
17.27391700
16.28362500
17.31062500
16.80791600
16.25908400
17.36091600
16.00795900
17.30500000
16.24875000
17.16379100
16.22916700
17.40000000
15.84087500
17.12320800
16.39529200
17.11025000
16.06120800
17.06212500
16.32854200
16.94879200
16.37029100
17.17920900
16.34416600
17.06625000
16.27441700
17.08104200
16.25654100
17.25900000
16.13595900
16.89095800
16.60466700
16.80958300
16.84262500
17.97720800
15.24275000
17.66979200
15.38533300
16.64812500
16.53420900
17.33216600
16.38787500
17.35166700
15.83520800
17.33500000
16.15150000
18.33479200
15.17362500
17.47825000
15.72650000
17.22412500
16.02383300
17.19904200
16.03500000
17.17804200
16.34595800
17.19350000
16.21816700
17.03541600
16.44400000
17.13162500
15.94333400
16.81937500
16.71058300
17.11866700
16.18916600
16.99158400
16.43820800
17.03225000
16.23437500
17.03908300
16.43600000
17.05000000
16.44400000
16.99666700
16.29204200
16.88658300
16.40012500
17.04104200
16.26162500
16.12370800
17.18020800
16.18083400
17.25375000
16.11583300
17.29991700
16.06954100
17.35004200
16.01004200
17.26104100
16.08220900
17.29875000
16.11862500
17.31108300
16.24283300
16.98758400
16.22341600
17.37712500
17.36062500
15.93679200
16.70241700
16.43787500
16.76470800
16.83162500
16.38420800
16.81504200
16.78862500
16.68983300
16.94162500
16.44487500
17.37591700
16.01883300
17.38795900
16.11050000
17.47079100
16.01466700
17.01654200
16.31537500
18.08287500
15.25729100
16.79191700
16.64162500
17.45958300
15.74433400
18.21987500
15.21970800
18.56804200
14.71466600
18.12325000
15.16241700
18.59416700
14.81966600
18.21279200
15.03041700
18.51200000
14.82483300
17.91795800
15.57633400
17.62004100
15.80850000
18.61533400
14.80795800
17.86195800
15.63945900
18.15495800
15.04979200
17.88170800
15.47029200
17.08895800
15.99537500
17.08720800
16.17616700
17.90400000
15.61729200
17.48166600
16.01758400
17.44020800
15.76079200
17.15712500
16.13933300
16.92483300
16.59783400
17.48387500
15.64683300
18.09120800
15.63333400
17.51729100
15.72741700
17.78604200
15.84637500
17.32837500
15.98200000
17.47466600
15.98404200
17.45650000
15.70266700
17.47075000
16.04787500
17.41725000
16.04991600
17.45429200
15.77870800
17.14870900
16.20425000
17.80970800
15.68320800
17.58312500
15.68237500
17.48908400
15.87370800
17.24629200
16.05679100
18.33975000
15.12920900
17.49654100
15.84533400
17.53991600
15.89608400
17.42725000
15.87791600
17.50229200
15.82187500
17.65029200
15.59666600
17.87425000
15.64966700
17.55362500
15.54770800
17.79675000
15.75612500
17.42025000
15.96204200
17.38508300
16.00033400
17.82766600
15.61708400
17.65383300
15.75154200
17.62658300
15.36837500
17.69125000
15.87650000
16.72033300
16.56312500
16.54104200
16.95462500
16.57650000
16.77370800
16.58754200
16.57870800
16.35837500
17.23075000
16.57966700
16.67245800
16.83775000
16.58804200
16.61470800
16.68158400
16.54583300
16.79283300
16.77195900
16.77916600
16.38745900
16.83612500
16.98383300
16.44225000
17.05425000
16.32579200
17.01879100
16.38087500
16.77083400
16.39116600
17.30837500
16.15016700
17.24533300
16.19591700
17.07066700
16.18620800
17.51170800
15.93154200
17.14429200
16.10912500
17.11916600
16.29637500
16.91758400
16.55979100
17.00125000
16.32583400
16.62787500
16.47916600
17.81458400
15.65250000
17.50879100
15.79250000
18.20070900
15.21079100
18.06425000
15.39837500
18.87883400
14.57612500
18.56066600
14.69387500
18.57675000
14.91891700
18.60733300
14.62995900
18.47195800
14.89879200
18.28995800
15.12708300
18.50587500
14.79137500
18.32495900
15.13550000
18.37912500
14.83866600
18.69150000
14.72612500
18.68925000
14.67125000
18.62116700
14.77450000
18.87654200
14.50983300
18.72937500
14.58891700
18.64208300
14.86712500
19.26850000
13.98979200
18.65600000
14.72587500
18.63495800
14.42345800
17.69320900
16.03075000
16.08108300
17.24879200
16.02487500
17.06537500
16.29945800
17.27070800
16.10279200
17.25512500
16.12070800
17.27845900
16.09237500
17.32533300
16.00587500
17.23241700
16.15370800
17.39016700
15.97975000
17.34400000
16.01870800
17.26379200
16.09375000
17.41004100
17.01375000
16.24829200
16.06608300
17.30500000
16.14333400
17.26695800
16.04208300
17.22350000
16.13083400
17.26300000
16.08983300
17.27337500
16.09658300
17.21854200
16.16970800
17.21975000
16.13720900
17.25345800
16.51933300
16.87825000
16.27000000
16.90416700
17.61258300
15.88462500
17.60300000
15.75804200
17.72750000
15.72591700
17.63620800
15.50270800
17.86383400
15.74566600
18.23725000
14.92091700
18.22612500
15.35987500
17.83254200
15.29154100
18.02858400
15.59308300
18.24958300
15.20929200
18.48762500
14.83191700
18.28391600
15.05841700
17.92937500
15.48691700
17.81908300
15.47104200
17.80987500
15.32491600
17.47275000
15.97762500
17.70366700
15.77458300
17.68520900
15.56716600
17.87066700
15.66729200
17.85954100
15.49766700
17.89541700
15.40183300
17.87962500
15.52420800
17.88358400
15.54762500
17.87166600
15.43466700
18.67091700
14.72108300
17.90941700
15.48558300
17.86216700
15.41162500
17.67129100
15.49316700
17.63562500
15.86820800
17.76816700
15.65533300
17.75975000
15.69275000
17.76954200
15.61141700
17.77604100
15.48275000
17.93358400
15.50337500
18.07550000
15.10945800
17.42225000
16.04225000
18.18087500
15.36345800
17.71200000
15.62958400
18.67162500
14.62204100
18.29150000
15.13975000
18.69495900
15.16420800
15.45529200
17.79850000
15.57837500
17.69525000
15.67887500
17.79745800
15.56562500
17.78891700
15.57954100
17.66866700
15.69858300
17.77620900
15.59237500
17.81675000
15.53879100
17.71983400
16.20775000
17.27033300
15.53962500
17.79825000
15.57404200
17.69083300
15.67191700
18.09645800
15.84904200
17.45120800
15.38087500
17.64229200
15.71104100
17.53429200
15.81487500
17.57137500
15.78304200
17.41129100
15.94154200
17.59208300
15.77808400
17.59870800
15.82804200
17.51908300
15.82145800
17.47791700
15.85750000
17.60129200
15.76012500
17.64933300
15.73250000
17.59754200
15.79800000
17.54737500
15.80925000
17.64558300
15.72179200
17.38500000
15.95741600
17.40375000
16.30091700
17.20454200
17.07312500
16.10604100
17.51791700
15.82762500
17.77716700
15.51662500
18.14308300
15.38675000
17.88912500
15.61391700
18.14516600
14.95891700
18.37166700
15.16704100
18.43562500
14.98141700
18.54075000
14.70566700
18.07058300
15.28179200
18.31083300
15.02741700
17.05900000
16.33266600
17.72687500
15.61958400
18.08120800
15.40179200
18.09479100
15.16537500
18.14295900
15.17650000
18.46850000
15.04395800
18.20920800
14.94725000
17.73720900
15.72675000
18.04558300
15.40591700
18.00654100
15.41100000
17.81237500
15.37954200
17.59183300
15.93058400
17.16758300
16.27225000
16.94070800
16.21895900
16.57233300
16.77541700
16.71375000
16.67675000
16.05345800
17.29729200
16.02150000
17.43208300
15.94625000
17.45929200
15.89791600
17.37245900
15.99633300
17.35554200
16.04604100
17.35950000
15.98450000
17.28070900
16.12062500
17.25987500
16.10320800
17.33783300
16.02166700
17.43304200
15.91670800
17.56383300
15.79412500
17.43308400
15.95800000
17.44750000
15.89287500
17.37520800
16.02262500
17.44654200
15.91912500
17.47254100
15.88950000
17.31245900
16.03150000
17.58137500
15.81816600
17.30762500
16.05316700
17.35491700
16.03154100
17.52912500
15.79341700
17.60841700
16.44783300
16.86029200
16.24362500
17.09895800
16.27883300
17.13633400
16.22179100
17.16504200
16.23154200
17.03187500
16.43654100
17.04625000
16.60354200
16.72687500
16.83312500
16.53954200
17.03145800
16.33729200
17.03408300
16.28716700
17.13545800
16.25708300
17.22404200
16.25816700
17.30754100
16.19154200
16.89083300
16.10875000
17.14504200
16.36029200
17.10204100
16.29958400
17.02241600
16.23275000
16.82395900
16.52087500
15.90104100
17.53904200
15.80679200
17.43295800
15.93916700
17.59075000
15.79520800
17.55820800
15.77708400
17.42091600
15.98420900
17.26183300
16.08137500
17.39462500
15.98183300
17.56333400
15.81116600
17.45079200
15.88695800
17.46050000
15.96212500
17.40762500
15.92750000
17.36575000
16.01975000
17.28979200
16.06841700
17.41816600
15.96154200
17.46929200
15.86583300
17.35629200
16.03729100
17.40575000
15.94470900
17.37883300
15.95462500
17.47120800
15.90279200
17.44379200
15.92841600
17.36029200
16.02233300
17.27625000
16.09416700
17.45429200
15.91150000
17.38612500
15.98554100
17.34770900
16.02137500
17.37041600
15.96250000
17.28433400
16.10595800
17.49770800
16.01412500
18.29312500
17.05500000
16.46750000
18.14820900
14.62704100
16.72545900
17.10150000
17.91550000
15.12208300
19.38579200
18.07908300
30.19783300
13.07716700
28.85341700
7.50450000
33.59537500
17.30475000
30.68808300
13.17941700
20.86604100
7.20545900
36.54958300
14.06629200
20.91200000
7.25420800
28.59670800
6.92833400
29.17437500
13.20604100
26.95500000
6.93645900
27.25270800
6.93500000
17.74466700
7.03300000
25.49012500
6.46462500
27.51145800
6.84116700
25.96812500
13.07408300
18.65816700
6.10470800
24.65404200
5.62641600
34.02166700
14.12533300
33.70629200
12.33950000
36.00800000
12.99337500
23.33216700
15.16979100
31.93479200
6.82012500
39.30354200
6.58404100
32.92950000
9.51141700
22.26900000
8.85725000
21.92995800
6.29883400
26.28291600
5.97658400
26.91266600
5.59487500
23.99241700
5.40862500
21.70091700
10.17404100
21.27650000
8.83795900
22.38012500
6.79162500
25.18283300
5.47108300
26.19154200
5.39179200
24.62270800
5.53112500
26.01279200
5.51595800
23.22987500
8.71600000
24.14037500
8.88429200
23.37637500
9.00379100
24.08412500
12.63454200
23.10062500
14.39733300
25.09316700
5.41962500
29.50375000
5.39483300
34.44291700
9.65558300
22.30050000
8.69591700
27.69608300
13.52537500
26.98650000
5.27166700
28.10370800
5.25666700
28.00462500
5.34400000
28.77583300
5.98504200
35.06070800
8.64612500
21.07166700
5.63383300
28.21087500
5.18087500
27.10116700
4.84179200
37.63612500
5.08245800
20.52845800
9.98841700
23.22529200
9.93512500
22.35283300
4.93425000
113.30987500
68.73895800
98.05850000
32.15245900
58.63491600
5.98533400
26.99075000
11.54983300
32.78041700
5.75654100
26.16095900
6.20704100
37.64862500
6.94929200
33.18775000
30.40716700
6.37450000
10.64012500
33.44916600
29.13883400
5.82016600
24.33345900
5.72804100
28.20729200
7.48658300
29.83658400
10.70162500
31.10912500
10.08429100
98.74979200
32.91587500
25.91362500
13.60450000
29.21108300
5.99900000
46.32229200
9.07941700
24.51141600
6.03391700
31.10137500
13.35416700
27.26175000
5.65687500
23.10087500
14.58162500
38.47754100
7.92662500
26.88954200
5.61995800
32.95020900
8.65983300
25.65379200
6.31633300
39.32983300
7.82212500
56.19395900
10.05025000
53.66100000
6.96066600
25.74437500
13.81879200
50.31495800
14.36104200
34.72995800
15.90745900
33.13366600
12.76258400
36.06087500
13.40708300
35.02283300
8.42279200
27.20954200
15.25033300
33.04091700
10.59212500
26.40600000
14.14012500
31.49000000
8.78362500
27.40541600
12.93579200
28.83483300
5.45245900
27.91095800
8.49670800
29.87479200
7.94545800
26.46029200
5.41841700
32.96804100
11.75625000
27.28133400
7.66158300
28.79133300
6.01970900
28.72895800
5.19116700
33.45254100
12.81775000
29.28712500
5.39350000
29.54833400
5.49037500
29.48612500
5.60783300
32.92958300
13.50587500
31.57670900
9.62650000
27.05945800
13.26479200
30.39304100
6.12620900
31.66470800
9.94333300
33.92208400
6.47345800
51.23895800
17.94279200
44.19266700
13.64287500
34.51841600
7.36095900
39.14850000
6.28854100
33.07587500
9.46750000
28.58362500
13.38158400
35.10133300
10.18283300
32.29404200
6.17066700
32.15470800
9.94404200
28.26329100
13.19691700
33.44733300
10.95066700
40.17562500
12.14825000
36.80600000
12.29354200
45.01075000
7.14816600
36.59483400
12.17287500
35.88295800
10.69108300
37.46954200
11.44545800
43.11145900
12.92254100
44.73104200
6.65170800
47.88491700
11.28150000
51.14187500
9.48050000
44.27116700
8.87512500
47.04737500
12.11150000
44.13283300
7.12420800
35.89125000
6.97662500
39.00220900
12.26283300
38.87087500
12.09045800
36.80250000
7.30733400
26.89979100
7.26504200
26.70841700
8.54133300
28.22245800
7.44408400
26.64691600
7.51016700
25.87166700
7.05666600
25.49220900
7.26333300
26.83391700
6.64658300
28.76233300
8.76066700
24.40525000
8.17675000
26.47320800
8.37045900
24.50054100
8.46083400
34.22954100
9.28745900
31.57029100
9.16345900
29.68316600
13.47875000
27.56679200
8.44541700
24.71675000
8.49808300
25.89125000
8.45566700
27.44625000
8.56579100
24.26800000
7.28016700
21.98075000
7.67079200
21.73483300
7.47616700
22.22329100
7.16325000
21.08766700
6.84983300
20.36645900
6.78733300
20.17912500
6.50087500
20.26420800
6.72700000
20.28441700
6.70491700
20.80258300
6.53566700
20.04370800
6.30379200
20.30520800
6.21287500
19.69487500
6.23754200
20.48650000
6.18933300
19.52645800
6.52866700
21.51291700
7.94679100
22.51787500
10.67208400
21.94962500
10.77533300
20.26950000
13.24491700
21.31741600
11.95320900
20.39695800
13.13354200
19.96841600
13.39912500
19.80345900
13.76929100
19.68983400
13.24841600
18.84945900
14.41150000
19.09679100
14.41458400
19.17204100
14.08916700
18.84233300
14.67150000
19.09691700
14.28845800
19.18870900
14.04958300
19.33858300
14.02670900
19.25579100
14.11066700
19.80095800
13.69950000
18.67720900
14.53895800
18.76491700
14.77825000
18.79683300
14.44837500
19.00745800
14.46870900
19.35408300
13.91625000
19.41245800
14.00762500
19.01929200
14.20208300
19.13391700
14.17279200
19.02641600
14.49700000
19.09429200
14.29812500
19.17608300
14.15920900
18.75116600
14.60304200
18.93983300
14.40966700
19.08383300
14.33595900
19.04191600
14.35154200
19.21229200
13.95408300
19.20583300
14.32454200
18.94812500
14.40020800
19.02450000
14.36987500
19.19908400
14.46033300
19.01266700
14.09283300
19.11266700
14.18912500
18.99254100
14.24516700
18.71725000
14.76679200
18.86641600
14.45012500
19.05475000
14.40033400
18.79600000
14.50825000
18.97654100
14.41141700
21.34466700
12.83658300
21.10637500
11.46162500
20.10745800
13.47462500
20.33966700
13.16733300
20.19650000
12.96341700
20.45200000
13.21691700
22.02108300
11.01170800
21.69062500
11.57212500
20.33454200
13.13050000
19.59962500
13.64195800
19.43420900
13.82991600
19.75500000
13.72645900
19.84916600
13.55041700
18.63866700
14.67420800
18.47679200
15.09320800
19.11354200
14.44162500
20.36808300
12.72320800
19.84404200
13.40591700
19.94137500
13.54445800
18.89308300
14.31083400
18.12700000
15.14395800
18.25720800
15.26570900
18.72133300
14.60479200
18.57208300
14.80241700
19.04770800
14.30279200
18.52554100
14.87554200
18.64204200
14.91937500
20.23941600
13.02687500
19.45700000
13.96450000
19.73991700
13.64800000
20.09375000
13.37791700
20.37908300
12.89820800
20.02383400
13.44762500
20.48729100
12.84620900
19.98358300
13.40791700
20.06304100
13.22816700
20.23200000
13.15883300
19.95100000
13.43729200
20.18254200
13.07125000
19.74237500
13.58420800
20.00612500
13.53525000
19.87645800
13.55125000
20.17295900
13.12812500
20.15829100
13.10770900
20.02295800
13.60258300
20.81650000
12.46166700
20.66895800
12.65050000
20.72491700
12.48266700
20.90533300
12.66091700
20.71087500
12.90929100
20.70483400
12.37333300
21.43716700
12.03879100
20.94983400
12.36304100
21.56170900
11.79004100
20.41650000
13.80516700
22.45166700
10.23087500
22.13229100
11.13508400
22.06704100
11.08800000
21.30483400
12.24333300
22.79133300
10.63554200
21.15312500
13.59612500
21.75025000
10.10729200
21.61116600
11.66708400
21.58587500
11.73737500
22.28341600
11.49333400
22.76445800
10.62220800
22.03620900
10.45141600
16.20608400
16.68183300
16.68120800
16.68100000
16.70008400
16.67100000
16.69212500
16.66654100
16.69350000
16.68037500
16.68641700
16.69450000
16.68170800
16.66820900
16.68258300
16.68787500
16.68045800
16.72370900
17.89495800
15.43075000
16.70754200
18.36383300
16.58512500
15.08445800
16.67279200
18.55004200
15.96450000
15.59808300
19.28675000
15.20366700
16.58808300
16.66300000
16.35254200
15.93700000
17.02987500
16.83004100
16.19125000
16.68562500
17.17370900
16.19016600
17.36729200
16.68966700
16.02170800
18.97141700
14.87470800
16.20262500
16.67412500
19.42012500
13.94825000
16.68154200
18.78637500
15.03304100
16.68454200
16.67670800
16.22379200
16.82833300
16.93383400
16.29475000
17.52125000
15.97354100
17.80820900
16.35650000
16.04595800
16.76262500
16.39529200
16.65450000
16.73808300
18.18470800
15.58225000
17.97191700
15.16754200
28.85004100
5.44787500
15.54845900
18.51920800
14.91000000
18.64275000
19.58879200
14.35783300
14.86000000
17.75525000
17.53941700
19.76629100
14.82212500
14.90004200
15.54791700
16.34429100
27.81245900
16.84725000
8.02129100
14.30391700
17.49641700
32.98491600
10.61591700
8.51162500
13.99866700
16.82137500
17.57725000
15.24041600
16.56850000
17.11683400
16.87454100
15.99312500
16.86445900
16.44975000
16.92491600
16.41200000
17.16875000
16.99608400
15.79133300
18.01800000
17.14595800
15.76391700
17.66137500
16.81508300
18.81204200
14.31954200
20.37970800
24.12475000
26.81741700
12.97466600
12.31766700
10.16950000
12.08950000
16.35804200
15.24637500
16.56470800
18.55737500
19.70675000
19.63716700
15.98404100
19.51900000
21.86308400
19.47120800
32.85504200
27.26695800
16.31025000
13.24566700
13.35687500
12.25958300
13.98195800
14.56537500
13.21495900
13.20208300
13.55258300
13.22466700
13.99862500
12.56870800
13.16362500
12.95045900
14.88587500
16.56570800
17.30837500
15.99158300
17.60608400
17.01754100
15.26241700
18.21229200
15.13562500
16.61683300
16.85179200
16.61366600
16.49400000
16.87454200
16.50920800
16.81100000
18.05533400
16.92945800
21.50000000
