16.56737500
16.47041700
17.05654200
16.64091600
16.69404200
16.71375000
16.68000000
16.32375000
17.09091700
16.32941600
16.93766700
16.38129200
16.68033300
16.67679200
16.67808300
17.05737500
16.57000000
16.77129200
16.33662500
17.05354100
16.64429200
16.67845800
16.69375000
16.57450000
16.76945900
16.67020800
16.69508300
16.36983400
16.68262500
17.06808300
16.30945800
16.87375000
16.67729200
16.55529200
16.62783300
17.05345800
16.51304200
16.47129200
16.94733300
16.57937500
16.52316700
16.88025000
16.48645800
16.90016700
16.67616600
16.66300000
16.72520900
16.51395800
16.86120800
16.67583400
16.68112500
16.55162500
16.58750000
16.70345800
16.66087500
16.83562500
16.76229200
16.45195800
17.00020800
16.61170900
16.43845800
16.84841700
16.74733300
16.51075000
16.72925000
16.58087500
16.89141700
16.84812500
16.71583300
16.66658300
16.29566700
17.08754200
16.41662500
16.66408300
16.57045800
16.94075000
16.66029200
16.81716700
16.32162500
16.99791600
16.59033400
16.80387500
16.32875000
17.01825000
16.70529100
16.66408400
16.69504100
16.62583400
16.69454100
16.78629200
16.27675000
17.12354200
16.59650000
16.78050000
16.61983300
16.35300000
17.09300000
16.58675000
16.75291700
16.62062500
16.72662500
16.64775000
16.76470800
16.51195800
16.79487500
16.43804200
16.95500000
16.26641700
17.02858300
16.32270800
17.13175000
16.62087500
16.29741700
17.08987500
16.68787500
16.27233300
17.05400000
16.65575000
16.76820900
16.67179100
16.70770900
16.67816600
16.65958400
16.73325000
16.61729100
16.28745900
16.68670800
17.13600000
16.57520800
16.33541700
17.14712500
16.52920800
16.82983400
16.22729100
17.20779200
16.54520800
16.74812500
16.70404200
16.59183300
16.66833400
16.52479100
16.83441700
16.32562500
16.68300000
17.13920800
16.62700000
16.69550000
16.68250000
16.27337500
17.11166700
16.61570800
16.68679200
16.70045800
16.68154200
16.74300000
16.63383300
16.77970900
16.60483300
16.42983300
16.66570900
16.69175000
16.92995800
16.67770800
16.30441700
16.69708300
16.66320900
16.68325000
16.68216600
16.76583400
16.60125000
16.75725000
16.60900000
16.95620800
16.43670800
16.68500000
16.65666700
16.68554200
16.68237500
16.97370800
16.66470800
16.79787500
16.51312500
16.59891700
16.55583300
16.67666700
16.79841700
16.70220800
16.54920800
17.08200000
16.57441700
16.61212500
16.83758300
16.67483400
16.66341600
16.74037500
16.63500000
16.54362500
16.47270900
17.18429100
16.41958400
16.87470800
16.60375000
16.54741700
16.81895800
16.73616700
16.66341600
16.72358400
16.25879100
17.20854200
16.61579200
16.22562500
17.20529100
16.49987500
16.43566700
16.59545800
17.20137500
16.60208400
16.72858300
16.69604200
16.18562500
17.26016600
16.55795900
16.63895800
16.74937500
16.64979200
16.65254100
16.75983400
16.63683300
16.72754200
16.67933300
16.59920800
16.61075000
16.48450000
16.97141700
16.27158300
17.06037500
16.46341700
16.74495800
16.89754200
16.25062500
17.05862500
16.65158300
16.65479200
16.36850000
17.13512500
16.23150000
17.11233300
16.68687500
16.65712500
16.73045900
16.40175000
16.93820800
16.71716700
16.67587500
16.27291600
17.01287500
16.79316700
16.21154200
17.17512500
16.54600000
16.74554100
16.68216700
16.51370800
16.81820900
16.71500000
16.67879100
16.26529200
17.20262500
16.51370800
16.74554200
16.64125000
16.79300000
16.49575000
16.39870800
17.15116700
16.20779200
17.13525000
16.58129100
16.72704200
16.57633300
16.53016700
17.00312500
16.29916700
16.83512500
16.46241600
16.68341700
16.89829200
16.67095800
16.52100000
16.71145800
16.63004200
16.77837500
16.82558300
16.58270900
16.72954100
16.75570900
16.47004100
16.88975000
16.67970900
16.64187500
16.66041600
16.77545900
16.59145800
16.48766700
17.02837500
16.53879100
16.73345900
16.73633300
16.59537500
16.71008300
16.65062500
16.65187500
16.83100000
16.58462500
16.61583400
16.72316600
16.55787500
16.94262500
16.64133400
16.39725000
17.07412500
16.30958300
16.90475000
16.79937500
16.70900000
16.64320800
16.36679200
17.11050000
16.52220800
16.79029200
16.65095800
16.65941700
16.71875000
16.72700000
16.59304200
16.75637500
16.74495800
16.54541700
16.71062500
16.76175000
16.63362500
16.61679100
16.79387500
16.35125000
17.04220900
16.58937500
16.74708300
16.41262500
16.93712500
16.64412500
16.71608300
16.65983400
16.30716600
17.09895900
16.50175000
16.76208300
16.68150000
16.36766700
16.68479100
17.08583400
16.62016600
16.73670900
16.59066600
16.74908400
16.31633300
17.08987500
16.53529200
16.42575000
17.08416600
16.28150000
16.96612500
16.60895900
16.76212500
16.39612500
17.07337500
16.29562500
17.11404100
16.57837500
16.47516700
16.97504200
16.57641600
16.37841700
16.86237500
16.86945800
16.37120900
17.05520800
16.57437500
16.72391700
16.66887500
16.67941600
16.73266700
16.63291700
16.65187500
16.74950000
16.66450000
16.68445800
16.69220800
16.69687500
16.63429200
16.77254200
16.57812500
16.37208300
17.13195800
16.55695900
16.72300000
16.69545800
16.66545800
16.57650000
16.45591700
17.05012500
16.54633300
16.71079200
16.71620800
16.38587500
17.02583400
16.66445800
16.50883300
16.68420900
16.89404100
16.64091700
16.74504200
16.61570800
16.71270800
16.71958400
16.67466600
16.53120900
16.90416600
16.65470900
16.66875000
16.67200000
16.28516600
17.14225000
16.58433400
16.32650000
16.68029100
17.11191700
16.73537500
16.20445800
16.83241700
16.75754200
16.74395800
16.71800000
16.68154200
16.66945800
16.64091700
16.42212500
17.12504100
16.46862500
16.91775000
16.65600000
16.29895900
17.17529100
16.54779200
16.78237500
16.30462500
17.14150000
16.55650000
16.69316700
16.54912500
16.84691600
16.62525000
16.70941700
16.21716700
17.22020800
16.62179200
16.67204100
16.58466700
16.75129200
16.72758300
16.69195800
16.66804200
16.64104200
16.74304100
16.65170900
16.22750000
16.75104100
16.62141700
16.67670800
17.19179200
16.67070800
16.65550000
16.65658400
16.24866600
17.21216700
16.57516700
16.76387500
16.64887500
16.68066600
16.68362500
16.66287500
16.50579200
16.41587500
16.67808300
16.68320900
17.22533300
16.14729200
17.24562500
16.11504100
17.22520900
16.60200000
16.66850000
16.71354100
16.43462500
16.96350000
16.17595900
16.90091600
16.99233400
16.57383300
16.73670800
16.22070900
17.23554100
16.56562500
16.73991700
16.61350000
16.72604200
16.21425000
17.24283300
16.57170800
16.55954200
16.76545800
16.53733400
16.77479100
16.67241700
16.33991700
16.68329100
17.08037500
16.40629200
16.96820800
16.27841700
17.13050000
16.55783300
16.71916700
16.32575000
17.09587500
16.52679200
16.76770800
16.67770800
16.68066700
16.65141700
16.76779100
16.58279200
16.75775000
16.63629200
16.37200000
17.09279100
16.27370900
16.99033300
16.67575000
16.56050000
16.71258300
16.60870900
16.87179100
16.36387500
16.87095900
16.65100000
16.52804100
17.06145900
16.56695800
16.79633300
16.52679200
16.77895800
16.64837500
16.49033400
17.00825000
16.62875000
16.65045800
16.70450000
16.79858300
16.65525000
16.59808400
16.76800000
16.67504100
16.26050000
16.68533400
17.07266600
16.52812500
16.78441700
16.75479200
16.61816600
16.34000000
17.14204200
16.22941700
17.12520800
16.23650000
17.13029200
16.68241600
16.62162500
16.70775000
16.72837500
16.66850000
16.62591700
16.75370800
16.62862500
16.53241700
16.86708300
16.65437500
16.66475000
16.62412500
16.70541700
16.67466700
16.81633300
16.59508300
16.60279200
16.77666700
16.71450000
16.53425000
16.40704100
17.16637500
16.57175000
16.71812500
16.50533400
16.88837500
16.25016600
17.12720900
16.64258300
16.69816700
16.69137500
16.67275000
16.67300000
16.64379100
16.77345900
16.22770800
16.90154200
16.88087500
16.69225000
16.67287500
16.64708300
16.75066700
16.66645800
16.66270800
16.68775000
16.68291700
16.71175000
16.55270800
16.81916700
16.32883300
16.59233400
17.10737500
16.25904100
17.07166700
16.58491700
16.39395800
16.68304200
17.15829100
16.26512500
17.13866700
16.53970800
16.76904200
16.48291700
16.86529100
16.65883400
16.65316600
16.56770900
16.86058300
16.62608300
16.72929200
16.57266700
16.79941600
16.64929200
16.72112500
16.61850000
16.73654200
16.26079100
17.12016700
16.62845800
16.66379200
16.71766700
16.68612500
16.27745800
17.19883300
16.16812500
17.11708400
16.60025000
16.74370800
16.65787500
16.67508300
16.72516700
16.26379200
17.18741600
16.53612500
16.70420900
16.60154100
16.58662500
16.91687500
16.57325000
16.77866700
16.26520800
17.11191700
16.25487500
17.19687500
16.50758300
16.76908400
16.43887500
16.79316600
16.66362500
16.84729200
16.34129200
16.59341600
16.76362500
16.60170900
16.68487500
16.68191600
16.69679200
16.87091700
16.55029100
16.61862500
16.68383400
16.68266600
16.73591700
16.81666700
16.49550000
16.68329100
16.74016700
16.83816700
16.47037500
16.68612500
17.11320800
16.67737500
16.56658300
16.37354200
17.11062500
16.62437500
16.31504200
17.12279100
16.54841700
16.37925000
17.01250000
16.61654200
16.75637500
16.35133300
17.11370800
16.55245900
16.77104100
16.73087500
16.24466700
17.16154200
16.58912500
16.65075000
16.72808300
16.63504200
16.68095800
16.33891700
16.90808300
16.84858300
16.70729200
16.64795800
16.47666700
16.93241700
16.65125000
16.65820800
16.32545800
17.11100000
16.55512500
16.78791700
16.55091700
16.75991600
16.33625000
17.14925000
16.53745900
16.35545800
17.13833300
16.63550000
16.65658400
16.30529100
16.98995900
16.73500000
16.71816600
16.60875000
16.76200000
16.71566700
16.39445800
17.00087500
16.31704200
16.87679200
16.61787500
16.72370800
16.66766700
16.74383300
16.37529200
17.09758300
16.57570800
16.69812500
16.58129200
16.68804200
16.45925000
17.08308300
16.55191700
16.68829100
16.41000000
17.08425000
16.53195900
16.72283300
16.66612500
16.67566700
16.72045800
16.67270800
16.70579200
16.65141700
16.60358300
16.85125000
16.54029200
16.45912500
16.72116600
16.88987500
16.81212500
16.46425000
16.76070900
16.55837500
16.57554100
16.91366700
16.60862500
16.74200000
16.68908300
16.46287500
17.03604200
16.33062500
17.00025000
16.52791700
16.79700000
16.69854100
16.72662500
16.53487500
16.53762500
16.95100000
16.37675000
16.91966700
16.72954200
16.72958300
16.74191700
16.67954100
16.65754200
16.33704200
17.04858300
16.34320800
17.06220900
16.69916600
16.67375000
16.64145900
16.71045800
16.27866700
16.68029100
17.13591700
16.59787500
16.66241700
16.77850000
16.66170800
16.56929200
16.37741600
17.17837500
16.56520900
16.36579100
16.78495900
16.89462500
16.83875000
16.59737500
16.24166600
17.31229200
16.55237500
16.65545800
16.21920900
16.67737500
17.28100000
16.08575000
17.31437500
16.05225000
17.32629100
16.54850000
16.76712500
16.66716700
16.31904200
16.79433300
16.51554200
17.07525000
16.55141600
16.83100000
16.52333400
16.28104100
17.32541700
16.04125000
17.29720800
16.15466700
16.60183300
17.27029200
16.55545800
16.79591700
16.11100000
16.68979200
17.26787500
16.09012500
17.21345800
16.15700000
17.29445800
16.69216700
16.63579200
16.70937500
16.69208300
16.66495800
16.68958400
16.71270800
16.07037500
17.30850000
16.66083300
16.14879200
16.60395800
17.30225000
16.05966700
17.30279200
16.07562500
17.27004100
16.70258400
16.68587500
16.66270800
16.08383300
16.68291700
17.23675000
16.24612500
17.08300000
16.69654200
16.68600000
16.19016600
16.64462500
16.68479200
17.16587500
16.40158300
16.48275000
17.04383400
16.57233300
16.81225000
16.80183300
16.18595900
17.21370800
16.15191700
17.23966600
16.56558400
16.69945800
16.37966700
16.90266600
16.53120900
16.71850000
16.77766600
16.33570900
17.07016600
16.58604200
16.75183300
16.72695900
16.67829100
16.65408400
16.41183300
16.96720800
16.51983400
16.85970800
16.68766700
16.58491600
16.54608400
16.83500000
16.37041600
16.77254200
16.85091700
16.77595800
16.67312500
16.66991700
16.67012500
16.70533300
16.70304200
16.50712500
16.85137500
16.66116600
16.67679200
16.66129200
16.41620800
17.05870800
16.29258400
16.67033300
17.11729200
16.55283300
16.71687500
16.76166700
16.38937500
16.95408300
16.29195800
17.18425000
16.49062500
16.64983400
16.45475000
16.96112500
16.63645800
16.47370800
16.81120900
16.48720800
16.96975000
16.63912500
16.46270800
16.80916700
16.68312500
16.68662500
16.70866700
16.50750000
16.95350000
16.62275000
16.67812500
16.55454100
17.00125000
16.41941700
16.70391700
16.90583300
16.53570800
16.60808400
16.53337500
16.80095800
16.89087500
16.35816700
16.75116600
16.96229200
16.52904200
16.62033300
16.69204200
16.73558300
16.69200000
16.62425000
16.68691700
16.81166600
16.68958400
16.64766600
16.44100000
16.92504200
16.52416700
16.75950000
16.64450000
16.74891600
16.71608400
16.46616600
17.09954200
16.66220800
16.63504200
16.33545800
17.00320900
16.73154100
16.48170900
16.55545800
17.07366700
16.65520800
16.60916700
16.70454100
16.64550000
16.79179200
16.65500000
16.63450000
16.67350000
16.49854200
16.94258300
16.54545800
16.63512500
16.85320900
16.30308300
17.18200000
16.17550000
17.01762500
16.74604200
16.57387500
16.82491600
16.57712500
16.73254200
16.72712500
16.67404200
16.67675000
16.70079100
16.27270900
17.07187500
16.68091600
16.47654200
16.84012500
16.56070800
16.69891700
16.87104200
16.64033300
16.48766700
16.62487500
16.82795800
16.69387500
16.69095800
16.67391700
16.79450000
16.43820800
16.77983400
16.84695800
16.27704200
17.03283300
16.57554200
16.72995800
16.74187500
16.59575000
16.81237500
16.63641700
16.34175000
17.10545800
16.59654200
16.77920800
16.64137500
16.66891700
16.75333300
16.59004200
16.70520800
16.50062500
16.49279200
16.68591600
16.89837500
16.84741700
16.72195800
16.66612500
16.50579200
16.74304200
16.74137500
16.51641600
16.84137500
16.78570900
16.60616600
16.32387500
17.07895900
16.48537500
16.48545800
17.25025000
16.53858300
16.50583400
16.87741600
16.63858400
16.29000000
16.68270800
17.15891700
16.69045800
16.72554200
16.31729100
16.96970900
16.24158300
17.10112500
16.65250000
16.65041700
16.70120800
16.30783300
16.68333400
17.21462500
16.61516600
16.22708400
17.18270800
16.58641700
16.48054100
17.00408400
16.59875000
16.73625000
16.63512500
16.64220800
16.80991700
16.67458300
16.56116700
16.69195800
16.72216700
16.68037500
16.66716600
16.57670900
16.75100000
16.75745800
16.58516700
16.42287500
16.90254100
16.82108400
16.21958300
16.69216700
16.92587500
16.43316600
16.96679200
16.63204200
16.83875000
16.58254100
16.70908400
16.75041600
16.60187500
16.38404200
17.06158300
16.54679200
16.71870800
16.70416700
16.63120800
16.65537500
16.77195900
16.58750000
16.70591600
16.45408400
16.89945800
16.66904200
16.48154100
16.90650000
16.45629200
17.08295800
16.28341700
16.89575000
16.87137500
16.38695800
16.76116700
16.87370800
16.46725000
16.61345900
16.80254100
16.71920900
16.61104100
16.51591700
16.98191700
16.66208300
16.73966700
16.34833300
16.82370800
16.77612500
16.47079200
16.76950000
16.70975000
16.67275000
16.68304200
16.56087500
16.88120800
16.61945800
16.54900000
16.83225000
16.59933400
16.61854100
16.69450000
16.67250000
16.68291700
16.68333300
16.72850000
16.85470900
16.53825000
16.62154100
16.68295900
16.76616600
16.60716700
16.66754200
16.75583300
16.70670800
16.59570900
16.76679100
16.59200000
16.68295900
16.77550000
16.66700000
16.60741600
16.73004200
16.63658300
16.71929200
16.64766700
16.82125000
16.71004100
16.51850000
16.87125000
16.49545900
16.86400000
16.71312500
16.62962500
16.63450000
16.71825000
16.70175000
16.67650000
16.67800000
16.53437500
16.68670800
16.74070800
16.62270900
16.68300000
16.85166600
16.66920900
16.56900000
16.88675000
16.68645800
16.55975000
16.78362500
16.71200000
16.63750000
16.47820800
16.68258400
16.83137500
16.78429100
16.44850000
16.85120900
16.69554100
16.53433400
16.75920800
16.56216700
16.87912500
16.48758300
16.92516700
16.59954100
16.75837500
16.58645900
16.63454100
16.82808400
16.66758300
16.64779200
16.71108300
16.47466700
16.88825000
16.64779100
16.62791700
16.71375000
16.69904200
16.52750000
16.73662500
16.91033300
16.57266700
16.55333300
16.63937500
16.90870800
16.64779200
16.77062500
16.74687500
16.57504200
16.68270800
16.79229200
16.69237500
16.45758300
16.56491700
16.68320800
16.71504200
17.48950000
15.84075000
16.78312500
16.59433300
16.67770800
16.70112500
16.66454200
16.79295800
16.92462500
16.32791700
16.68362500
16.78358300
16.58287500
16.77862500
16.72200000
16.54962500
16.96179200
16.48362500
16.61254200
16.67600000
16.68258300
16.79525000
16.57166700
16.68300000
16.88425000
16.67120800
16.49837500
16.68245800
16.68395900
16.92554100
16.44225000
16.67950000
20.99025000
13.38666700
15.67179200
16.69462500
16.67195800
16.68687500
17.03491700
16.60845800
16.78720800
16.29962500
17.08904200
16.27720800
16.68458400
17.11833300
16.57687500
16.76412500
16.53258300
16.83795900
16.57987500
16.75054100
16.53987500
16.81208400
16.61895800
16.70675000
16.64433300
16.76837500
16.68083400
16.68354100
16.52908400
16.72658300
16.77245800
16.64462500
16.75762500
16.68375000
16.63366700
16.57612500
16.68558300
16.81583400
16.67904100
16.66383400
16.67770800
16.66158300
16.63929200
16.42041700
17.06716600
16.61858400
16.63470800
16.79904200
16.30120800
16.90533300
16.53041700
16.99808300
16.63729200
16.60200000
16.68700000
16.68658300
16.41583400
16.73904100
16.92316700
16.73729200
16.57316600
16.70775000
16.63220900
16.65729100
16.49658400
16.98920800
16.50662500
16.65550000
16.58500000
16.89404200
16.87370800
16.68966700
16.62420800
16.70237500
16.32658300
16.95895900
16.39412500
16.68379100
17.05079200
16.56762500
16.43158300
16.68308400
16.84025000
16.97000000
16.23966600
17.13825000
16.22820900
16.68375000
16.86387500
16.94850000
16.49587500
16.77608300
16.68404200
16.66120800
16.35412500
16.68262500
16.99187500
16.66029200
16.66558300
16.41550000
17.29625000
16.20804200
16.85500000
16.97841600
16.63587500
16.12645900
16.72325000
17.23400000
16.67987500
16.09687500
16.68283300
17.26366700
16.71820800
16.65166700
16.68712500
16.66025000
16.11883300
16.68345800
17.29287500
16.61475000
16.60345900
16.83283300
16.66062500
16.68237500
16.71604200
16.54875000
16.78629100
16.64775000
16.45670900
16.82129100
16.64579200
16.78695800
16.77133400
16.06579100
17.27225000
16.70445900
16.68262500
16.60312500
16.76333300
16.68612500
16.66325000
16.63870800
16.74295900
16.69045800
16.12041700
17.26566600
16.60016700
16.62537500
16.19479200
16.67962500
17.24700000
16.68462500
16.69262500
16.20966600
17.17154200
16.70220800
16.68150000
16.60262500
16.76304200
16.07816700
16.69408300
16.67266700
17.31862500
16.62650000
16.68775000
16.71108300
16.67725000
16.66175000
16.70170800
16.66691700
16.65537500
16.73458300
16.64575000
16.11308400
17.26562500
16.70179100
16.68737500
16.69083400
16.65416600
16.68187500
16.71054200
16.07437500
17.28404200
16.69270800
16.65675000
16.70870800
16.68679200
16.66062500
16.70733300
16.07033400
17.04591600
16.68920900
16.64750000
19.00945800
73.59458300
21.84550000
19.36637500
8.77245900
9.32979100
8.85641700
8.39883300
8.41458400
9.28362500
8.82162500
8.62975000
12.23354100
17.00320900
16.98654100
16.63800000
16.71733400
16.64970800
16.68141700
16.71191600
16.25654200
17.07883300
16.10300000
16.68387500
17.26895900
16.70729100
16.07337500
17.26450000
16.71150000
16.65416700
16.69100000
16.09541700
17.29183300
16.09012500
17.29729200
16.63275000
16.68700000
16.73858300
16.62312500
16.68920800
16.10029200
17.26037500
16.10616700
17.28875000
16.67670800
16.08466700
17.29350000
16.07304100
17.29737500
16.68525000
16.07241700
17.28937500
16.07316700
17.26308300
16.72725000
16.68725000
16.65975000
16.69612500
16.68150000
16.06766700
17.29412500
16.07254100
17.26920900
16.36212500
17.00512500
16.66050000
16.13116600
17.24658400
16.11262500
17.29070800
16.56070800
16.77791700
16.70816700
16.07566600
16.68266700
17.29479200
16.65712500
16.68254100
16.56229200
16.80408300
16.71066700
16.71004200
16.04516600
17.28929200
16.17716700
17.16312500
16.71112500
16.09445800
17.25237500
16.11070800
16.67220900
16.68004100
17.29066700
16.08454200
17.26283300
16.69012500
16.69720800
16.65166700
16.13883300
17.26050000
16.07304200
16.68325000
17.29408300
16.65441700
16.72141700
16.06370800
17.26645800
16.11370900
17.28108300
16.65987500
16.70166700
16.69670800
16.08133300
17.29300000
16.64000000
16.68645900
16.70466600
16.68850000
16.65166700
16.71020800
16.12033400
17.23016600
16.70358400
16.07029100
17.28216700
16.71316700
16.63804100
16.33258400
16.45145800
17.26858300
16.68245900
16.09816600
17.27320900
16.09358300
17.29804200
16.06945800
17.26912500
16.70925000
16.66000000
16.12241700
17.27029100
16.06812500
17.27350000
16.70620900
16.65787500
16.68066600
16.71175000
16.65316700
16.72600000
16.11187500
17.21820800
16.69979200
16.52495800
16.68879200
16.84329200
16.49333300
16.85116700
16.28550000
17.09870800
16.65854200
16.71962500
16.67375000
16.65279100
16.71337500
16.52112500
16.23595900
16.92654100
16.58504200
16.53837500
16.72212500
16.64483300
17.11016700
16.25612500
16.92995800
16.57591700
16.54412500
16.89750000
16.52625000
16.62650000
16.68308300
16.79379200
16.64258300
16.76670900
16.62875000
16.60316600
16.66537500
16.68295900
16.68350000
16.68329100
16.75733400
16.61250000
16.68020800
16.71379200
16.78983300
16.70766700
16.64295800
16.63641700
16.61041600
16.77366700
16.76691700
16.58683300
16.60575000
16.88279200
16.81200000
16.67145800
16.62833300
16.42504200
16.83583300
16.52987500
16.94391700
16.70350000
16.75541700
16.71275000
16.63425000
16.71554100
16.71237500
16.55637500
16.70175000
16.58608400
16.87575000
16.51958300
16.77033300
16.67129200
16.71145800
16.62558400
16.59675000
16.72454100
16.62287500
16.69979200
16.76925000
16.58170800
16.52270900
16.89158300
16.73125000
16.42729200
16.68404100
17.02054200
16.51004200
16.71887500
16.71825000
16.67462500
16.59904100
16.79275000
16.64450000
16.71483400
16.70758300
16.71225000
16.39470800
16.98908400
16.63550000
16.41687500
16.94400000
16.71229100
16.68479200
16.71050000
16.68616700
16.36200000
17.11545800
16.25116700
16.68333300
17.07941700
16.65575000
16.63829100
16.76312500
16.60479200
16.35875000
17.18033300
16.54908400
16.61533300
16.47208300
16.90154200
16.65529200
16.46425000
16.99625000
16.69854100
16.30141700
17.00291700
16.52929100
16.74045900
16.76300000
16.79458300
16.61350000
16.75291700
16.31141600
17.07525000
16.24920900
16.68437500
17.22025000
16.50100000
16.73820800
16.70925000
16.39370800
16.83445900
16.85712500
16.62762500
16.68245800
16.26808300
17.21041700
16.60862500
16.68087500
16.64616700
16.67970800
16.71683300
16.67241700
16.63020800
16.30466700
17.21454200
16.47479100
16.54562500
17.00770900
16.50520800
16.81645800
16.58658400
16.71275000
16.65641600
16.70741700
16.67170800
16.68829200
16.71166700
16.72825000
16.22266600
17.14266700
16.48470800
16.89795900
16.59679100
16.47179200
16.76379200
16.92237500
16.57825000
16.62291600
16.35212500
17.23050000
16.47162500
16.34800000
17.22216700
16.56237500
16.69712500
16.26141700
17.07845800
16.59041700
16.69058300
16.61400000
16.75175000
16.36495800
17.06237500
16.56637500
16.48579200
16.96850000
16.69312500
16.32379200
16.68841600
17.15904200
16.20245800
16.99137500
16.55412500
16.50454200
16.95683300
16.67133400
16.76841600
16.43575000
16.87625000
16.64691700
16.42779200
17.01975000
16.42033300
16.61037500
16.83750000
16.52895800
16.77979200
16.73070800
16.73916700
16.55720800
16.75129200
16.69045800
16.64941700
16.96904200
16.40466600
16.81466700
16.65491700
16.71270800
16.55237500
16.74862500
16.65741700
16.79566600
16.63275000
16.63266700
16.76233300
16.78120900
16.41654100
16.79191700
16.82387500
16.60391700
16.69258300
16.70745800
16.39641700
16.91812500
16.55854200
16.83804100
16.41925000
16.97487500
16.59725000
16.82987500
16.73091700
16.66775000
16.72350000
16.26404200
17.04391600
16.75554200
16.62016700
16.54266600
16.89491700
16.23933300
17.28062500
16.49162500
16.42891700
16.94791700
16.69237500
16.65887500
16.28933300
17.27691700
16.48158300
16.69708300
16.78658400
16.65891600
16.70975000
16.68245900
16.71316600
16.70512500
16.68137500
16.11925000
17.27145900
16.32445800
17.02304200
16.66958300
16.69270800
16.27491700
17.11600000
16.54741700
16.78941600
16.71208400
16.69579100
16.63308400
16.66191600
16.75083400
16.68091600
16.68120900
16.70450000
16.65000000
16.69650000
16.70558300
16.06466700
17.27562500
16.71254100
16.06187500
17.27341700
16.61237500
16.76762500
16.55783300
16.71712500
16.55725000
16.89058400
16.66625000
16.63987500
16.15183300
17.30812500
16.57850000
16.17208300
16.67408400
17.28416600
16.59716700
16.16850000
17.22095800
16.58400000
16.26029200
17.15733300
16.58562500
16.29158400
16.68462500
17.15833300
16.66795800
16.67887500
16.67558400
16.71825000
16.66991600
16.68462500
16.21195900
17.22745800
16.14583300
17.04158400
16.80504100
16.57183400
16.31283300
16.67962500
19.38025000
13.98558300
16.68466700
16.83470800
16.78450000
16.64500000
16.46779200
16.68329200
16.98241600
16.52533400
16.64145800
16.88304200
16.71058300
16.56212500
16.78883300
16.68512500
16.40725000
16.96258400
16.71454100
16.61500000
16.78162500
16.61920900
16.69287500
16.60091600
16.50800000
16.90450000
16.69475000
16.62387500
16.66287500
16.78820900
16.64495800
16.68308300
16.40033400
17.03012500
16.33733300
16.68245800
16.78783400
16.81287500
16.44900000
17.04650000
16.32708300
17.12325000
16.52716700
16.77620800
16.66791700
16.32670800
17.06891700
16.63637500
16.51625000
16.55395800
16.84850000
16.86637500
16.69200000
16.27991700
17.08075000
16.28245800
17.20445800
16.15887500
17.05666700
16.48195800
16.80400000
16.63166700
16.67225000
16.70329200
16.68616600
16.67679200
16.78091700
16.66700000
16.61379100
16.73866700
16.37058300
17.16070900
16.47070800
16.71779200
16.66300000
16.63579100
16.75779200
16.74104200
16.67462500
16.65787500
16.67037500
16.60170800
16.69795800
16.53058400
16.75312500
16.65416600
16.71670900
16.79766600
16.57912500
16.62408400
16.75462500
16.50345800
16.79729200
16.88695800
16.71029200
16.66479100
16.34383400
16.70862500
16.89900000
16.71991600
16.58487500
16.87158400
16.57716600
16.69658400
16.63391600
16.60458400
16.83875000
16.38254100
17.02254200
16.58729200
16.82691600
16.62579200
16.50770800
16.52995900
17.07937500
16.61454100
16.69550000
16.34404200
16.73804200
16.63112500
16.67987500
17.07391600
16.64070900
16.33541600
16.97441700
16.42808300
16.64704200
16.68379200
16.69162500
17.04520800
16.31287500
16.81025000
17.03812500
16.55858300
16.65087500
16.40766700
16.93941700
16.62708300
16.73462500
16.65045800
16.71037500
16.80470900
16.41591600
16.59212500
16.73979200
16.85579200
16.52458300
16.83654200
16.60620800
16.63266700
16.90845800
16.48700000
16.50216700
16.83262500
16.53475000
16.94054100
16.42550000
17.02591700
16.69629200
16.70237500
16.62258300
16.66687500
16.60208300
16.77570900
16.37479100
17.06437500
16.61245900
16.58512500
16.74479100
16.76091700
16.33225000
16.68370800
16.94629200
16.69887500
16.64787500
16.78950000
16.61108300
16.55162500
16.86837500
16.50891700
16.81416700
16.73075000
16.34891600
17.05983400
16.56587500
16.71891600
16.44870900
16.88970800
16.72291700
16.68133300
16.49987500
16.56279200
17.03270800
16.63408300
16.51666700
16.88662500
16.66579200
16.36475000
16.68462500
16.85858300
16.70183300
16.56779200
16.96454200
16.34666600
16.95587500
16.72366700
16.51145800
16.73533400
16.78666600
16.57683400
16.64291600
16.51941700
16.67612500
16.88566700
16.75112500
16.70600000
16.59333300
16.54687500
17.00633300
16.54837500
16.77833400
16.68237500
16.60916600
16.73083400
16.35866600
17.04004200
16.61900000
16.39079200
17.03400000
16.43029100
16.94387500
16.62516700
16.74275000
16.66904200
16.34100000
17.12350000
16.56020800
16.57712500
16.70925000
16.76325000
16.62625000
16.79725000
16.51612500
16.81416700
16.59291600
16.80300000
16.71816700
16.71837500
16.59491700
16.45104100
16.68845900
17.04429100
16.47791700
16.69412500
16.82183300
16.66520900
16.68070800
16.67766700
16.68945800
16.72087500
16.23779200
17.16808300
16.21079200
16.94479100
16.58979200
16.50370800
17.03262500
16.58745900
16.89225000
16.62045800
16.64979200
16.58841600
16.76720900
16.62704100
16.79316700
16.71591700
16.65862500
16.68512500
16.26483300
17.19529200
16.54095800
16.46329200
17.04229100
16.58054200
16.28087500
17.13904200
16.50645800
16.85712500
16.63716700
16.69191600
16.28320900
17.18633300
16.55679200
16.72245800
16.40229200
16.85525000
16.80587500
16.23620800
16.93637500
16.60341700
16.74862500
16.69091600
16.78383400
16.58150000
16.70941600
16.63504200
16.78895800
16.62904200
16.74991700
16.63625000
16.64795800
16.75804200
16.64750000
16.66970800
16.40004200
17.11125000
16.43691600
16.72295900
17.07079100
16.66220900
16.68875000
16.62550000
16.71795800
16.55562500
16.76491700
16.57033300
16.66170800
16.66550000
16.66295900
16.66541600
16.67220900
16.36183300
16.98558300
16.99304200
16.66550000
16.70345800
16.06920900
16.89804100
16.80045900
16.35129100
16.99454200
16.51937500
16.54333300
17.13741700
16.50204200
16.40329100
17.27479200
16.09195800
16.68408400
17.25950000
16.10654100
17.30329200
16.09375000
16.99175000
16.61470800
16.66358400
16.75179100
16.36416700
16.68350000
16.97666700
16.39845800
16.99791700
16.60683300
16.74975000
16.56845800
16.71795900
16.45179100
16.96037500
16.72420900
16.54400000
16.50362500
16.68312500
16.68358300
17.00075000
16.66150000
16.56841700
16.81504100
16.37087500
16.68616700
16.68112500
17.02500000
16.54237500
16.82462500
16.34108300
16.68291700
16.99037500
16.70600000
16.35458300
16.68241700
16.68337500
16.68454200
16.90358300
16.71704200
16.42791600
16.68441700
16.68641700
16.90187500
16.46083300
16.68858300
16.92762500
16.43383400
16.68337500
16.68329100
16.68520900
17.13670800
16.47829200
16.82425000
16.70579100
16.27320900
16.96745800
16.85404200
16.51379100
16.74625000
16.76425000
16.25083400
16.98383300
16.38258300
16.96741700
16.72741700
16.76458300
16.64037500
16.56633300
16.43404200
17.04062500
16.62470800
16.72462500
16.66129200
16.69912500
16.66675000
16.63616700
16.82729100
16.69487500
16.63504200
16.30591700
16.68350000
17.13875000
16.58766600
16.82595900
16.48625000
16.59083300
16.47983300
17.16654200
16.52962500
16.59195800
16.85200000
16.67675000
16.68666700
16.27037500
17.17350000
16.61008300
16.69566700
16.58641700
16.84570800
16.58437500
16.31220800
16.65891700
16.68400000
17.20520800
16.63220900
16.59120800
16.30420800
16.68291700
17.13954200
16.59670800
16.79654200
16.64679100
16.64004200
16.75970800
16.58533400
16.76866600
16.64150000
16.68458400
16.70841600
16.76987500
16.51808400
16.64233300
16.84741700
16.51895800
16.78233300
16.47379200
16.84320800
16.60475000
16.89670900
16.53670800
16.72220800
16.77912500
16.55775000
16.68800000
16.80516700
16.62025000
16.64762500
16.80075000
16.60066700
16.64433300
16.28220800
17.23779200
16.43008300
16.87845900
16.62491600
16.68587500
16.80804200
16.49354200
16.74145800
16.50575000
16.87758300
16.61891700
16.30166700
17.21670800
16.14579200
16.94612500
16.67225000
16.70133300
16.48345800
16.61408400
16.69762500
16.98208300
16.53637500
16.72933300
16.88795900
16.56787500
16.75191600
16.66766700
16.82420800
16.18895900
17.21579100
16.52516700
16.30875000
16.68241700
17.00120800
16.79825000
16.80137500
16.52116700
16.68662500
16.41791600
17.03441700
16.69237500
16.19816700
17.09120800
16.73512500
16.76387500
16.49275000
16.73745800
16.78316700
16.17941700
17.26175000
16.62545800
16.55800000
16.76658300
16.72737500
16.71129200
16.71116700
16.70912500
16.61425000
16.20829100
17.23308400
16.60658300
16.75900000
16.68283300
16.07395900
16.68341600
17.29079200
16.07641700
16.82162500
17.05300000
16.46216600
16.40554200
17.29870800
16.56387500
16.78637500
16.07616700
17.24950000
16.58700000
16.79412500
16.65245800
16.13375000
16.68354200
16.68291700
17.18858300
16.74100000
16.68204200
16.75025000
16.65929100
16.66079200
16.71304200
16.64758300
16.10791700
17.31587500
16.63287500
16.67462500
16.10816600
17.28412500
16.08541700
17.28079200
16.66858300
16.67170800
16.71683400
16.68216600
16.66708400
16.72275000
16.63995800
16.68275000
16.71179200
16.07262500
16.68962500
17.28641600
16.49408400
16.25991600
17.29108400
16.34154100
17.03975000
16.57570900
16.69700000
16.71275000
16.66033300
16.68033300
16.15170900
17.29654100
16.58708400
16.74179100
16.10779200
16.68337500
17.29837500
16.56195800
16.19020900
16.71895800
17.05333300
16.27729200
16.92491700
16.44170800
17.08891700
16.66675000
16.56970800
16.70004200
16.80325000
16.27112500
17.05133300
16.68008300
16.67595900
16.67429100
16.64620900
16.74545800
16.61712500
16.81229200
16.25662500
17.03875000
16.32129100
16.98670900
16.38837500
17.10070800
16.56379200
16.80633300
16.61666700
16.31812500
17.14879100
16.58745900
16.70212500
16.29475000
17.02716600
16.72045900
16.53404100
16.88483400
16.61037500
16.67245800
16.45150000
16.57041700
17.21558300
16.15170800
16.99050000
16.72612500
16.75016700
16.60283300
16.74241700
16.61962500
16.66320800
16.87120900
16.17887500
16.90933300
16.86166700
16.50141600
16.87050000
16.48945900
16.91012500
16.68704100
16.58925000
16.77816700
16.23650000
16.94770800
16.44054200
16.67025000
17.15583300
16.55820900
16.72550000
16.42616600
16.91720900
16.38258300
16.93329200
16.61570800
16.73404200
16.61141600
16.64341700
16.94400000
16.38633300
16.52433400
17.10133300
16.55808300
16.59662500
16.86300000
16.60629200
16.77787500
16.62200000
16.76445800
16.71841700
16.51158300
16.85858400
16.61829100
16.70604200
16.26441700
17.09366600
16.69904200
16.71541700
16.69662500
16.65095800
16.76291700
16.55066600
16.78562500
16.53616700
16.69112500
16.77345800
16.65254200
16.66325000
16.65358300
16.50212500
16.95600000
16.64554200
16.27091700
17.14400000
16.54050000
16.63150000
16.84862500
16.64679100
16.67450000
16.76287500
16.22200000
17.10991700
16.25291700
16.68312500
17.16316600
16.52329200
16.77437500
16.63033300
16.75108400
16.61970800
16.33354200
17.23254100
16.53950000
16.30737500
17.20970900
16.11904100
16.67975000
17.03066700
16.85958300
16.45666700
16.86845800
16.66133400
16.58675000
16.65079100
16.68425000
16.59550000
16.43912500
17.17345900
16.49837500
16.68162500
16.71679100
16.61162500
16.75216700
16.52125000
16.77783300
16.42504200
16.85812500
16.72645800
16.56662500
16.95391700
16.53800000
16.65975000
16.81833300
16.66212500
16.70741700
16.64670800
16.73695900
16.62354100
16.71750000
16.66712500
16.51770900
16.85412500
16.53695800
16.90954200
16.27420800
17.00125000
16.67041700
16.52741600
16.87216700
16.60379200
16.85554100
16.51970900
16.67391600
16.58712500
16.83645900
16.64391600
16.50141700
16.82962500
16.44504200
16.68258300
16.87962500
16.88525000
16.65866700
16.74604100
16.69366700
16.61812500
16.30158300
17.17025000
16.57758400
16.71362500
16.72645800
16.59875000
16.72525000
16.68379200
16.68487500
16.66304100
16.68695900
16.71062500
16.72245800
16.22166700
17.01487500
16.63854100
16.89137500
16.18683400
16.68712500
17.09608300
16.71683300
16.60808400
16.71612500
16.28320800
16.67716700
17.11816600
16.65308400
16.70870800
16.63395800
16.49725000
16.93895900
16.55875000
16.77195800
16.63941700
16.61762500
16.78887500
16.67166600
16.65745900
16.66758300
16.78712500
16.62416700
16.59620800
16.74600000
16.72262500
16.26700000
16.91358300
16.83500000
16.66558400
16.73250000
16.66950000
16.69179100
16.67450000
16.69258400
16.67937500
16.27745800
16.95170800
16.81362500
16.65675000
16.31416700
16.92008300
16.82950000
16.29766700
17.12262500
16.56266700
16.58625000
16.48958300
17.01541700
16.65075000
16.73100000
16.69470800
16.75016700
16.23045800
16.99754200
16.36887500
17.24320800
16.52433300
16.67275000
16.74854200
16.63470800
16.68970900
16.68862500
16.26470800
17.17791700
16.48904100
16.82687500
16.68641700
16.24062500
17.20304200
16.72029100
16.12287500
17.27791700
16.59225000
16.79316700
16.64037500
16.71370800
16.63925000
16.12658300
16.68295900
16.68500000
17.28000000
16.68120800
16.71541700
16.65454100
16.31991700
17.07125000
16.46254200
16.68483300
16.91887500
16.46637500
16.88562500
16.68045800
16.06462500
16.91066700
16.45233300
17.27162500
16.63416700
16.14408300
17.30120900
16.69825000
16.66812500
16.06600000
17.32308300
16.66512500
16.06137500
16.68820800
16.68395900
17.29195800
16.61587500
16.73333300
16.68300000
16.69800000
16.68541700
16.68462500
16.68758300
16.66175000
16.69254200
16.67583300
16.67962500
16.66591700
16.60637500
16.77950000
16.08912500
17.30233300
16.69820900
16.64583300
16.66054200
16.10733300
17.27791700
16.08854100
17.27920900
16.62741600
16.57670900
16.73320800
16.69816700
16.70883300
16.62033300
16.64570900
16.76275000
16.73716600
16.32041700
17.06041700
16.59062500
16.67050000
16.22608300
16.67708300
16.90908400
16.71750000
16.57933300
16.52750000
16.68208300
16.96512500
16.40137500
16.89391700
16.47350000
16.68808300
16.97208400
16.56537500
16.80970800
16.66441700
16.75670800
16.46283300
16.89354200
16.33666700
16.99300000
16.58450000
16.89950000
16.53291600
16.75270900
16.70041600
16.32020900
17.01887500
16.44350000
16.91033300
16.38483300
16.87512500
16.62941700
16.65154200
16.81487500
16.47412500
16.81925000
16.72420800
16.57829200
16.55875000
16.68341600
16.89558400
16.47100000
16.68383300
17.03337500
16.39020800
17.00037500
16.50820900
16.58537500
16.97445800
16.60041700
16.72766600
16.72008400
16.63120800
16.49308300
16.86895900
16.54562500
16.65195800
16.51854200
17.05066600
16.58195900
16.75420800
16.34654200
17.03445800
16.33229200
16.96683300
16.43812500
16.64604200
17.14766600
16.64833400
16.25391600
17.03020900
16.33583300
17.27304200
16.37145800
16.90716700
16.60379100
16.71291700
16.62520800
16.68845900
16.67162500
16.76712500
16.61683300
16.27879200
17.24883300
16.62508300
16.63191700
16.68600000
16.45191700
16.90095800
16.65454200
16.26766600
17.14700000
16.63104200
16.27562500
16.68070800
16.70033400
16.66504100
16.68516700
17.13770800
16.63400000
16.67154200
16.69645800
16.58420900
16.79633300
16.73425000
16.67045800
16.70829200
16.69408300
16.18795900
16.68983300
17.18887500
16.59145800
16.63629200
16.31354200
17.06300000
16.73000000
16.25320800
16.68341700
16.68912500
16.99333300
16.54920800
16.83120900
16.59787500
16.44220800
16.68041700
16.69054100
16.99904200
16.58791700
16.71083300
16.44908300
16.66229200
17.10225000
16.38525000
16.99533300
16.25166700
17.06633300
16.75729200
16.54858300
16.37629200
16.66700000
16.92891700
16.75004100
16.76654200
16.65887500
16.31254200
17.07500000
16.72183300
16.60554200
16.33108300
16.68762500
16.67887500
17.16245800
16.61283400
16.51008300
16.87408300
16.72120900
16.40500000
16.97316600
16.58545900
16.68095800
16.53029200
16.84800000
16.78400000
16.63066600
16.79437500
16.34012500
16.48433400
16.76516600
16.78633400
16.66470800
17.01779200
16.56604100
16.73579200
16.65495800
16.51045900
16.83979100
16.28858400
17.17125000
16.62254100
16.65229200
16.37820800
17.00662500
16.67100000
16.64591700
16.76004200
16.67258300
16.76475000
16.17175000
17.18200000
16.59791700
16.73025000
16.59850000
16.87733300
16.63120800
16.65100000
16.71608400
16.16616600
17.28500000
16.59866700
16.60329200
16.24545800
17.23820800
16.57145900
16.30179100
16.63825000
17.31283400
16.04245800
17.27750000
16.53704200
16.63358300
16.61570800
16.89741700
16.58354200
16.74000000
16.17691600
17.17504200
16.66862500
16.60358300
16.80016700
16.65595800
16.44833400
16.68633300
16.42891700
17.20970800
16.60562500
16.70154200
16.53712500
16.88016600
16.69933400
16.65437500
16.66504100
16.19695900
17.21675000
16.64070800
16.74141700
16.66141600
16.65445900
16.53062500
16.34870800
17.27033300
16.45037500
16.47304200
16.98054200
16.55429100
16.66416700
16.93337500
16.56112500
16.26383300
16.67216700
17.28425000
16.47208300
16.81545900
16.66487500
16.58087500
16.81608300
16.68837500
16.63033300
16.69225000
16.71404200
16.62541700
16.21525000
17.23908300
16.38020800
16.74762500
16.77091700
16.29841700
16.75150000
16.59533300
16.68345800
17.13525000
16.58120900
16.67700000
16.80725000
16.57579100
16.64662500
16.80629200
16.61191700
16.67779100
16.43295900
17.05625000
16.19170800
17.17854200
16.48358300
16.79645800
16.70445900
16.62920800
16.68683300
16.70958400
16.64954100
16.69558400
16.69108300
16.64570800
16.74120900
16.48875000
16.70137500
16.81575000
16.63637500
16.75879100
16.80162500
16.68083400
16.41912500
16.85354100
16.70729200
16.73608300
16.61100000
16.75175000
16.69054200
16.54941700
16.79187500
16.62883300
16.56616700
16.78091600
16.41416700
16.63695800
17.20062500
16.30270900
17.01729100
16.29262500
16.52708400
16.67687500
17.26900000
16.26445800
16.97379200
16.55633300
16.37550000
17.00487500
16.61129200
16.75266600
16.64550000
16.37983400
17.10025000
16.50908300
16.44150000
17.11441700
16.46166600
16.91145900
16.24483300
17.11795800
16.24883400
17.20950000
16.44716600
16.39345900
17.16829100
16.50516700
16.71204200
16.69183300
16.33900000
17.04350000
16.69425000
16.31229200
17.09466600
16.55554200
16.74629200
16.65304100
16.37108400
16.68500000
17.04350000
16.34570800
17.09637500
16.56370800
16.48608400
16.91500000
16.32745800
16.68329200
16.69141600
16.68275000
16.67575000
16.68500000
16.78750000
16.58783400
17.05383300
16.51033300
16.91487500
16.36395900
16.92766600
16.59004200
16.72820800
16.70104200
16.68425000
16.63104200
16.70595800
16.37850000
17.09300000
16.27391700
16.68412500
17.17120800
16.58266700
16.64558300
16.74808300
16.70437500
16.59041700
16.78220800
16.66991700
16.68637500
16.56541700
16.79775000
16.25620800
17.17487500
16.50304200
16.78037500
16.67395800
16.28370800
16.86616700
16.85241700
16.76533300
16.64187500
16.67558300
16.29808400
16.90691600
16.84537500
16.73029200
16.56566700
16.73420800
16.31741700
17.08812500
16.57079100
16.88075000
16.63700000
16.66229200
16.73733300
16.40170900
16.95916600
16.65662500
16.24054200
17.24679200
16.16666600
17.18425000
16.52283400
16.73412500
16.63850000
16.70612500
16.26658300
16.68325000
16.88437500
16.98925000
16.65116700
16.61183300
16.28004200
16.99337500
16.72225000
16.78887500
16.60879100
16.70908400
16.74620800
16.64208300
16.72158400
16.63033300
16.72095800
16.59508400
16.70583300
16.74900000
16.23325000
17.23054200
16.56420800
16.51150000
16.83104200
16.27941600
17.20804200
16.53470800
16.65662500
16.80133400
16.63100000
16.65037500
16.70725000
16.66525000
16.66708300
16.34550000
17.14962500
16.58920800
16.67570900
16.28787500
16.89595800
16.94437500
16.22145800
17.17433400
16.60425000
16.70704100
16.61166700
16.30466700
16.68404100
16.68300000
17.18866700
16.44258300
16.77691700
16.62416700
16.53608300
16.76566700
16.70979100
16.59879200
16.71387500
16.69750000
16.70304200
16.73645800
16.50408300
16.92375000
16.53845900
16.76895800
16.67045800
16.62345900
16.70583300
16.60062500
16.70670800
16.88520900
16.48704100
16.83279200
16.59216700
16.57829100
16.87883400
16.63187500
16.67979100
16.71195900
16.66229100
16.56366700
16.50962500
16.80916700
16.55770800
16.68325000
17.11904200
16.69870800
16.70658300
16.20900000
17.08887500
16.27791700
17.29541700
16.65170800
16.48937500
16.73354200
16.77237500
16.73379100
16.55920900
16.82470800
16.63650000
16.69887500
16.64200000
16.77470800
16.68262500
16.07483400
17.28987500
16.68625000
16.07808300
17.03525000
16.32479200
17.26537500
16.10762500
17.26120800
16.65179200
16.13012500
17.26895800
16.63750000
16.14362500
17.26958300
16.09708400
17.29562500
16.65666600
16.70958400
16.68445800
16.07045800
17.29175000
16.18354200
17.18316700
16.67691600
16.68387500
16.67212500
16.65687500
16.68316700
16.71037500
16.56075000
16.82787500
16.06929200
17.29666600
16.64558400
16.70383300
16.68950000
16.12412500
16.64033300
16.68616700
17.28758300
16.68545900
16.07395800
17.29704200
16.65437500
16.09866600
16.69120900
16.67575000
17.27691600
16.08970900
17.25375000
16.63304100
16.70370900
16.14395800
17.24766700
16.43995800
16.47087500
17.07350000
16.56450000
16.64241700
16.86945800
16.58275000
16.79512500
16.65845800
16.46120900
16.88112500
16.73879100
16.53475000
16.64050000
16.47845900
16.81395800
16.73366700
16.50037500
16.80020800
16.78604200
16.63395800
16.75362500
16.68716700
16.66612500
16.31275000
17.03037500
16.57737500
16.44545800
17.06012500
16.65408300
16.68120900
16.33245800
17.10037500
16.27404200
17.09158300
16.65358300
16.69833400
16.67175000
16.65495800
16.71358300
16.29183400
17.09100000
16.58816600
16.37395900
17.07975000
16.62320800
16.34458300
16.96241700
16.75716700
16.32995800
16.91341700
16.63570800
16.53250000
17.09345800
16.24462500
17.16070900
16.20295800
16.83108300
16.53545900
17.09875000
16.67791600
16.77929200
16.30687500
17.02404200
16.57279100
16.32366700
17.01554200
16.36550000
16.67129100
16.68100000
17.08266700
16.30779200
16.82900000
16.91029100
16.60983400
16.58645800
16.76854200
16.55475000
16.77258300
16.75812500
16.70891700
16.31995800
16.96762500
16.60100000
16.74154200
16.62520800
16.48000000
16.71695800
16.88491700
16.64887500
16.80491700
16.47420800
16.91704200
16.47041600
16.81529200
16.52504200
16.82704100
16.44650000
16.80770900
16.71958300
16.68975000
16.49391700
16.69854100
16.93862500
16.67316700
16.42304200
16.68333300
16.98358300
16.70662500
16.66104200
16.83429200
16.55404100
16.70879200
16.68662500
16.60404200
16.69012500
16.71254100
16.59333400
16.66733300
16.77795800
16.62112500
16.76383400
16.72566600
16.59533400
16.64650000
16.65962500
16.72054100
16.43712500
16.96262500
16.40416700
16.91083300
16.67708400
16.46200000
16.89870800
16.59654200
16.99958300
16.47958300
16.44241700
16.99016700
16.72712500
16.33629100
17.15200000
16.51566700
16.37858300
16.68333400
16.68670800
17.18579200
16.37791600
16.85529200
16.72420800
16.27029200
16.68304200
16.68350000
17.16670800
16.57775000
16.80883300
16.60762500
16.56800000
16.73750000
16.31933400
17.08125000
16.66616600
16.61641700
16.36708300
17.17845900
16.59033300
16.66775000
16.61375000
16.63545800
16.52237500
16.92500000
16.33345900
16.95262500
16.69516600
16.71229200
16.43245800
17.00200000
16.53879200
16.74291700
16.81675000
16.62983300
16.31070800
17.02470900
16.78212500
16.24304100
17.08420900
16.34150000
17.19079100
16.11737500
16.84629200
16.92729200
16.73241600
16.64383400
16.71245800
16.23704200
17.23979100
16.12704200
17.19491700
16.54066600
16.80012500
16.67808400
16.61695800
16.75837500
16.68237500
16.59162500
16.28658300
17.10666700
16.26045800
16.68525000
17.00045900
16.58758300
16.46116700
17.20316600
16.16208400
16.80870800
16.82604200
16.89175000
16.62454100
16.64487500
16.62437500
16.90100000
16.53362500
16.61383400
16.36450000
17.23554100
16.44000000
16.81195900
16.24900000
17.24358300
16.56087500
16.48587500
16.92450000
16.57929200
16.68395800
16.30308300
16.68691700
17.17062500
16.53866700
16.80995800
16.57412500
16.34487500
17.04845800
16.70045900
16.72033300
16.57291700
16.79000000
16.68562500
16.70891600
16.62329200
16.28079200
17.12112500
16.42462500
16.90700000
16.65958300
16.33066700
16.96762500
16.73616600
16.53866700
16.70220800
16.79012500
16.68108400
16.55987500
16.75108300
16.74812500
16.62941700
16.68237500
16.71766600
16.60358400
16.59229100
16.51708400
16.99041600
16.38766700
16.95966700
16.69200000
16.70500000
16.69662500
16.74487500
16.59170800
16.69570800
16.73233400
16.69250000
16.65866600
16.33712500
16.68158400
17.14033300
16.23033300
16.67950000
17.12270900
16.63712500
16.70525000
16.66604100
16.75995900
16.63029100
16.29325000
17.13862500
16.20033400
17.20104100
16.55850000
16.29945900
17.08741600
16.69650000
16.66995900
16.72104100
16.23466700
16.68575000
17.14000000
16.21900000
16.68308300
17.30995900
16.05666600
16.69175000
17.31695900
16.51308300
16.77400000
16.49783300
16.40945900
17.09583300
16.55525000
16.78458300
16.66012500
16.70791700
16.69579200
16.62866600
16.73579200
16.54233300
16.89395900
16.54745800
16.69941700
16.75408300
16.63483300
16.64783400
16.52087500
16.88525000
16.58662500
16.76629100
16.60775000
16.70941700
16.72829200
16.67441600
16.82954200
16.62145800
16.66412500
16.38504200
17.04995800
16.62516700
16.15912500
17.22262500
16.62983300
16.62404200
16.69083300
16.46354200
17.06320800
16.68545900
16.08679100
17.28350000
16.17100000
17.21345900
16.06554100
17.30541700
16.68841700
16.65887500
16.68733300
16.07725000
17.29258300
16.71804200
16.47891700
16.83845800
16.09229200
17.29725000
16.32479100
16.43116700
17.19000000
16.50550000
16.84333300
16.66295900
16.64858300
16.74170800
16.37408400
16.96037500
16.60620800
16.73104200
16.65037500
16.80054100
16.16154200
17.29095800
16.53425000
16.22725000
17.00562500
16.64691700
16.39566700
17.02995800
16.64887500
16.64733300
16.75212500
16.62733400
16.70050000
16.69929100
16.69287500
16.55050000
16.83679200
16.66116700
16.51437500
16.88525000
16.61716600
16.39554200
16.99954200
16.69745800
16.51329200
16.93841600
16.48716700
16.47816700
17.05616600
16.64670900
16.65329100
16.75737500
16.27854200
17.10354200
16.26358300
17.11912500
16.58666700
16.74566600
16.65066700
16.64741700
16.75391600
16.67395900
16.65070800
16.63529200
16.65091600
16.40300000
17.07550000
16.29045900
17.12933300
16.60795800
16.31383400
16.68908300
17.22075000
16.14008300
17.17341700
16.34291700
17.02508300
16.53941700
16.63100000
16.75645800
16.73908300
16.60641700
16.79641700
16.73420800
16.60320800
16.62733400
16.73920800
16.68279200
16.66445800
16.49720800
16.45675000
17.16687500
16.20100000
17.27087500
16.57358400
16.68037500
16.55141600
16.70741700
16.63933300
16.75358400
16.68116600
16.70070900
16.27387500
17.15995800
16.20775000
17.27870800
16.46825000
16.81062500
16.58241700
16.68262500
16.55233300
16.90150000
16.61550000
16.71195900
16.70712500
16.68612500
16.55208300
16.33291700
17.07725000
16.54495800
16.71170800
16.79966700
16.57437500
16.39212500
16.68620800
16.69520900
17.10629100
16.56629200
16.72083300
16.33912500
16.94354200
16.76291700
16.62954100
16.65004200
16.41687500
17.03183300
16.71616700
16.72333300
16.51804200
16.88245800
16.56375000
16.66991700
16.75366700
16.69883300
16.46741700
16.67845800
16.89079200
16.68495800
16.52587500
19.39050000
14.55966700
15.89462500
17.00629100
16.35812500
17.09445900
16.52429100
16.70629200
16.79625000
16.29212500
17.01645800
16.74537500
16.51458400
16.51512500
16.81416600
16.68933400
16.60862500
16.75854100
16.65208400
16.83212500
16.59033300
16.69483300
16.61245900
16.51737500
16.89641600
16.70366700
16.53758300
16.81295900
16.64720800
16.47900000
16.68345800
17.01254200
16.41045800
16.85458400
16.64916600
16.62954200
16.54354200
16.99629100
16.37062500
16.90991700
16.74787500
16.61925000
16.58466700
16.81987500
16.63433300
16.55845800
16.80033400
16.59362500
16.75287500
16.63304100
17.02337500
16.53304200
20.09029200
12.95237500
16.96504100
16.43133400
16.65045800
16.86616700
16.90566600
16.58100000
16.38116700
17.14537500
16.22045800
17.00804200
16.76216700
16.61641600
16.74137500
16.65362500
16.70470900
16.65108300
16.32958300
17.15345900
16.59741600
16.29862500
17.05958400
16.51512500
16.92370800
16.54162500
16.79891700
16.63479100
16.30991700
16.68329200
16.98875000
16.64791600
16.79445900
16.56970800
16.41554200
17.15279100
16.51416700
16.53266700
16.87791600
16.65145900
16.51920800
16.53608300
17.03287500
16.72025000
16.29612500
17.04483400
16.63191600
16.37291700
17.07712500
16.55387500
16.68729200
16.86020800
16.39050000
16.96316700
16.60950000
16.64175000
16.73745800
16.60804200
16.73033300
16.34129200
17.14920800
16.54395800
16.72808400
16.67162500
16.71750000
16.70166600
16.64658400
16.55887500
16.87545800
16.57075000
16.76558300
16.54329200
16.94387500
16.38337500
16.44991700
16.72754100
17.15791700
16.54141700
16.30841600
17.21095900
16.20720800
17.09600000
16.64870800
16.67883400
16.65133300
16.30529200
17.15662500
16.62933300
16.68604200
16.25141600
17.22650000
16.58245900
16.53183300
16.85358300
16.48237500
16.94400000
16.59329200
16.24583300
17.18037500
16.25120900
17.18458300
16.44654200
16.79333300
16.72966700
16.19737500
17.11758300
16.47520800
16.94795900
16.19370800
16.68500000
17.05712500
16.56670800
16.42350000
17.14979200
16.51895800
16.88033400
16.45525000
16.87658300
16.22941700
17.18670800
16.59125000
16.39525000
16.55366700
17.21104100
16.50895900
16.70408300
16.71458300
16.67675000
16.64383400
16.81012500
16.64141600
16.24395900
16.67462500
16.68333300
17.23850000
16.12866700
16.74225000
17.13470800
16.17233300
17.23179200
16.53054200
16.28783300
16.68333300
17.19412500
16.57654200
16.74116700
16.56887500
16.71079100
16.76516700
16.60295800
16.76479200
16.22533300
16.68345900
17.05304100
16.83608400
16.58270800
16.73237500
16.66400000
16.69200000
16.70595800
16.67516700
16.64437500
16.74387500
16.68387500
16.18812500
17.17133300
16.56337500
16.77962500
16.21766700
16.69483300
16.67866700
17.06337500
16.55579200
16.54608300
16.93637500
16.65670800
16.60087500
16.41820900
16.68254100
16.91295900
16.55850000
16.70425000
16.66820800
16.57233300
16.99154200
16.42337500
16.63587500
16.68250000
16.68337500
17.03545800
16.42791700
16.94850000
16.58241700
16.67045800
16.55729200
16.89425000
16.60629100
16.65904200
16.57900000
16.76437500
16.80712500
16.35158300
16.71416700
16.97812500
16.47587500
16.84483300
16.71237500
16.66862500
16.38900000
17.11762500
16.57262500
16.59591700
16.70237500
16.64387500
16.60283300
16.75800000
16.92504200
16.55137500
16.70891700
16.76258300
16.54983300
16.85845900
16.60175000
16.59158300
16.39083300
16.68320900
17.06675000
16.65279100
16.45866700
16.92025000
16.51445800
16.48733400
16.97129100
16.73962500
16.61795900
16.82041600
16.57616700
16.46487500
17.03008300
16.60750000
16.67766700
16.49141700
16.89758300
16.63287500
16.72954200
16.39095800
17.10566700
16.62658300
16.71737500
16.63425000
16.71887500
16.63083300
16.26804200
17.20325000
16.58687500
16.26133300
17.11729200
16.43450000
16.91583300
16.71187500
16.56220900
16.72345800
16.74941700
16.25283300
17.14066700
16.42954100
16.66912500
16.49183400
17.15308300
16.21387500
17.15616700
16.64841600
16.24500000
17.13650000
16.65525000
16.71570900
16.45212500
16.87016600
16.76445900
16.58220800
16.68416700
16.75129100
16.59916700
16.56687500
16.47637500
17.10604200
16.54583300
16.70083300
16.32670900
16.72483300
17.00750000
16.79520800
16.55883400
16.75712500
16.67554100
16.71466700
16.24045800
17.19070900
16.53025000
16.73825000
16.72729100
16.71916700
16.18666700
17.24566600
16.55675000
16.41791700
16.70129200
16.99579100
16.56633400
16.69866600
16.72825000
16.66479200
16.63820800
16.78712500
16.62437500
16.70625000
16.23529200
16.69300000
17.14350000
16.65125000
16.72529200
16.21154100
17.21775000
16.56708400
16.38779100
16.99650000
16.23970900
17.27025000
16.51875000
16.68912500
16.59762500
16.84729100
16.49691700
16.83045800
16.60287500
16.29787500
17.22575000
16.54566700
16.77454200
16.64033300
16.66604200
16.68866600
16.74554200
16.24516700
16.88770800
16.86933300
16.64737500
16.70458400
16.67804100
16.68225000
16.66037500
16.27070900
16.68325000
17.16829100
16.63587500
16.62129200
16.81070800
16.53916700
16.80616700
16.62387500
16.58408300
16.77204200
16.66666600
16.64862500
16.66512500
16.78679200
16.60445800
16.72133400
16.27962500
17.06616600
16.70737500
16.63212500
16.73320900
16.56808300
16.39300000
17.04733300
16.51016700
16.91070800
16.26425000
17.03208400
16.66254100
16.35583400
17.10179100
16.55133400
16.68979100
16.75687500
16.70400000
16.77658400
16.52229100
16.67854200
16.88845800
16.53925000
16.70762500
16.79033400
16.56995800
16.29495800
17.26000000
16.54254200
16.63370800
16.29166700
16.75458300
17.10741700
16.66970800
16.64808400
16.34616600
16.57387500
16.68337500
17.23116700
16.14120800
16.68012500
17.18633400
16.18479100
17.17116700
16.54820800
16.60008400
16.90337500
16.61075000
16.71658300
16.25258300
17.22158400
16.62204100
16.18008400
16.73379100
17.14995900
16.63837500
16.22100000
16.67875000
17.20162500
16.48487500
16.82866600
16.37354200
16.87708300
16.59862500
16.69220900
16.70941600
16.77933400
16.28258300
16.93366700
16.43304100
17.08720900
16.53591600
16.81041700
16.54329200
16.61554100
16.87845900
16.40645800
16.67341700
16.89729100
16.57816700
16.66395800
16.79337500
16.55837500
16.75400000
16.56675000
16.81116700
16.56375000
17.04791700
16.36904100
16.74183400
16.87829100
16.60345900
16.58945800
16.76837500
16.34758300
16.86983400
16.94220800
16.80033300
16.41558400
16.82583300
16.55229200
16.75600000
16.76175000
16.50908300
16.63654200
16.92954100
16.56433400
16.67241600
16.82595900
16.59654100
16.65866700
16.29966700
16.68325000
17.10254100
16.66495900
16.28258300
16.68720800
17.14820900
16.56004100
16.74133400
16.60570800
16.65929200
16.72766600
16.80691700
16.53341700
16.67329100
16.85279200
16.21675000
16.67170800
17.01133400
16.35858300
17.15966700
16.64512500
16.82362500
16.50325000
16.89183300
16.60737500
16.72283300
16.10887500
17.27941700
16.70354200
16.52583300
16.66679200
16.83312500
16.70120800
16.22787500
17.10641700
16.72516600
16.06512500
17.26370900
16.70941600
16.07658400
16.68520800
16.68041700
17.28366600
16.69062500
16.68091700
16.64491700
16.69304100
16.71820900
16.07183300
16.68375000
16.92487500
17.02200000
16.10579200
16.68050000
17.26195800
16.72037500
16.68366700
16.66662500
16.71366600
16.16662500
17.15720900
16.70841600
16.67537500
16.66195900
16.70466600
16.07962500
17.26770900
16.70470800
16.68254200
16.07820800
17.29458300
16.65754200
16.70420800
16.68520900
16.68529100
16.52379200
16.62045800
16.29633400
17.05870800
16.57025000
16.98095800
16.70504200
16.67495800
16.11087500
17.20162500
16.22575000
17.12695900
16.75379100
16.73391700
16.64033300
16.67604200
16.70504200
16.67150000
16.66916600
16.71445900
16.08579100
16.67750000
17.28950000
16.65650000
16.10433400
16.68279100
17.26350000
16.18625000
17.20837500
16.57370900
16.18475000
17.30445800
16.06237500
17.28504200
16.65650000
16.71279100
16.09175000
17.28283400
16.62654100
16.74725000
16.68912500
16.67283400
16.65091600
16.69558400
16.65975000
16.72254100
16.40941700
16.77625000
16.66712500
16.68358300
16.68308400
16.67000000
16.70441600
16.69433400
16.68191600
16.68354200
16.61975000
16.38379200
17.02854100
16.66004200
16.71495800
16.49412500
16.86200000
16.64645900
16.69841600
16.29545900
16.84629100
16.99587500
16.59766700
16.71470800
16.66512500
16.71258400
16.25025000
17.14641600
16.62400000
16.71179200
16.67029200
16.72795800
16.67054200
16.62958300
16.73308300
16.71470900
16.63050000
16.62583300
16.70737500
16.71741700
16.70687500
16.46170800
16.83566700
16.71150000
16.74120800
16.62604200
16.75258300
16.63241700
16.25583300
17.25866700
16.48383300
16.67220800
16.78750000
16.66204200
16.68158300
16.23850000
17.13487500
16.68204200
16.61108300
16.73154200
16.25700000
17.08129200
16.53862500
16.71412500
16.60633300
16.80216700
16.61562500
16.69750000
16.67912500
16.62616600
16.78066700
16.67375000
16.67616700
16.70166600
16.37254200
17.08804200
16.56266600
16.65687500
16.71079200
16.74550000
16.57995800
16.95550000
16.58716700
16.74229200
16.57595800
16.65900000
16.54266700
16.81883300
16.60329200
16.71129100
16.70170900
16.65545800
16.68375000
16.73495800
16.50462500
16.74995900
16.69741600
16.67108400
16.93233300
16.61320800
16.65708400
16.30995800
17.07933300
16.28600000
17.09275000
16.32866700
17.12429200
16.55558300
16.76883300
16.62079200
16.30191700
17.16554100
16.57500000
16.30070900
17.18020800
16.60120800
16.68508400
16.26612500
17.16666600
16.62133400
16.26200000
17.16162500
16.20666600
17.14145900
16.57829100
16.78695900
16.36208300
17.00529200
16.65941600
16.66591700
16.47591700
16.77779100
16.82583400
16.23620800
17.16325000
16.61250000
16.66845800
16.72416700
16.68404200
16.65650000
16.30425000
17.11450000
16.63079100
16.64483400
16.73100000
16.48695800
16.93387500
16.61108300
16.66212500
16.73512500
16.68791700
16.62366700
16.74812500
16.64908300
16.27762500
17.16579200
16.55779100
16.73916700
16.69020800
16.27350000
17.14008400
16.63616600
16.59833400
16.34895800
16.79533300
16.98191700
16.27262500
17.12429200
16.58654100
16.37095900
17.09700000
16.23804100
16.68350000
17.11991700
16.59358300
16.71837500
16.30133400
17.14145800
16.60333300
16.68612500
16.70679200
16.71120800
16.69916700
16.60637500
16.31225000
17.14258300
16.55637500
16.73183400
16.75525000
16.59712500
16.75791600
16.64929200
16.67100000
16.68145800
16.67583400
16.63050000
16.51070800
16.93837500
16.60858300
16.74920900
16.65470800
16.65766700
16.72516600
16.28975000
17.10445900
16.67887500
16.65254100
16.65804200
16.73887500
16.64537500
16.31554200
17.14120800
16.60400000
16.66720800
16.66466700
16.68383300
16.69620900
16.31562500
16.68633300
17.14725000
16.59520800
16.42366700
16.93075000
16.61795800
16.38541700
17.11275000
16.55800000
16.72616700
16.73145800
16.69725000
16.55079200
16.81266600
16.65350000
16.63575000
16.69862500
16.66708400
16.68916600
16.71337500
16.64979200
16.35491700
17.12016600
16.57216700
16.49375000
16.54266700
17.12120800
16.59483300
16.59375000
16.56233400
16.55304100
16.70091700
16.93950000
16.65566700
16.62962500
16.87391600
16.61837500
16.40445900
17.07154100
16.24762500
17.08800000
16.60445900
16.62570800
16.83620800
16.62658400
16.33895800
17.13200000
16.60512500
16.72229200
16.70129100
16.63341700
16.78475000
16.60633300
16.62837500
16.75333400
16.69616600
16.62937500
16.29670900
17.12787500
16.53941600
16.88362500
16.55179200
16.30829200
16.68137500
16.68204100
17.03495900
16.82812500
16.70233300
16.20070800
17.20191700
16.58758300
16.29550000
17.07233400
16.60083300
16.65108300
16.34104200
17.25895800
16.43625000
16.89600000
16.59458400
16.43525000
16.69500000
16.82870800
16.65262500
16.40191700
16.94154100
16.42350000
17.00012500
16.74783400
16.25483300
16.93825000
16.43129200
17.14512500
16.36579100
16.87991700
16.57579200
16.55966600
17.00091700
16.56320800
16.78304200
16.68854200
16.54412500
16.80695800
16.52775000
16.77695800
16.67587500
16.58783400
16.86587500
16.63254100
16.70087500
16.59858400
16.59187500
16.85062500
16.64500000
16.63579100
16.66991700
16.69541700
16.72200000
16.68966600
16.72158400
16.33879100
17.10870900
16.52537500
16.67541600
16.61479200
16.67141700
16.79850000
16.54875000
16.82920800
16.81233300
16.63291700
16.78737500
16.27591700
17.10062500
16.58929100
16.25279200
17.21808300
16.60387500
16.70483400
16.61525000
16.27483300
17.26200000
16.56495800
16.22283400
16.85275000
16.53025000
16.67062500
17.20570800
16.31295800
16.52983400
16.71308300
16.86075000
16.61604200
17.11675000
16.52491600
16.70337500
16.66045900
16.61625000
16.78200000
16.65354100
16.52995900
16.42158300
16.96470800
16.40129200
17.24395800
16.56254200
16.62204200
16.71775000
16.62075000
16.34116600
17.14616700
16.47691700
16.83404100
16.31525000
17.13666700
16.59754200
16.26850000
17.16000000
16.20654100
16.68333400
16.68325000
17.23912500
16.62258300
16.20004200
17.24679100
16.57900000
16.69583400
16.20016600
17.13716700
16.22933300
17.29875000
16.06879200
17.23837500
16.59733300
16.73545900
16.62170800
16.70937500
16.69270800
16.73554200
16.67775000
16.14070800
17.30225000
16.55966700
16.71641700
16.27404100
17.18854200
16.54779200
16.73500000
16.68808300
16.15045800
17.23625000
16.11991700
16.68325000
17.15941700
16.55695800
16.33387500
16.68166700
16.68316600
16.85054200
16.51608300
17.12037500
16.60087500
16.75650000
16.67845900
16.55420800
16.78533300
16.76162500
16.21362500
17.21695900
16.57687500
16.68887500
16.75020800
16.66833300
16.71395900
16.64645800
16.70658300
16.70691700
16.73116700
16.22866600
17.13508400
16.37087500
16.90241600
16.63362500
16.54887500
16.84741700
16.65733300
16.58058400
16.74225000
16.29904100
17.03195900
16.92062500
16.42691600
16.35787500
17.18579200
16.69308300
16.18237500
17.25862500
16.29737500
16.93545900
16.39479100
17.10291700
16.56566700
16.32850000
17.10795800
16.63937500
16.67862500
16.25025000
16.65925000
17.23041700
16.61358300
16.17612500
16.67233300
16.68508400
16.71995800
16.67004200
17.26116600
16.08029200
17.18979200
16.40241600
17.00204200
16.56270800
16.29670900
17.25679100
16.53920900
16.72741600
16.18220900
17.28304100
16.07729200
17.30491700
16.58891600
16.71845900
16.38883300
16.41287500
17.28750000
16.62658300
16.64579200
16.69637500
16.65283300
16.28687500
17.21387500
16.56995900
16.70941600
16.70729200
16.12204200
17.18979100
16.54000000
16.68500000
16.36733400
16.63258300
17.15004200
16.53775000
16.36250000
17.11587500
16.58787500
16.75954100
16.26970900
17.12420800
16.63616700
16.71516600
16.59770900
16.75958300
16.57116700
16.76079100
16.72208400
16.63866600
16.78187500
16.50945900
16.38325000
17.19058300
16.56391700
16.67283300
16.66266700
16.77145800
16.61875000
16.66375000
16.68620800
16.72441700
16.49100000
16.83050000
16.61441700
16.71858300
16.72833300
16.85791700
16.13783300
17.21345900
16.56537500
16.76220800
16.71225000
16.66262500
16.72837500
16.64758300
16.70287500
16.69916700
16.64991700
16.67745800
16.69575000
16.68133300
16.57370900
16.82095800
16.14204200
17.27683300
16.61300000
16.68962500
16.45295800
16.88170900
16.64862500
16.70441600
16.73850000
16.15004200
17.28779200
16.60525000
16.57312500
16.79779100
16.66491700
16.67612500
16.50995800
16.34683400
16.68654100
17.26779200
16.57183300
16.66479200
16.73308300
16.62308400
16.74412500
16.72379100
16.56500000
16.76550000
16.69862500
16.67375000
16.61787500
16.74695900
16.16470800
17.27512500
16.63091700
16.66641600
16.66612500
16.66733400
16.62154100
16.70783400
16.75229100
16.71462500
16.64137500
16.70200000
16.15466700
17.26912500
16.63537500
16.68904200
16.68512500
16.14108300
16.67995800
17.28120900
16.57312500
16.30237500
17.16479100
16.58037500
16.75483400
16.64891600
16.71550000
16.63383400
16.68783300
16.68229200
16.70683300
16.15441700
16.89108300
17.02895800
16.61104200
16.71087500
16.64304200
16.70304100
16.22733400
17.06750000
16.55154100
16.75358400
16.70375000
16.72350000
16.62887500
16.71270800
16.73737500
16.66316700
16.69908300
16.24054200
17.24400000
16.59766600
16.69204200
16.67229200
16.21066600
17.26858400
16.63291600
16.63683400
16.68591600
16.27487500
17.06362500
16.68112500
16.77625000
16.60900000
16.75733400
16.13079100
17.11279200
16.82504200
16.62150000
16.17458300
16.68237500
17.22741700
16.58804100
16.75712500
16.66025000
16.64154200
16.67945800
16.75395900
16.60679100
16.66083400
16.80270800
16.62600000
16.70262500
16.66662500
16.19308300
16.92375000
16.93066700
16.64554200
16.69604100
16.22087500
17.08933400
16.63341600
16.33654200
17.16183300
16.19562500
16.68316700
17.18141700
16.50650000
16.36479100
17.12300000
16.59175000
16.65895900
16.64200000
16.84033300
16.33062500
17.05408300
16.22329200
17.18645800
16.54854200
16.79041700
16.20795800
17.23858300
16.52108400
16.74758300
16.65120800
16.60083400
16.80408300
16.66150000
16.66979200
16.68558300
16.73841700
16.68379100
16.50858400
16.90025000
16.15512500
16.68370800
17.21720800
16.63241700
16.65600000
16.72087500
16.65054200
16.65087500
16.71933300
16.56529200
16.83075000
16.64704100
16.55845900
16.89816600
16.58329200
16.67087500
16.71983300
16.69054200
16.68783300
16.70587500
16.62941700
16.72004200
16.65237500
16.73262500
16.65025000
16.71804100
16.66050000
16.65837500
16.46104200
16.94158300
16.18820900
17.21820800
16.61066700
16.66550000
16.74637500
16.65800000
16.58804100
16.71929200
16.34708300
17.05162500
16.28312500
17.02645900
16.49908300
16.85358300
16.29954200
16.70233300
17.09545900
16.25479100
17.22204200
16.43450000
16.79233300
16.59004200
16.71083300
16.34662500
16.68300000
17.04258400
16.60633300
16.70400000
16.38054200
16.86500000
16.86895800
16.62158300
16.63820900
16.73650000
16.62320800
16.74495800
16.71908400
16.68125000
16.64275000
16.37525000
17.08420800
16.56120800
16.40475000
16.96966700
16.56754200
16.51295800
17.05200000
16.50520800
16.57008400
16.93745800
16.47070800
16.95304200
16.61633300
16.36158400
16.68350000
17.21325000
16.59029100
16.74708400
16.49770800
16.80904200
16.75041600
16.72858400
16.58554100
16.75091700
16.55070800
16.52883400
16.86254100
16.74637500
16.64541700
16.56837500
16.36108300
17.25937500
16.56612500
16.70291700
16.62704200
16.33433300
16.60704200
17.13033300
16.53687500
16.75608300
16.31029200
17.08800000
16.27858300
17.17391700
16.66195800
16.21400000
17.17575000
16.42641700
16.97612500
16.63912500
16.73491700
16.62770800
16.60145800
16.84558400
16.61554100
16.68312500
16.74679200
16.46758300
16.60979200
16.73470800
16.77566700
16.63333300
16.71983400
16.68812500
16.28916600
17.16633400
16.22008300
17.13691700
16.67875000
16.69337500
16.67225000
16.20804100
17.24916700
16.62679200
16.17441600
17.09137500
16.79704200
16.66841700
16.43237500
16.96729100
16.56212500
16.75629200
16.38637500
17.06225000
16.10954200
16.68970800
17.11808300
16.24479200
17.08208300
16.46087500
16.51266700
17.23183300
16.58920900
16.71120800
16.47533300
16.91975000
16.60575000
16.71700000
16.68933400
16.68304100
16.21454200
17.20104200
16.60858300
16.73454200
16.61866600
16.75983400
16.62275000
16.71379100
16.66275000
16.68779200
16.21287500
17.15608300
16.70345900
16.66579100
16.56283400
16.83266600
16.63120900
16.23225000
17.22345800
16.57208300
16.75908400
16.60683300
16.25979200
17.23887500
16.60354100
16.74425000
16.60316700
16.72395800
16.67108400
16.67300000
16.69133300
16.19900000
17.22450000
16.63191700
16.64962500
16.23095800
17.27150000
16.08783300
16.69266700
17.20800000
16.58904200
16.73070800
16.64945800
16.70800000
16.68525000
16.69416700
16.57479200
16.77233300
16.69579200
16.66804100
16.73337500
16.16370900
17.29204100
16.55045900
16.70304100
16.70683400
16.61795800
16.71020800
16.71479200
16.66358300
16.70841700
16.69541700
16.65587500
16.64954100
16.72220900
16.50750000
16.87333300
16.16225000
16.72354200
17.19520800
16.58016700
16.58916600
16.39862500
16.61345900
16.68391600
16.70325000
16.67350000
16.67300000
17.03500000
16.77625000
16.77883400
16.41437500
16.88220800
16.63433300
16.26950000
16.67579200
17.22345800
16.58979200
16.64200000
16.80016700
16.63175000
16.74350000
16.65170800
16.70116700
16.16625000
17.23104100
16.59566700
16.23270800
17.20437500
16.34550000
16.95866700
16.40254200
16.83275000
16.66979100
16.62062500
16.42312500
17.00762500
16.70891700
16.68866700
16.64104100
16.58766700
16.88500000
16.58491700
16.67487500
16.72816600
16.68641700
16.63879200
16.72229100
16.65391700
16.68454200
16.70583300
16.69991700
16.61608300
16.80429200
16.6657080