6.68316700
2.75616700
2.82629100
5.43858400
8.33762500
8.42016600
8.32933400
8.27533300
8.34179200
8.42437500
8.35266600
8.33970900
8.40900000
8.19141600
8.46945900
8.31937500
8.22729100
8.44250000
8.37366700
8.36175000
8.18870800
8.35741700
8.33066700
8.39487500
8.28470800
8.34187500
8.52141700
8.35291600
8.14941700
8.34175000
8.47895800
8.20429200
8.49608300
8.26450000
8.26450000
8.34195900
18.47083300
14.80012500
16.68333300
16.68337500
16.68333400
16.68333300
16.68333300
16.68329200
16.68333300
16.68337500
16.68329200
16.68341700
16.68325000
16.68329100
16.68337500
16.68329200
16.68337500
16.68329200
16.68341600
16.68325000
16.68341700
16.68329200
16.68341600
16.68329200
16.68320800
16.68337500
16.68333400
16.68350000
16.68325000
16.68329100
16.68333400
16.68337500
16.68325000
16.68341600
16.68325000
16.68341700
16.68325000
16.68454200
16.68216600
16.68679200
16.67979200
16.68333300
16.68450000
16.68220800
16.68345900
16.68320800
16.68337500
16.68329200
16.68420800
16.68250000
16.68325000
16.68341700
16.68333300
16.68329200
16.69233300
16.67541700
16.68233300
16.68441700
16.73445800
16.63441700
16.67995800
16.68545800
16.68120900
16.68333300
16.68337500
16.68587500
16.68083300
16.68333400
16.68320800
16.68337500
16.68445800
16.68225000
16.68375000
16.68308400
16.71550000
16.65100000
16.68458300
16.68204200
16.68587500
16.68095800
16.68325000
16.70025000
16.66641700
16.68337500
16.68766600
16.67891700
16.68337500
16.68325000
16.68745800
16.67929200
16.68420800
16.68258400
16.68320800
16.68345800
16.68412500
16.68395900
16.68841600
16.67762500
16.68383400
16.68187500
16.68333300
16.68337500
16.68350000
16.68404200
16.68625000
16.67966600
16.68320900
16.68325000
16.68329100
16.68354200
16.68325000
16.68329200
16.68329100
16.68350000
16.68329200
16.68437500
16.68470800
16.68095900
16.68320800
16.68341700
16.68325000
16.68337500
16.68325000
16.68350000
16.68316600
16.68350000
16.68329200
16.68337500
16.68316700
16.69358300
16.67308300
16.68345900
16.68337500
16.68320800
16.68333300
16.68333400
16.68450000
16.68225000
16.68333300
16.68325000
16.68329200
16.68337500
16.68329100
16.68337500
16.68329200
16.68425000
16.68258300
16.69195900
16.67479100
16.68295900
16.68333300
16.71200000
16.68250000
16.65558300
16.68333400
16.69187500
16.71566600
16.65458400
16.67125000
16.68337500
16.68645800
16.85070800
16.69154200
16.56833300
16.68329200
16.68325000
16.69387500
16.67275000
16.68337500
16.68329200
16.70033300
16.66633300
16.68708400
16.69066600
16.68341700
16.67220800
16.68337500
16.68345900
16.68325000
16.68333300
16.68325000
16.68341700
16.68325000
16.70637500
16.66029100
16.68333400
16.68533300
16.68262500
16.68254200
16.68283300
16.68333300
16.68337500
16.68341700
16.68325000
16.68333300
16.68333400
16.68329100
16.68329200
16.68337500
16.68333300
16.68337500
16.68337500
16.68333400
16.68333300
16.68329200
16.68325000
16.68345800
16.68320800
16.68345900
16.68320800
16.68337500
16.68337500
16.68333300
16.68329200
16.68337500
16.68329200
16.68345800
16.68325000
16.68337500
16.68329200
16.68333300
16.68341700
16.68325000
16.68358300
16.68308300
16.68458400
16.68337500
16.68195800
16.68345800
16.68337500
16.68316700
16.68337500
16.68329200
16.68345800
16.69012500
16.67637500
16.68579200
16.68187500
16.68841600
16.67750000
16.69062500
16.67591700
16.69054200
16.68658300
16.67700000
16.67933300
16.68366700
16.68295800
16.68329200
16.68545800
16.68108400
16.68354100
16.69020900
16.68208300
16.69783300
16.66304200
16.70091700
16.67000000
16.67937500
16.68304100
21.38804200
11.97883300
16.84704200
18.11929200
15.13137500
18.26083300
15.05795800
18.66670900
14.86625000
17.72083300
15.47958300
19.71679200
13.82616700
19.32387500
14.02600000
18.53854100
14.66966700
19.49862500
13.86800000
23.18745800
10.17850000
18.69508400
14.83195800
18.31837500
15.06533300
19.21112500
13.97791700
18.38491700
14.98170800
18.01325000
15.40633300
17.95112500
15.54512500
17.88691700
15.47204200
18.19741600
14.99941700
18.07862500
15.46883300
17.80258400
15.55845800
17.93091700
15.44604100
17.79254200
15.55687500
18.03670800
15.15679200
17.89487500
15.66187500
17.80929200
15.55425000
17.79445800
15.56379200
17.61575000
15.57716600
17.82437500
15.71345900
17.74912500
15.62108300
17.78795800
15.60258400
17.59591600
15.74787500
17.70512500
15.66250000
17.57295900
15.79945800
17.55062500
15.81570800
17.54491700
15.81562500
17.62325000
15.56258300
17.70445900
15.66216600
17.74733400
15.79712500
17.58391600
15.77937500
17.43212500
15.95516700
17.66708300
15.66470900
17.49079100
15.88316700
17.47862500
15.72054200
17.61008300
15.93329200
17.45154100
15.91241700
17.35258300
16.03270900
17.48154100
15.86750000
17.46504200
15.90541700
17.32150000
15.87487500
17.60433300
15.92845800
17.96925000
15.30129200
18.40679200
15.09333300
18.61333300
14.72166700
18.39150000
14.96737500
18.48570800
14.71700000
18.75695900
14.78516600
18.74445900
14.61037500
18.91470800
14.27991700
19.19137500
14.34770800
18.98545800
14.21437500
19.68900000
13.84766700
19.33587500
14.03254200
19.39354100
13.79587500
19.50479200
14.03483300
19.31766700
13.87683300
19.64200000
13.72366700
20.25995800
13.28479200
19.95145800
13.41775000
18.80450000
14.55033400
18.78737500
14.54670800
18.44454200
14.96762500
17.66829100
15.64708400
19.44966600
13.95462500
19.43725000
13.95058400
19.54895800
13.79529200
19.34375000
14.02250000
19.40216600
13.98020900
19.70279100
13.48187500
19.71266700
13.80833300
19.47887500
13.91937500
19.62916700
13.73016700
19.60829100
13.57995900
20.18691600
13.36091700
20.34729200
13.03712500
19.04875000
14.29675000
18.84000000
14.53175000
18.84183300
14.51437500
19.02116700
14.34783300
18.98162500
14.38858300
18.73925000
14.63208400
18.83979100
14.34379200
19.28504200
14.25941600
18.83345900
14.54320800
18.55750000
14.80104200
18.33395800
15.02608300
18.74941700
14.44408300
19.20175000
14.34416700
18.79479200
14.56620800
18.97687500
14.40041700
18.72362500
14.62708300
18.70620800
14.66312500
18.69479200
14.68666700
18.75670800
14.44058300
18.52166700
15.00962500
18.68325000
14.68820800
18.78591700
14.58041700
18.60770800
14.74800000
18.54837500
14.83525000
18.35100000
14.82437500
18.71241700
14.65425000
18.41241600
15.10529200
18.64066700
14.57525000
18.89108300
14.64929200
18.39420800
14.96112500
18.40350000
18.42783300
13.22504200
18.44541700
14.75237500
18.65312500
14.87191600
18.65791700
14.69608300
18.52604200
14.69495800
18.47370900
15.05316600
18.53541700
14.83004200
18.91529100
14.44654200
18.47658300
14.89975000
18.54283400
14.82295800
18.63079200
14.58125000
18.71579100
14.81062500
18.57295900
14.79441600
18.58683400
14.79245800
18.72204200
14.46295800
18.35925000
15.16016700
18.69512500
14.51887500
17.59354100
15.92483400
17.69529100
15.67554200
18.01766700
15.37612500
17.98029100
15.39375000
17.89395900
15.28237500
18.09670800
15.42958300
18.07258400
15.32545800
17.96650000
15.37554200
17.80437500
15.55650000
17.74391600
15.60887500
17.98241700
15.38587500
17.93958300
15.43929200
17.72833300
15.66391700
17.95841700
15.38779100
17.54195900
15.80250000
17.81600000
15.57458300
17.90370800
15.29658400
18.03929100
15.48775000
18.05687500
15.14829200
18.02866700
15.47716600
17.93683400
15.45033300
17.95187500
15.42187500
17.99912500
15.37883300
18.04500000
15.29066700
18.36070800
14.99179200
19.24062500
14.13266700
19.08329100
14.28841700
19.00279200
14.21933300
19.21737500
14.31691700
19.06320800
14.26308300
19.06087500
14.31816700
18.94350000
14.28358300
18.84783400
14.64450000
18.84495800
14.52212500
18.64379200
14.73587500
18.79479100
14.57333400
18.85037500
14.49991600
18.87195900
14.52933300
19.01070800
14.33208400
18.90270800
14.48500000
19.51441700
13.83025000
19.22808300
14.01020800
19.13283400
14.39900000
17.86995800
15.50662500
17.71466700
15.54845800
17.40125000
16.00529200
18.03700000
15.21262500
18.40937500
15.12004100
17.72387500
15.63937500
17.75875000
15.61762500
18.65179200
14.69070800
18.11895900
15.26175000
18.01383300
15.36908300
18.07004200
15.29966700
17.92700000
15.42787500
17.96675000
15.42066600
17.93116700
15.43625000
17.71575000
15.61204200
17.68295800
15.69570800
17.84912500
15.55229200
17.95345800
15.38125000
17.59970900
15.73945800
17.82254200
15.56779100
17.88304200
15.47254200
17.75979100
15.61500000
17.65716700
15.56300000
17.87495800
15.62875000
17.72158400
15.64629100
17.57595900
15.80229100
17.73275000
15.47470900
19.07362500
14.45483300
18.72379200
14.65141600
19.12529200
14.21450000
18.51291700
14.72179100
18.83212500
14.70100000
18.58283400
14.60470800
18.80554200
14.56104100
18.10325000
15.43970900
17.56175000
15.62866600
17.29312500
16.17950000
17.21133400
16.16483300
17.17800000
16.19912500
17.45720800
15.91733400
17.04062500
16.31120800
17.16737500
16.08041700
17.61416600
15.88620900
18.82858300
14.41654200
18.47258300
15.01358300
18.77758400
14.45733300
18.13058300
15.39641700
18.75383300
14.61279200
18.22108300
15.13079200
18.61420800
14.74595900
18.80454100
14.59333400
18.59541600
14.75075000
16.53375000
16.78033400
16.58625000
16.79508300
16.57154200
16.79137500
16.57704100
16.78579200
16.57908300
16.83054200
16.53616700
16.80262500
16.56416600
16.78504200
16.58150000
16.68345800
16.69166700
16.78537500
16.57387500
16.78512500
16.58045800
16.68345900
16.68333300
16.85445800
16.51633400
16.81416600
16.54837500
16.86995900
16.49712500
16.68345800
16.68287500
16.75912500
16.61395800
16.78545900
16.57475000
16.78275000
16.58391600
16.72041700
16.82450000
16.55550000
16.83595800
16.53745900
16.67333300
16.69733300
16.80066700
16.62750000
16.92483300
16.35758400
16.69162500
16.68550000
16.65133300
16.66633300
16.68329200
16.68350000
16.68320800
16.70529200
16.66133300
16.80533400
16.68687500
16.59566600
20.45483400
12.98979100
19.87462500
13.51654200
19.74787500
13.61433300
19.79870900
13.58362500
20.40658300
12.93762500
20.07254200
13.32575000
19.86787500
13.33825000
18.72845800
14.78604200
18.97008300
14.41054200
18.78225000
14.42279100
18.80941700
14.58670800
18.87262500
14.63316700
18.93720800
14.26070900
18.86391600
14.67633400
19.02041600
14.31054200
19.07383300
14.15500000
19.24070900
14.12766600
19.11450000
14.38666700
18.67658300
14.55370900
18.65850000
14.86020800
18.57820800
14.63645900
18.80883300
14.74079200
19.43250000
13.87975000
20.38270800
12.98362500
19.70675000
13.70291700
18.81370800
14.53195800
18.82233400
14.54975000
18.90850000
14.46020800
18.99500000
14.21412500
18.93279200
14.58612500
18.86716600
14.50545900
18.88862500
14.48404100
18.93475000
14.41637500
18.76458400
14.62375000
18.90791600
14.28829200
18.80341700
14.71912500
18.98233300
14.39462500
19.07179200
14.28683300
18.87304200
14.34458300
19.03100000
14.49670800
19.17820900
14.21550000
19.12804100
14.12608400
19.06600000
14.36583300
18.82700000
14.51091700
18.71787500
14.66329100
18.91600000
14.46354200
18.87945800
14.50608400
18.91033300
14.44275000
18.91045800
14.44779200
18.58345800
14.63795900
18.93029100
14.43641700
18.85262500
14.65883300
18.79729200
14.42454200
18.77891600
14.75091700
19.00837500
14.34866700
18.78037500
14.60100000
18.90087500
14.45262500
18.71258300
14.64450000
18.78716700
14.58225000
18.76866600
14.60762500
18.78745900
14.42145800
18.60904200
14.92766600
18.71433400
14.64237500
18.75333300
14.45691700
18.77945800
14.58350000
18.71950000
14.64700000
18.52145800
14.98295900
18.59708300
14.78308300
18.68816700
14.53212500
18.50191700
15.00316600
18.52050000
14.70408400
18.44212500
15.08733300
18.47733300
14.88466700
18.63500000
14.72095800
18.49112500
14.73716700
19.21362500
14.14300000
19.24112500
14.27512500
19.00966700
14.37404100
19.26666700
14.07804200
18.83470800
14.52391700
18.98141600
14.39354200
19.18241700
14.03979100
18.99983400
14.52258300
19.77112500
13.57858300
19.67954200
13.54779200
19.56725000
13.93083300
19.88633300
13.52029200
19.91141700
13.45758300
19.71637500
13.63579200
19.68200000
13.68070800
19.81770800
13.53187500
19.43375000
13.94595900
19.27100000
14.07608300
19.66850000
13.73862500
19.49337500
13.82966700
19.60745800
13.63808300
19.11433400
14.38608300
19.43854200
13.78691600
19.57387500
13.88379200
19.88395800
13.54520900
19.84162500
13.53875000
18.84708300
14.36016700
18.69866600
14.83550000
18.69633400
14.66679100
18.51604200
14.67929200
18.71191600
14.82966700
18.80716700
14.55375000
18.70841600
14.48875000
18.74033400
14.62654100
18.95408400
14.58333300
18.57650000
14.62033300
18.85854200
14.67670800
18.49525000
14.87929200
18.67462500
14.67175000
18.76691700
14.61991600
18.91750000
14.44995900
18.80570800
14.54433300
18.83529200
14.55295800
18.42800000
14.93233400
18.39533300
14.95958300
18.28879200
15.07316700
18.35879100
15.02179200
18.32458300
14.86870900
18.44058300
14.92883300
18.47783400
15.07070800
18.41158300
14.92987500
18.25454200
15.11133300
18.32237500
15.06154200
18.47608300
14.86612500
18.30533400
15.06670800
18.41120800
14.97137500
18.47887500
14.86370900
18.38541600
14.83162500
18.49929200
15.03845800
18.61104200
14.74191700
18.79087500
14.41854100
18.51100000
15.03079200
18.48362500
14.90629200
18.43237500
14.90091600
18.50579200
14.88566700
18.50850000
14.84383300
18.43700000
14.92904200
18.43383300
14.94208300
18.57966700
14.79216700
18.40325000
14.83837500
18.38254100
15.09920900
18.40154100
14.95554200
18.59354200
14.77333300
18.63279200
14.73975000
18.63275000
14.73645800
18.51387500
14.85316700
18.47929100
14.70933400
18.71758300
14.83566700
18.54050000
14.81666600
18.54237500
14.82008400
18.53112500
14.83950000
18.58650000
14.77891600
18.26341700
14.99091700
18.34400000
14.95879100
18.58983400
14.77670800
18.56912500
14.97437500
18.43204200
14.93700000
18.43229100
14.94225000
18.41587500
14.76366700
18.72895800
14.83200000
18.58791700
14.58458300
18.67895900
14.68758300
18.59483300
14.97066700
16.56041700
16.60750000
16.70737500
16.65916600
16.68325000
16.80329200
16.56341700
16.81654100
16.55012500
16.68466700
16.68200000
16.79979200
16.56695800
16.81029200
16.55625000
16.79629100
17.71929200
15.64987500
19.35412500
14.04087500
18.77691700
14.57545800
18.96287500
14.40337500
18.41104200
14.97070800
18.76029200
14.59275000
18.40887500
14.95250000
18.81366600
14.56683400
18.80508300
14.56112500
19.10683300
14.24900000
19.10154200
14.29400000
20.43345800
12.94620900
19.94812500
13.41637500
19.98533300
13.39787500
19.59562500
13.74600000
19.46837500
13.86820800
19.51141700
13.88354200
20.30929100
12.97904200
19.75020800
13.68850000
18.25054200
14.96545800
18.41920900
15.12825000
18.42766600
14.75816700
18.01304200
15.51708300
18.14441700
15.25008300
18.08600000
15.26191700
18.01183300
15.18225000
18.18112500
15.36404200
18.21904100
15.14670900
18.04395800
15.30837500
18.15316700
15.05033300
18.15208300
15.39020900
18.16412500
15.19429100
18.26675000
14.93250000
18.33708400
15.19654100
18.54866700
14.82675000
18.52183300
14.66916700
18.72133300
14.82070900
18.68720800
14.68095800
18.59770900
14.78245800
18.81787500
14.53879200
18.75441600
14.59637500
18.74058400
14.46150000
16.68362500
16.68325000
16.68329100
16.86487500
16.50158400
16.80250000
16.56900000
16.80375000
16.55808300
16.83150000
16.53525000
16.81458300
16.55291700
16.80787500
16.57783300
16.83691700
16.50983300
16.79725000
16.56941700
16.81062500
16.55633300
16.85654200
16.50983300
16.79783400
19.17033300
14.27108300
19.24266700
14.11420800
19.08716700
14.12354200
18.91491600
14.62116700
19.01570800
14.15795900
18.95775000
14.57504100
17.63866700
15.74645800
17.31166700
16.00987500
17.19220800
16.17304200
17.00216700
16.35070800
16.97937500
16.36620800
16.82970900
16.55079100
17.01329200
16.37075000
17.17858300
16.23479200
17.32420800
16.00958400
17.54291600
15.70187500
18.85004200
14.68162500
19.15295800
14.18716700
19.17675000
14.21495800
19.24283400
13.93491600
19.19570900
14.34520800
19.26950000
13.92204200
19.19945800
14.35575000
19.31608300
14.03866700
19.11329200
14.25041600
19.34325000
14.03970900
19.24704100
14.10462500
18.67779200
14.69237500
18.52700000
14.70941700
18.83858300
14.65654200
18.76725000
14.42641600
18.89020900
14.66204100
19.03395900
14.14345800
19.05304200
14.32254100
18.98604200
14.56700000
18.95450000
14.38525000
18.90195800
14.31254200
19.01162500
14.52787500
19.20208300
14.14987500
18.81566700
14.37987500
18.83279200
14.67891600
20.05462500
13.34783400
19.65829100
13.69133400
19.81583300
13.56541700
20.50487500
12.85970800
20.22229200
13.13095800
20.53687500
12.84075000
20.13091700
13.23912500
19.80875000
13.53612500
19.91287500
13.43287500
19.79933300
13.61133300
19.89145900
13.29350000
19.64450000
13.89308300
19.57354200
13.75341600
20.01683400
13.37829100
19.71808400
13.65470800
20.25320800
13.12341700
20.32504200
13.02433300
20.22320800
13.15670900
18.88875000
14.48845800
18.99741700
14.36112500
18.85758300
14.50279200
18.90120800
14.47858300
18.84295900
14.52737500
18.55579100
14.80162500
18.64687500
14.71758400
17.78679100
15.58150000
17.41904200
15.92420800
17.57500000
15.82983400
17.53904100
15.63816700
17.66541700
15.85258300
17.74429200
15.64870800
17.58720800
15.77041700
17.48487500
15.88525000
17.47362500
15.86925000
17.64429200
15.74595800
17.69054200
15.67145800
17.54354200
15.81020800
17.60162500
15.78879200
17.66254100
15.72875000
17.61616700
15.70645800
17.59166700
15.78229200
17.64008300
15.56058300
17.44154200
15.92516700
17.76458300
15.79266700
17.74229100
15.43383400
17.56341600
15.97104200
17.53670800
15.82558400
17.84195800
15.53300000
17.83350000
15.53891700
17.90691600
15.47287500
17.88812500
15.47075000
17.78145900
15.57508300
17.88370800
15.48929200
18.06462500
15.29587500
17.92845800
15.44091700
17.89108300
15.48845900
17.69016600
15.66237500
17.91237500
15.35995900
17.88475000
15.58425000
18.02166600
15.35241700
18.03895800
15.30650000
17.77029200
15.60862500
17.86258300
15.51220900
17.43787500
15.88850000
17.52191600
15.85175000
17.28912500
16.07204200
17.41925000
15.94229200
17.66350000
15.71933300
17.52512500
15.83695800
17.88383400
15.51633300
18.33220800
14.84441700
18.17300000
15.38120800
18.25854200
15.01595800
18.39900000
15.04625000
18.19600000
15.18333400
18.18270800
15.16779200
18.06429100
15.28237500
18.05791700
15.34554200
18.10091600
15.08287500
18.06104200
15.30120800
18.13029200
15.41291700
18.27704100
15.08562500
18.12229200
15.24437500
18.04695800
15.32062500
18.23012500
14.96487500
18.05625000
15.47820900
18.12150000
18.00241600
13.92704200
18.06108300
15.30687500
18.01404200
15.18162500
18.26487500
15.24808300
18.40383400
14.96587500
18.76804100
14.61787500
19.54237500
13.77925000
19.71175000
13.53058400
18.97016600
14.53154200
19.49529200
13.73658300
18.96529200
14.52800000
19.36925000
14.03887500
19.24183300
14.08095800
18.77541700
14.59166700
18.95504100
14.42904200
19.04337500
14.18095800
18.88091700
14.61887500
19.05050000
14.32195800
19.15708400
14.07070800
19.17608300
14.31587500
19.28641700
14.10729200
20.09041600
13.30062500
19.43379200
13.89650000
18.48091700
14.92400000
18.09445800
15.27925000
17.62358300
15.67633400
18.65558300
14.74937500
18.76545800
14.48808400
18.07141600
15.41925000
17.87583400
15.47795800
17.66262500
15.71370800
17.60270900
15.74012500
17.52670800
15.82787500
17.78404200
15.62979100
17.87029200
15.48612500
17.53833300
15.83379200
17.39345800
15.88133400
17.31070800
15.97645800
17.44166700
16.03345800
17.49179200
15.90929200
17.30487500
16.04091600
17.52000000
15.87450000
17.40700000
15.94633400
17.51754100
15.84391700
17.37308300
15.99250000
17.30204200
15.94954200
17.33391600
16.15145900
17.40479100
15.93891700
17.39208300
16.00000000
17.43550000
15.91458400
17.37041600
15.99179200
17.40637500
15.84508300
17.17516700
16.31920800
17.37062500
15.98104200
17.27566700
16.09416600
17.37991700
15.99487500
17.50991700
15.86216600
17.56745900
15.79879100
17.46316700
15.91737500
17.51791700
15.83962500
17.67925000
15.70162500
17.82475000
15.57275000
17.89383300
15.44733300
18.04312500
15.33912500
18.00825000
15.37175000
18.17208400
15.17300000
18.31887500
15.05129100
18.57391700
14.80754200
18.80075000
14.55250000
19.32741600
14.00887500
19.02645900
14.36958300
18.90750000
14.46129200
18.84970800
14.49754200
18.64633300
14.74408300
19.10058400
14.26629100
18.56970900
14.62716600
18.79495900
14.72516600
18.80200000
14.58358400
18.61708300
14.72612500
18.71566700
14.65237500
19.27204100
14.11762500
19.12479200
14.22891700
19.12204100
14.24408400
19.14729100
14.06520900
19.32637500
14.17608300
19.05125000
14.33000000
19.03329200
14.34054100
19.17179200
14.17245800
19.23925000
13.99058400
19.30470800
14.16575000
19.87337500
13.38445800
20.06037500
13.44541700
20.17429200
13.22254100
20.47058400
12.88358300
20.18129200
13.18845800
20.14083300
13.23766700
17.61170800
15.69808400
18.40637500
14.96425000
18.87058300
14.51458300
18.40775000
14.95850000
18.64504200
14.70729200
18.90091600
14.47554200
18.54666700
14.83695800
18.54858300
14.66850000
19.05141700
14.46300000
18.93283300
14.42545900
18.75583300
14.62241700
19.55008300
13.75500000
18.99654200
14.41533300
18.08487500
15.30079200
17.19225000
16.12000000
17.26062500
16.14104100
17.42125000
15.93062500
17.60933400
15.77850000
17.25600000
16.15787500
17.92291600
15.41420900
17.40308300
15.92854200
17.38450000
15.98950000
17.90900000
15.32733300
16.82729200
16.70687500
17.71354100
15.63420900
18.01850000
15.37245800
18.15379200
15.18408300
17.83587500
15.53741700
17.47079100
15.88158400
18.19550000
15.18116600
18.10354200
15.28270800
17.81329200
15.54591700
18.19966600
15.15104200
18.05408300
15.32054200
17.25116700
15.96470800
17.50812500
15.97833300
18.05216700
15.34050000
18.99441700
14.39187500
18.54829100
14.79862500
18.40904200
14.81395800
17.82412500
15.68612500
17.96466700
15.29962500
17.53516700
15.78837500
17.31008300
16.16837500
16.92833300
16.33054200
16.82466700
16.53962500
20.33533300
13.19762500
18.28404200
14.91537500
18.47966600
15.03608400
18.12783300
15.22187500
18.36766700
14.96995800
18.76800000
14.58170800
18.78670900
14.49329100
17.97979200
15.38737500
18.14345800
15.22400000
17.98133400
15.55166600
18.40670900
14.93337500
19.03025000
14.33066600
18.39266700
14.99704200
18.04737500
15.16720800
17.78333300
15.70770900
17.45683300
15.92562500
17.58070800
15.78570900
17.55637500
15.79387500
17.49295800
15.86883300
17.36562500
16.04320900
17.49295800
15.82108300
17.53520900
15.84450000
16.85687500
16.48629100
17.07891700
16.27575000
17.05850000
16.30745800
17.06900000
16.30445900
18.16720800
15.24250000
18.22666700
15.14287500
18.12120800
15.25758300
17.66808400
15.66629100
18.07945900
15.16445800
17.99495800
15.52083400
18.17975000
15.19387500
18.06100000
15.30429100
17.91870900
15.29212500
18.08479100
15.45491700
18.12437500
15.21316700
18.05466600
15.17808400
18.02925000
15.48733300
18.15316700
15.20879100
18.57508400
14.76970800
19.33420800
14.03808400
19.17891600
14.18537500
19.08670900
14.26504100
20.16204200
13.25520800
19.66183400
13.65420800
19.77820800
13.61633400
19.72845800
13.63570800
19.66408400
13.55558300
19.39408300
14.09675000
19.50987500
13.91016700
19.66933300
13.64829200
19.73775000
13.65933300
19.75733400
13.59866600
19.66229200
13.55616700
19.44725000
14.05550000
20.28458300
13.08854200
19.96720800
13.39029200
19.42191600
13.93808400
18.64687500
14.74891600
18.93162500
14.45041700
18.61162500
14.73775000
18.84879200
14.54779100
18.74320900
14.59425000
18.83770800
14.52983300
18.60662500
14.75808400
18.57445800
14.80758300
18.33841700
14.99779200
18.49591600
14.73604200
18.54262500
14.98570800
18.40525000
14.93866700
18.35745800
15.00208400
18.38454100
15.00504200
18.57316700
14.78895800
18.48858300
14.72408400
18.62366600
14.74312500
18.77929200
14.74354200
18.73712500
14.47783300
18.76966700
14.75800000
18.59850000
14.76616600
18.75016700
14.61033300
19.13450000
14.24000000
19.15383400
14.19258300
18.98212500
14.39150000
19.05337500
14.30491700
19.26783300
14.10033300
19.03258400
14.34337500
19.13337500
14.23762500
18.92233300
14.29170800
19.04645900
14.46041600
19.16570900
14.22404100
19.23950000
14.12225000
19.00858400
14.36195800
19.15720800
14.20087500
18.98266700
14.22450000
19.09858300
14.42341700
19.12254200
14.09850000
18.85654100
14.68554200
19.08108300
14.28004200
18.60820800
14.59308400
18.68225000
14.70645800
18.92341700
14.40683300
18.72745800
14.63925000
18.63679200
14.91387500
18.99437500
14.35279200
18.88041600
14.32170900
19.01654100
14.52041700
18.83650000
14.52420800
18.76775000
14.44941700
18.55287500
14.99200000
18.30858300
15.02183400
18.13779100
15.23741700
18.28279200
15.08712500
18.60112500
14.78720800
18.46112500
14.71562500
18.88283300
14.65137500
18.56695900
14.81300000
18.19758300
15.13787500
18.27645800
15.11341700
17.92754200
15.43908300
18.38920800
14.95775000
18.41245900
14.80279100
18.68341700
14.87029200
18.56875000
14.77916600
17.90845900
15.45500000
17.57737500
15.63883300
17.40720800
16.06283400
17.30645800
16.07887500
17.57229200
15.83829100
18.13466700
15.22516700
18.53162500
14.74291600
18.71175000
14.72175000
19.88920900
13.32687500
19.12895800
14.37750000
19.87175000
13.49450000
19.74100000
13.62379200
19.92187500
13.47404100
19.61466700
13.74279200
19.97995800
13.39362500
19.72762500
13.62966700
19.91058300
13.47829200
20.11787500
13.24929100
19.98800000
13.33558400
19.80829100
13.60495900
20.18412500
13.18204100
19.69408400
13.51845800
19.82120800
13.69862500
19.95970900
13.40241600
20.50108400
12.69020800
20.27100000
13.22166700
19.12341600
14.30116700
19.01725000
14.16562500
18.75733300
14.61054200
18.99875000
14.55712500
18.94604200
14.40862500
18.78745800
14.40550000
18.95854200
14.59287500
18.88133300
14.47675000
19.30145800
14.03575000
19.81495900
13.56283300
19.33058300
13.87404200
19.04583300
14.49591700
19.14404200
14.23654100
19.04225000
14.31179200
18.99033300
14.37975000
18.82445900
14.36720800
19.07987500
14.28145800
19.01758400
14.51779100
19.27720900
13.92720800
19.08091700
14.32054100
19.09741700
14.23366700
19.01641600
14.52529200
18.94516700
14.42804100
18.82691700
14.47891700
19.15745800
14.24812500
18.93170800
14.44704200
19.21395800
14.15387500
19.10200000
14.26100000
19.05470900
14.32900000
18.91966600
14.25504200
19.03300000
14.34508300
19.01950000
14.43733400
19.13975000
14.30033300
19.16991700
14.20570800
18.98083300
14.38729200
19.05225000
14.29979200
18.84450000
14.52733300
19.12679200
14.25091600
19.19704200
14.15050000
18.97270800
14.40487500
18.86595900
14.51120800
19.15316700
14.20412500
19.04320800
14.32258300
19.09587500
14.28095900
19.14525000
14.22450000
19.06066600
14.29279200
18.93679200
14.25087500
19.07545800
14.30220800
20.48204200
13.03779200
19.49800000
13.88462500
19.03420800
14.15245800
19.42475000
14.10000000
20.09337500
13.27762500
19.22354200
13.98062500
19.94487500
13.42175000
19.06541700
14.30120800
19.18479200
14.37433300
19.03404200
14.32287500
18.72612500
14.63120800
18.85512500
14.52091700
19.00637500
14.35354100
19.16537500
14.20683400
19.04379100
14.14137500
18.98575000
14.55808400
19.03229100
14.30416700
18.98504200
14.23462500
19.08720800
14.45404200
18.82575000
14.54175000
18.90504100
14.48150000
18.97583400
14.38375000
19.23270800
14.11041700
18.99020800
14.39370800
18.92233400
14.45041600
18.80854200
14.55141700
18.92554100
14.42800000
19.16541700
14.22312500
19.12070800
14.18979200
21.32179200
12.06733300
19.75800000
13.62987500
20.16804200
13.18758300
19.91945800
13.43316700
20.00995800
13.34979200
20.21550000
13.17504200
20.10766600
13.08962500
19.77500000
13.76983400
20.07420800
13.25516700
20.15262500
13.23870800
19.91537500
13.42958300
20.02754200
13.36050000
19.79741700
13.40395800
19.64383300
13.90004200
19.79904200
13.53050000
19.98979100
13.39950000
20.20583400
13.17591600
20.68283400
12.66700000
20.57504100
12.80537500
19.10616700
14.09258300
19.14150000
14.40908400
19.10962500
14.23425000
19.00879100
14.19008400
19.17775000
14.38162500
19.16012500
14.17920800
18.98983300
14.40170900
19.07587500
14.29091600
19.13479200
14.21687500
19.11587500
14.24262500
18.97437500
14.41137500
18.99433300
14.36641700
18.62641700
14.72345800
18.93616700
14.45195800
18.43495800
14.91583400
18.84075000
14.47662500
18.66812500
14.76341600
18.41875000
14.92170900
18.27295800
15.10825000
18.89558300
14.48804200
18.93508300
14.40920900
18.91920800
14.27975000
18.90812500
14.64916700
18.86050000
14.47541600
18.88183400
14.50479100
18.54858400
14.82408300
18.95733300
14.22354200
18.71112500
14.81241700
18.77141600
14.61758400
18.75800000
14.61541600
18.72329200
14.62787500
18.75141700
14.63150000
18.67445800
14.70125000
18.54908300
14.79075000
19.01816700
14.34775000
18.84012500
14.54837500
18.77304200
14.58245800
18.61595800
14.74895900
18.65566600
14.72491700
18.80641700
14.36912500
18.35379100
15.20187500
18.09145900
15.27758300
17.43966700
15.88095800
17.25558300
16.10045900
17.00958300
16.35070800
16.82233400
16.41595800
17.22754200
16.25241600
18.20195900
15.23783300
17.40666700
15.92141600
17.16637500
16.05250000
17.01716700
16.47525000
16.75979200
16.58991600
16.95033400
16.42225000
16.87300000
16.55908300
17.10562500
16.22225000
17.00087500
16.34279200
17.11879100
16.26737500
16.94000000
16.41775000
16.83850000
16.39929200
17.07833300
16.41916700
16.83270800
16.52083400
16.92029100
16.32866700
17.18233300
16.30954200
16.83941700
16.58225000
17.03966600
16.31083400
17.08329100
16.24883400
17.08966600
16.28187500
16.81008400
16.52612500
16.57937500
16.79879100
18.67462500
14.76083400
18.85483300
14.32870800
18.84312500
14.69483400
18.37120800
15.01400000
18.65708300
14.68766700
18.88741700
14.31358300
19.21895800
14.29087500
20.01433400
13.35262500
20.30816600
13.06766700
20.73583300
12.64745900
19.87083300
13.50066700
19.96300000
13.39104100
19.89441700
13.48841700
19.86320800
13.49666700
19.94766600
13.37104200
19.61187500
13.80420800
19.67700000
13.68491700
19.51370800
13.83779200
19.95441700
13.38679100
20.29033400
13.12695800
20.18470800
13.13725000
19.50425000
13.89483400
20.32641600
13.04908400
20.09787500
13.25145800
20.25945800
13.11616700
19.30820800
14.07441700
19.22458300
14.14104200
18.92187500
14.28383300
19.01145900
14.51704100
18.89525000
14.36970900
18.81450000
14.64275000
19.34658300
14.02879200
19.36095800
13.82370800
18.73841700
14.63087500
18.78750000
14.57762500
18.82954200
14.53575000
18.76595800
14.77345800
19.72383400
13.55104100
20.31191700
13.16829200
21.78933300
11.40054200
20.67579100
12.76441700
21.65325000
11.63087500
18.80308300
14.71845900
18.79508300
18.42704200
12.66412500
19.01675000
14.52600000
16.60291600
18.79275000
18.74958400
12.57129100
18.65275000
14.72316700
18.72175000
14.66879200
18.58900000
14.75558300
18.54229200
14.81858300
18.48537500
14.71683300
18.48579200
15.04795800
18.87383400
14.49504100
18.79695900
14.58529100
18.90833400
14.43900000
18.64266600
14.71479200
18.69087500
14.69737500
18.72883300
14.62350000
18.79279200
14.55087500
19.01091700
14.38295800
19.30150000
14.04741700
18.75370800
14.61562500
18.89312500
14.50133300
18.71158400
14.64958300
18.85966700
14.49770800
18.79312500
14.56279200
18.81825000
14.57595800
18.46204200
14.88691600
18.11350000
15.22966700
18.57958300
14.79904200
19.25629200
14.07500000
19.19770800
14.20337500
19.23400000
14.16075000
18.23016700
15.11954100
18.55000000
14.80487500
18.54404200
14.82695800
18.38854200
14.98291700
18.37895800
14.98783300
18.39691700
14.97916700
18.41666600
14.93525000
18.55566700
14.81783300
18.57804200
14.62620800
18.68025000
14.85608400
18.74170800
14.60308300
18.59979200
14.63450000
18.74691700
14.77129100
18.64812500
14.71920900
18.64758300
14.73558300
18.58770900
14.77529100
18.30175000
15.04525000
18.35445900
14.85145800
18.32333300
15.21558400
18.16387500
15.19520800
17.98683300
15.39050000
18.01779200
15.35645800
17.81575000
15.53466700
18.31825000
15.05233300
19.52454200
13.80683300
19.35970900
13.99012500
19.05433300
14.33229200
19.15245800
14.21162500
19.25166700
14.11904100
19.15012500
14.19533400
19.26770800
14.14375000
19.37004200
13.86870800
19.39100000
14.09429200
19.24175000
14.10516600
19.41504200
13.97583300
18.83870900
14.36937500
18.94691600
14.55658400
19.14933300
14.21450000
19.06112500
14.29516700
19.19545800
14.15895800
20.05870900
13.34100000
19.64829100
13.69350000
18.18183400
15.24229100
18.70758400
14.65129100
18.35833400
14.84670800
18.39600000
14.96300000
18.41775000
14.94900000
18.53058300
14.99170900
18.68579100
14.68662500
18.50925000
14.86858400
19.05566600
14.13850000
18.40954200
15.10958300
18.74754200
14.63091700
18.89683300
14.45633300
18.83641700
14.46879200
18.77554100
14.69558400
22.63054100
10.54412500
20.51041700
12.85604200
20.47579100
12.89045900
19.67054100
13.69658400
19.71458300
13.65962500
19.71229200
13.77554100
19.98229200
13.25450000
19.20595800
14.30954200
18.96500000
14.39408300
19.54791700
13.67720800
19.37262500
13.99416700
19.32687500
14.13991700
20.20429100
13.20937500
19.32762500
13.89162500
19.12458400
14.40066600
19.38808400
13.97262500
18.64762500
14.70795800
18.96329200
14.41158300
18.95141700
14.42050000
18.78120800
14.43041700
18.97541600
14.54537500
18.73658400
14.64020800
18.91012500
14.43100000
18.93612500
14.45195800
18.97558400
14.38229100
18.92666700
14.28854200
18.99295800
14.52416700
18.85162500
14.52025000
19.04050000
14.33837500
18.88716600
14.46129200
18.96129200
14.42300000
18.94125000
14.41704100
18.90541700
14.45241700
18.69854100
14.67529200
18.79504200
14.41445800
18.96066700
14.56308300
18.62266700
14.75170800
18.97487500
14.37779200
18.90825000
14.46145800
18.87358300
14.50708400
18.93616600
14.27158400
18.87508300
14.64900000
18.91854200
14.28200000
19.08262500
14.44033300
18.93337500
14.41983300
18.53454200
14.88150000
18.92275000
14.42283300
17.35295900
17.27566600
17.28891700
17.22316700
17.24900000
17.06450000
17.20591600
16.90379200
17.01254200
16.94633300
17.12133300
17.01200000
17.36295900
17.09083300
17.20812500
17.07958300
17.13670900
16.95954100
17.15004200
16.99354200
17.18137500
17.07962500
17.49854100
17.28545900
17.44387500
16.90300000
17.35587500
17.08929100
17.08420900
17.16716600
17.75091700
17.36804200
17.78445800
17.19654200
16.76091600
16.32012500
16.61954200
16.45091700
16.38054100
16.27387500
16.50454200
16.18225000
16.35679200
16.07712500
16.37637500
16.49141600
16.59245900
16.34208300
16.67483300
16.61525000
16.58900000
16.69687500
16.58637500
16.57400000
16.80695900
16.55125000
16.61150000
16.70625000
16.69058300
16.66987500
16.80537500
16.81104200
16.79154100
16.76170900
16.65725000
17.15983300
17.52320800
17.53895900
17.44412500
17.54612500
17.45670800
17.60158300
17.70604200
17.41537500
17.43066700
17.54825000
17.30341600
17.50495900
17.43441600
17.40662500
17.42900000
17.27762500
17.24166700
17.19687500
17.35558300
17.01575000
17.43237500
17.70975000
17.24145900
17.23125000
17.32187500
17.22695800
17.40283300
16.93562500
17.02808400
17.30083300
17.30183300
17.55216700
17.44779200
17.51925000
17.25675000
17.55158300
17.30487500
17.61087500
17.21779200
17.55679100
17.41441700
17.51925000
17.09329200
17.64433300
17.17825000
17.35179200
17.66708300
17.63733300
17.30850000
17.49045900
17.45920800
17.29241700
17.44766600
17.47375000
17.30920900
17.53891600
17.44625000
17.36008400
17.33254100
17.45845900
17.37262500
17.42162500
17.35570800
17.36041700
17.29008300
17.26125000
17.49329200
17.32220800
17.72412500
17.40112500
17.28216700
17.29045800
17.40354200
17.62558300
17.47450000
17.49529200
17.47620800
17.61845800
17.47558400
17.43904100
17.40700000
17.28950000
17.46770900
17.20712500
17.17587500
17.43937500
17.37200000
17.08716600
17.48058400
17.16350000
17.37554100
17.64925000
17.58075000
17.59895900
17.52104100
17.37987500
17.29912500
17.27804200
17.34350000
17.33820800
17.36708400
17.47700000
17.37241600
17.54091700
17.46345800
17.54037500
17.34291700
17.35116700
17.40945800
17.26133300
17.56341700
17.17787500
17.27270800
17.81404200
17.31662500
17.35412500
17.33208300
17.42145900
17.44445800
17.46775000
17.50220800
17.54316700
17.43262500
17.39925000
17.00391700
17.33020800
17.94354200
17.85616600
17.55508400
17.38683300
17.36475000
17.58254200
17.26079100
17.57070900
17.41366600
17.51975000
17.26758400
17.40416600
18.17000000
17.84995900
17.56062500
17.59050000
17.35283300
17.62408300
17.73925000
17.64816700
17.68137500
17.63700000
17.63916700
17.33833300
17.79116700
17.17883300
17.34454200
17.69554100
16.78687500
16.57529200
16.28970800
16.40854200
16.42033300
16.41650000
16.29912500
16.54820900
16.33620800
16.45954200
16.36179100
16.42279200
16.27695800
16.45637500
16.25158400
16.33912500
16.28050000
16.62425000
16.26237500
16.36875000
16.18337500
16.27337500
16.55916600
16.70366700
16.53904200
16.68391600
16.45354200
16.57762500
16.56304200
16.63933300
16.50333300
16.62325000
16.77395900
17.22862500
17.47525000
18.75258300
18.03191700
18.56845800
18.10279200
20.96783300
17.61987500
17.60995800
17.52262500
17.78950000
17.46600000
17.72325000
17.33416700
17.51404200
17.31641600
17.75520900
17.19875000
17.71054100
17.35337500
17.27754200
17.45612500
17.37450000
17.28579200
17.52500000
17.63429100
17.58466700
17.33862500
17.38545800
17.27933400
17.43383300
17.44283300
17.47929200
17.42991700
17.44637500
16.96012500
18.19750000
17.92995800
17.66641700
17.44070800
17.28975000
17.37687500
17.35158300
17.14470900
17.32954100
17.34333400
17.60725000
17.36595800
17.61887500
17.41966700
17.37112500
17.47341600
17.27575000
17.27354200
17.57800000
17.28545800
17.27475000
17.28000000
17.05620900
17.26550000
17.31720800
17.43783300
17.53020900
17.42433300
17.42804200
17.52820800
17.39954200
17.29633300
17.37345800
17.24829200
17.32687500
17.60095800
17.73704200
17.68712500
17.68666700
17.27666600
17.23204200
17.46820800
17.56116700
17.34079200
17.26375000
17.40858300
17.15662500
17.51983300
17.65162500
17.62775000
17.44150000
17.45258400
17.50345800
17.43204200
17.49895800
17.21895800
17.39104200
17.19766700
17.33308300
17.32137500
17.38379200
17.23745800
17.09254200
17.61208300
17.25016700
17.49887500
17.28004100
17.04637500
17.43587500
16.95337500
17.23454200
17.50462500
17.62566700
17.19541600
17.31245900
17.32450000
17.32754100
17.39658400
17.27562500
17.19941600
17.24495900
17.55275000
17.40829100
17.33120900
17.43479100
17.16100000
17.25566700
17.34370800
17.29758400
17.26858300
17.43050000
17.13766700
16.97425000
17.06066600
17.07804200
17.28929200
16.63820800
16.90816700
17.09883300
17.24291700
17.16958300
17.32766700
17.27195800
17.02329200
17.07183300
17.92816700
4.44620800
18.31704200
4.41400000
17.63079100
4.37137500
17.76891700
4.55570800
17.41445900
4.31595800
18.38483300
4.49687500
18.27983400
4.67450000
19.12266600
4.53987500
18.14841700
4.80395800
17.68645900
15.83812500
19.06650000
14.31591600
19.92562500
13.40125000
19.62733400
13.76533300
19.44237500
13.91537500
19.97145800
13.42237500
19.49683400
13.82400000
19.88312500
13.51000000
19.51379100
13.83883400
19.72962500
13.64908300
19.56345800
13.77279200
19.79520800
13.62237500
19.74587500
13.60595900
19.68470800
13.65083300
19.91008400
13.49025000
20.15075000
13.05095800
20.32879200
13.20995800
20.14716700
13.22966600
18.88833400
14.47904100
18.95041700
14.40887500
18.87533300
14.49825000
19.12200000
14.24225000
18.94595900
14.41904100
18.95408400
14.42658300
18.94670800
14.41733400
18.80150000
14.54958300
18.94612500
14.43016700
19.03429100
14.33745900
18.79941600
14.37858400
19.19579100
14.17387500
19.14108400
14.40808300
18.98200000
14.37629200
19.02020800
14.34429200
19.01729100
14.26087500
19.15516700
14.12483300
19.13433400
14.23225000
21.73620800
11.63666700
19.39275000
14.15941600
19.04545900
14.30870800
18.97312500
14.21541700
19.16637500
14.37629100
19.19920900
14.15362500
19.16741600
14.03604200
19.02904200
14.51020800
18.55629200
14.63787500
18.99991600
14.36683400
18.96200000
14.58187500
18.90120800
14.45600000
18.52837500
14.67104200
18.75437500
14.74266600
18.73420900
14.50220800
18.84070800
14.52520900
19.01400000
14.54291600
18.69025000
14.65904200
18.63745800
14.57750000
18.57158400
14.96245800
18.48658300
14.85908400
18.57800000
14.62125000
18.71558300
14.84350000
18.68504200
14.64420800
18.51520800
14.86833400
18.61637500
14.75670800
18.66137500
14.68287500
18.34987500
14.87154200
18.60491600
14.75091700
18.48079200
14.98783300
19.78575000
13.47933300
19.24904200
14.28850000
19.29250000
13.90300000
18.69354200
14.82537500
19.58087500
13.80375000
19.58375000
13.63987500
19.85133300
13.62533300
20.20516700
13.23583300
19.06975000
14.09070900
18.59679100
14.93766700
18.84487500
14.53720800
19.10029200
14.07950000
19.13591700
14.40587500
18.85945800
14.52195800
18.98220900
14.38212500
18.83320800
14.52441700
18.90391600
14.47700000
18.95995900
14.31158300
18.79566700
14.64262500
19.04479100
14.17166700
19.01700000
14.52329200
19.06975000
14.10262500
19.11804100
14.42420900
19.00512500
14.38345800
19.22879200
14.12033300
18.88162500
14.48041700
19.20716600
14.15533400
19.14595800
14.20704200
20.31404100
12.89512500
19.64558400
13.90012500
19.88195800
13.47175000
20.02804200
13.33958300
19.82012500
13.53762500
20.01654200
13.35970800
19.97662500
13.22233300
19.82170900
13.54491600
20.08658400
13.46116600
19.98066700
13.20487500
19.79512500
13.75475000
20.00454200
13.31408300
20.13779200
13.26108300
19.96070800
13.39016700
20.14137500
13.25066700
20.28295800
13.06837500
20.42075000
12.95712500
20.21420800
13.14437500
19.00562500
14.36891700
19.18687500
14.16816700
18.98112500
14.39379100
19.15595900
14.21466600
19.22195900
14.14066600
19.36587500
13.83166700
19.02716700
14.50162500
18.90191600
14.47783400
19.18141600
14.19729200
19.06395800
14.28704200
19.09575000
14.26187500
18.78370800
14.61237500
19.00441700
14.17354200
18.82425000
14.71337500
18.95075000
14.42450000
19.02262500
14.33245800
18.92041700
14.27500000
18.83625000
14.72000000
19.02266600
14.33445900
18.60600000
14.77000000
19.71479100
13.64458400
19.51020800
13.87008300
18.90987500
14.43795900
19.09833300
14.28062500
18.74983300
14.61320900
18.97050000
14.21075000
18.48587500
15.05195800
18.80679200
14.56691600
18.85800000
14.33037500
18.75491700
14.61175000
18.74879200
14.80720800
18.87516700
14.30229100
18.90887500
14.63904200
18.85995800
14.51000000
18.85829200
14.32412500
18.79737500
14.74679200
18.62333300
14.75287500
18.93545800
14.25308400
18.87400000
14.48333300
18.75320800
14.80233400
18.81733300
14.36045800
18.77758400
14.58912500
18.97454100
14.57687500
18.85762500
14.51854200
18.81095800
14.53312500
18.76704200
14.60820800
18.84166700
14.34470800
18.79408400
18.98016600
12.44700000
18.43791700
14.75766700
18.59387500
14.96979100
18.77487500
14.58325000
19.03979200
14.13820800
18.57500000
14.95179200
18.94679200
14.43204100
18.89475000
14.46679200
18.76137500
14.58258300
18.53033400
14.86054100
19.05816700
14.30125000
18.83616700
14.53716600
18.92395900
14.44825000
18.91120800
14.45391700
18.92529100
14.43754200
18.97529200
14.40829100
18.88462500
14.46045900
18.81045800
14.56487500
18.78470800
14.57941700
18.98495800
14.37312500
18.85741700
14.51670800
18.84554200
14.53433300
18.67812500
14.64216700
18.81720800
14.57620900
18.85458300
14.52841700
18.75829100
14.44775000
18.71891700
14.80729200
18.51979100
14.82950000
18.28370900
15.06650000
19.70637500
13.67845800
19.11687500
14.22554200
19.21670800
14.19062500
19.39704200
13.92891600
19.32891700
14.02479200
19.34687500
14.05050000
19.23333300
14.10654200
19.10379100
14.28587500
19.41379200
13.93695800
19.30325000
14.08729200
19.19454200
14.14129100
19.11241700
14.29966700
18.47341600
14.84416700
18.65970800
14.70775000
18.64933400
14.73329100
18.91325000
14.42716700
18.49604200
14.87987500
18.91470800
14.33500000
17.67070800
15.85270900
18.24145800
15.12925000
18.04141700
15.34233300
18.10387500
15.07812500
17.47479200
16.01650000
17.36675000
15.87775000
17.99683300
15.53662500
17.96441700
15.40233300
17.89987500
15.48112500
18.28995800
15.07154200
18.30920800
15.03604200
18.08887500
15.27379200
18.62558300
14.76433300
18.70787500
14.64145900
18.76604100
14.60450000
18.72683400
14.66029100
18.59108400
14.76141600
18.45712500
14.90108400
18.23329100
15.15425000
18.50458400
14.67958300
18.85962500
14.68029200
19.00266600
14.36308400
18.55895800
14.80237500
18.81600000
14.38370800
18.77779200
14.76662500
18.89562500
14.45720800
18.91020900
14.45283300
18.39133300
14.88854200
18.71275000
14.58562500
18.78895800
14.73104200
19.06091700
14.33133300
18.75400000
14.61141700
18.78058300
14.57966700
19.07520800
14.11516700
18.68745800
14.85254200
18.61412500
14.73416600
18.99829200
14.38416700
18.88241600
14.49187500
18.61741700
14.74216700
18.49562500
14.69975000
20.05962500
13.45966600
19.44225000
13.77420900
18.98620800
14.37791700
18.61116600
14.91733400
18.27483300
15.08045800
18.81137500
14.40987500
20.00258400
13.52050000
18.75295800
14.45229200
18.44916600
15.08816700
18.31641700
15.03837500
18.65825000
14.71650000
18.38075000
14.97970800
17.71795800
15.65008400
18.21529100
15.15120900
18.12712500
15.23200000
18.31495800
15.08266700
18.27820800
15.08741700
18.16225000
15.18079100
18.28854200
15.09883300
18.44625000
14.94800000
18.40966700
14.88891700
18.29370800
15.10866700
18.45437500
14.91637500
18.24004100
15.08495900
18.25887500
15.13366600
18.34470900
15.02529100
18.74008400
14.60487500
18.78520800
14.59295800
18.37291700
14.99858300
18.40575000
14.96270900
18.30087500
15.05470800
18.79495800
14.60062500
18.48291700
14.86750000
18.30254200
15.04641600
18.83291700
14.53904200
19.81141600
13.52554200
19.27183300
14.06945900
19.25904100
14.14400000
19.49079200
13.90045800
18.87816700
14.45075000
19.27083300
14.14537500
19.08625000
14.23616700
18.80645800
14.55270900
18.86533300
14.52320800
19.09625000
14.26679200
18.88212500
14.47791700
18.96708300
14.40587500
19.03775000
14.34650000
18.92525000
14.41145800
19.32287500
14.04729200
20.04387500
13.34741700
19.20825000
14.01066600
19.19450000
14.31120900
17.99991600
15.37558400
18.16920800
15.19208300
18.13283400
15.24891600
18.31362500
15.03904200
17.97258300
15.40916700
18.06279200
15.28679100
18.35795900
15.02433300
18.54941700
14.80125000
18.36200000
15.01437500
18.14475000
15.19025000
18.41104100
14.99616700
18.41766700
14.94533300
18.23541700
15.13391600
18.87304200
14.47570800
19.01033400
14.21000000
18.88750000
14.63879100
18.90904200
14.47158300
18.53904200
14.80304200
18.77845800
14.61279200
18.70900000
14.65791600
18.64158400
14.70283300
18.20416700
15.01079100
18.74970900
14.61766600
18.50929200
15.00216700
18.33075000
15.04616600
18.27575000
15.08220900
18.30979100
15.07066700
18.13604200
15.22350000
18.05804100
15.15504200
17.97320800
15.40016700
18.20045800
15.29541700
18.00991700
15.22083300
18.11412500
15.39354200
18.18679100
15.19204200
18.34504200
15.02858300
18.40816700
14.94529100
18.63625000
14.58654200
18.52479200
14.98829100
18.40633400
14.81187500
18.51166600
15.00766700
18.33833300
15.02066700
18.56325000
14.66545800
18.57708400
14.78162500
18.44729100
15.07150000
18.59745900
14.77604100
18.60612500
14.74429200
18.67000000
14.70812500
18.40766700
14.80454100
17.94920900
15.56179100
18.36950000
15.00829200
18.09995800
15.24504200
20.06779200
13.28195800
18.81112500
14.60975000
18.08816700
15.29329100
18.35541700
14.98795800
18.22500000
15.15283400
20.00837500
13.18454100
19.26133400
14.10562500
18.15208300
15.34129200
18.04025000
15.38241600
17.99829200
15.33000000
18.37591700
14.98487500
18.37645800
15.01108300
18.72725000
14.63108400
18.74800000
14.61154100
18.49500000
14.89812500
18.65162500
14.54454200
18.40366700
15.10329100
18.36208400
15.02229100
18.25470900
15.10995800
18.23575000
14.97487500
18.38254200
15.12345800
18.31087500
15.07687500
18.27141700
15.08687500
18.48066600
14.73537500
18.92816700
14.62612500
20.02608300
13.15145900
19.45950000
14.02533300
19.59283300
13.80583400
19.54058300
13.79700000
19.74933300
13.62620900
19.58541600
13.78550000
19.67254200
13.68937500
19.53250000
13.82600000
19.61858300
13.78475000
19.51266700
13.81070800
19.66450000
13.74550000
19.49883400
13.85179100
19.35995900
14.02254100
19.22666700
14.11445800
19.55350000
13.81895900
19.39175000
13.96550000
19.97141600
13.40904200
19.76137500
13.46291700
18.23000000
15.31650000
19.13775000
14.21258300
19.08112500
14.12195800
18.99508400
14.55295800
19.14783300
14.03758400
19.19387500
14.17283300
19.09041700
14.44891600
19.05729200
14.28500000
19.09112500
14.30258300
19.07541700
14.11579200
19.16912500
14.37250000
19.19562500
14.15191600
18.91683400
14.47066600
19.03895900
14.30804100
19.06254200
14.30812500
19.09725000
14.28987500
18.96333300
14.38445900
18.51770800
14.84570800
18.37033400
15.02158300
18.69325000
14.65483300
18.38937500
14.97879200
18.21829200
15.14654100
18.47254200
14.88341700
18.32654100
15.04541700
18.53850000
14.83933300
18.38587500
14.98604200
18.42537500
14.90025000
18.42829200
14.99837500
18.51050000
14.82825000
18.51470800
14.83929200
18.37933300
14.88266700
18.43820800
15.05666700
18.15245800
15.03775000
18.60320800
14.90979200
18.73300000
14.65870800
18.67333400
14.67633300
18.74562500
14.62108300
18.46737500
14.90491700
18.57720800
14.77600000
18.62325000
14.70125000
18.50929200
14.75087500
18.57320800
14.81379200
18.57691700
14.77312500
18.53466600
14.82833400
18.79295800
14.72200000
18.44862500
14.79541700
18.58191600
14.93033400
18.53925000
14.65725000
18.52795800
14.83858300
18.42083400
15.14145800
18.53683300
14.79025000
18.32641700
14.88329200
18.12033300
15.41133300
18.57187500
14.81162500
18.23583400
15.11058300
18.09241700
15.28583300
18.19475000
15.16341700
18.10591600
15.25570900
18.14579100
15.23054200
18.30929200
15.06383300
18.37550000
14.97870800
18.27495900
15.08608300
18.36879200
15.02029100
18.44083400
14.74862500
18.32362500
15.04958300
18.38870800
15.14820900
18.48629100
14.85820900
18.43429100
14.77508400
18.88445800
14.65408300
18.73600000
14.61883400
18.37979100
14.98670900
18.49945800
14.87520800
18.32412500
15.03183400
18.80941600
14.57066700
19.61025000
13.76470800
19.66666700
13.65500000
19.91708300
13.47887500
19.84550000
13.51604200
19.98570800
13.39812500
19.81495900
13.52087500
19.99470800
13.36933300
19.94366700
13.46154200
19.92862500
13.41841600
19.98441700
13.39658300
19.96308400
13.37087500
19.76100000
13.62845800
19.67412500
13.67162500
20.00925000
13.21295800
20.05608400
13.46883300
19.93858300
13.43500000
20.46275000
12.91308400
20.28916600
12.95825000
19.06958400
14.42195800
18.86779200
14.49237500
18.70308300
14.49033300
18.47158400
15.05412500
18.31550000
15.06812500
18.25716600
14.93362500
18.70812500
14.83445900
19.36375000
14.02295800
19.18987500
14.16233300
19.21579200
13.96908300
18.96095900
14.59337500
19.08700000
14.26945800
19.11858300
14.24791700
19.09479200
14.27433300
19.11862500
14.26266700
19.13945800
14.21987500
19.25716700
14.11262500
19.24533300
14.12208300
19.15045900
14.02850000
19.17283300
14.38037500
19.24333300
13.93366700
19.19379200
14.34225000
19.15212500
14.22445800
18.03937500
15.15041700
18.03675000
15.49700000
17.91941600
15.44541700
17.75366700
15.44525000
17.89825000
15.63000000
17.92087500
15.28570800
17.98370800
15.56370900
18.12325000
15.24108300
18.15883300
15.19654200
18.17070800
15.20208400
18.17625000
15.17775000
18.22008300
15.15800000
18.15383300
15.13916700
18.54245800
14.89650000
18.25670900
15.11237500
18.18295800
15.00916700
18.17716600
15.37704200
17.92587500
15.42970800
17.96970900
15.41341600
18.11500000
15.24629200
18.17179200
15.00758300
17.98037500
15.56995800
18.16020900
15.21220800
18.13920800
15.22008400
18.14091600
15.22000000
18.14970900
15.10983300
18.27204200
15.20283300
18.04895800
15.31133400
18.34208300
14.85341700
18.14308300
15.40608300
18.15845900
15.19812500
18.24162500
15.13841600
18.42075000
14.93679200
18.30170800
15.05400000
18.27637500
14.93483400
18.25112500
15.26941600
18.25229200
15.11766700
18.29162500
15.09029100
18.32987500
14.85862500
18.25508400
15.27541600
18.26312500
15.12641700
18.33658300
15.00362500
18.29383400
15.07412500
18.16916600
15.03141700
18.21841700
15.33554100
18.44854200
14.90166700
18.67500000
14.71329100
18.83154200
14.34270800
18.73554200
14.79166700
18.79237500
14.60629100
18.60400000
14.75220900
19.23358300
14.13712500
20.34795800
13.00462500
19.82400000
13.54500000
20.34179200
13.00525000
20.39529200
12.97458300
21.97841700
57.91454100
44.74016700
20.50829200
32.26054100
4.83216700
41.04262500
4.60533300
47.09737500
5.15237500
31.64358400
9.94791600
23.96283400
7.70454100
19.45791700
4.66279200
34.31266600
6.94808400
27.60520800
8.18575000
21.71637500
14.84112500
38.69783300
4.96504200
29.20429200
4.67720800
26.76491700
12.10091600
26.99237500
4.69850000
25.31512500
27.51291700
33.69241700
11.06270800
23.40662500
10.49095800
23.11937500
8.11920900
34.53462500
5.02475000
27.14391600
5.12445900
33.51020800
4.83716700
27.76545800
4.64129200
26.70120800
4.47620800
27.04929200
4.77995800
26.67191700
4.52266700
29.64091600
4.60079200
22.21087500
7.02062500
21.53487500
4.42433300
25.99454200
4.61920800
25.38591700
4.83645800
27.04179200
5.53445800
21.12650000
7.35333400
22.18466600
4.52641700
24.88683300
4.75254200
27.06479200
4.83512500
21.77737500
10.58825000
27.44687500
4.84925000
24.09587500
10.50591600
21.52662500
7.55995900
24.24758300
4.44358300
29.03254200
7.55275000
28.93812500
5.54041700
32.78545800
4.60420800
26.43020900
8.29141600
31.99904200
4.96770800
33.09791700
4.45804200
32.70645800
13.86508300
28.95704200
4.52300000
29.73650000
5.45287500
39.21812500
17.28525000
46.63200000
8.76037500
24.05670800
8.11158400
29.45604100
4.73079200
28.63995800
4.63687500
34.42025000
7.84895900
23.26066600
4.70541700
30.17958300
4.81695900
28.33241600
4.67491700
28.97266700
4.70629100
29.24720900
4.60220800
29.86375000
11.37245800
34.19979200
4.48208300
29.61508400
4.87533300
30.37483300
4.71041700
29.71479200
12.67491600
24.32475000
12.20554200
24.39170800
4.81062500
30.37941700
7.72954200
24.90641600
4.50904200
34.43404200
4.71170800
25.49295800
4.58466700
35.06416700
7.20445800
22.44145800
4.61125000
31.38450000
4.65883400
31.52495800
12.58795800
19.09958400
4.51200000
25.41833300
4.64691700
29.53820800
4.55754200
29.82025000
7.51762500
26.58491600
11.91933400
22.48891600
24.83729200
36.32341700
10.99237500
177.45345800
62.41779200
92.60137500
12.78587500
30.84300000
11.22316600
43.36858400
17.81695800
30.54087500
13.29804200
31.75045800
4.83200000
34.65562500
18.00166700
33.56362500
19.10837500
31.24962500
18.14912500
30.40854100
14.11391700
28.60754200
4.94587500
37.08033300
15.29137500
33.72762500
152.28470800
9.89433400
27.92708300
6.74187500
100.44525000
11.24341700
55.92570800
10.76770800
30.54620900
9.19216600
28.59916700
6.39304200
52.63570800
9.29325000
34.63429200
15.23429100
39.03779200
5.77500000
41.53975000
23.76095800
400.09820900
19.12566600
52.79350000
9.34420900
142.99375000
16.84383300
38.26295800
19.61045900
30.20737500
10.36400000
50.24770800
8.16283300
68.69779200
9.70125000
45.44716700
7.09616600
48.13091700
20.57120800
49.42112500
17.90616700
43.85387500
25.70400000
42.87925000
19.49241700
37.14054100
6.92633400
46.42437500
7.36704100
45.13058400
24.29883300
50.90629200
7.49237500
36.21579100
13.95141700
40.52891700
7.32637500
63.27175000
7.27904100
35.59079200
19.12204200
63.77970800
16.12370800
68.43375000
28.27433400
77.02162500
20.33908300
65.49612500
9.10329200
73.35016600
10.56825000
60.38608400
14.90383300
45.10841700
33.49791600
68.83450000
22.26579200
74.65775000
17.07533300
80.45908400
19.07162500
69.81616600
12.61816700
78.78333300
19.00225000
61.79266700
17.62008300
56.14595900
39.93245800
97.71862500
19.95083300
103.81708400
27.57095800
105.38225000
13.57562500
111.06129200
18.57079100
78.46854200
24.51104200
66.83516600
13.20191700
72.54020800
13.14275000
55.35541700
14.32029200
52.79729100
13.48283400
61.68029100
10.74020900
56.02587500
11.08541600
55.49583400
10.46670800
62.33329200
14.17558300
56.19204200
16.51262500
76.36125000
15.53058300
75.89137500
17.93904200
96.17604100
17.36412500
97.47791700
22.21579200
144.10804100
21.29183400
122.61416600
26.69762500
96.69787500
34.23208400
115.98975000
20.31712500
104.99529100
28.12912500
112.42400000
28.49037500
123.56420900
24.26475000
98.97658300
22.32058300
115.65270900
23.77108300
109.11666700
24.03208300
132.30620800
21.17795900
92.47141600
21.67675000
88.32495900
23.77925000
105.48045800
27.24041700
88.96037500
29.29545800
88.46025000
22.73633300
75.51879200
22.91866700
72.69270800
21.29375000
89.73595800
20.26200000
106.78054200
17.64750000
108.96187500
21.31712500
139.71320800
43.08558400
148.33520800
33.46287500
135.14800000
30.13875000
146.89875000
24.25970800
119.25604200
25.77366700
134.25970800
22.99825000
151.76754200
27.97287500
148.38470800
34.35554200
131.62950000
23.33083300
176.88279200
19.40695800
235.12912500
89.39795800
195.21929200
29.47216700
120.96641600
28.97875000
167.06108400
27.10066600
109.36941700
26.26266700
123.39733300
28.38358300
139.22612500
25.65437500
137.51491700
17.91175000
146.75475000
33.13570800
131.30504200
34.98725000
137.38745800
26.39287500
132.51845900
25.66616600
205.73316700
28.96783300
143.65500000
16.74545900
103.62679100
27.47408400
106.76500000
16.87879100
116.46629200
21.10920800
159.79866700
30.87791700
146.07245800
20.04395800
131.86141700
17.22695800
119.66687500
24.68362500
125.89670900
26.10500000
105.44041600
21.53675000
125.07745900
20.25791600
103.98875000
29.80708400
101.11937500
19.35091600
101.28487500
25.19154200
110.44441700
21.10200000
97.21308300
18.58566700
98.73362500
20.47362500
103.68983300
28.74129200
98.13275000
21.50341600
104.79966700
25.50616700
114.19508300
23.04954200
115.08475000
29.47200000
110.12841600
36.44137500
142.79258400
29.19670800
151.38475000
21.92587500
146.64125000
27.41970800
102.35475000
22.72320900
130.27754100
20.41391700
141.17354200
34.82870800
116.49445800
32.98212500
154.60545900
27.36279100
143.79587500
25.86275000
115.74845900
34.86704100
115.59575000
19.62445900
79.03670800
73.03495800
197.99741700
34.99004200
150.25566600
30.63170900
169.66483300
27.59425000
168.57808300
21.62779200
177.73858300
24.76237500
147.75279200
30.07983300
150.86183400
29.74158300
135.62812500
19.33050000
113.51508300
31.02883400
153.98350000
31.60291600
172.54337500
22.43633400
139.88429100
23.19183400
114.71820800
42.79720800
116.22245900
21.39791600
110.94095900
29.55700000
139.88083300
25.54183300
123.07937500
17.62245900
119.62508300
26.15029200
119.58766600
21.57954200
136.62416700
32.37662500
127.76370800
17.76716700
195.38766600
36.91812500
215.70925000
163.11229200
334.08116700
24.73341600
244.53200000
33.96233400
211.36583300
47.40241700
191.27004100
44.18866700
271.15245800
97.53062500
410.29962500
73.57287500
506.58091700
69.21979200
407.89275000
57.71687500
323.99337500
57.07625000
296.18945800
42.52883300
282.52954200
33.49950000
261.50558300
99.75637500
373.07466700
52.50266700
227.27058300
104.24750000
589.00462500
39.19337500
183.40995800
30.45325000
143.08170900
33.22337500
180.26920800
35.72433300
196.62362500
73.28487500
161.67491700
48.72437500
165.59183300
34.81116700
483.40808300
76.03195900
413.40829100
84.04604200
354.01133300
46.51466700
225.06104200
28.90091600
347.17162500
119.84270900
326.14679100
41.07279200
390.44162500
45.00337500
413.92150000
96.99479200
512.93820800
134.93370800
307.46416700
35.82387500
233.00991700
40.87150000
316.90050000
95.27783300
336.88641700
28.23766600
187.36450000
43.86966700
224.14241700
86.63137500
422.78133300
35.07970800
329.01720900
39.15862500
427.69816600
30.61350000
279.41879200
123.14579200
282.43395800
43.57783300
196.07329200
41.81283300
242.31641700
32.34962500
233.58879200
66.80429100
157.38041700
18.34479200
178.64266600
24.82720900
139.53629100
25.70008400
186.44308300
37.04266700
184.59129100
47.16958400
351.87195800
65.98466700
216.83904100
35.71791700
262.87520800
16.62795900
227.48379100
48.46916700
171.14308300
20.37079200
187.64012500
40.37866700
165.35358300
33.83520800
199.41712500
20.82929200
196.85008300
39.64175000
162.76104200
54.30762500
157.96508300
26.79529200
184.11333300
46.95287500
241.62062500
51.18333400
155.14758300
40.43087500
180.33587500
25.09837500
134.66395800
49.93716700
203.24933300
28.54325000
140.66208400
51.85075000
198.48162500
39.63216600
159.99320900
24.20150000
157.45412500
26.60979100
233.12004200
36.49533300
167.97791700
27.30533300
159.54712500
47.62312500
144.38400000
37.17987500
152.44920900
36.46304100
216.32412500
50.28833400
210.44450000
30.20108300
269.29970800
43.68466700
215.01441700
50.13950000
274.01266600
121.44062500
428.79550000
38.04933400
247.73383300
40.23691700
80.10379100
19.10429200
60.82133300
16.03954200
63.94958300
