5.16062500
2.21320900
7.82766600
8.63466700
8.19333300
8.42125000
8.27004200
8.43183300
8.31637500
8.35208400
8.34908300
8.32516700
8.33191600
8.34125000
8.36820900
8.31083300
8.35133300
8.34133400
8.35500000
8.32041600
8.35983400
8.34250000
8.32108300
8.38100000
8.29825000
8.35820800
8.34550000
8.34575000
8.32020900
8.35391600
8.34975000
8.36308400
8.29812500
8.36020800
8.33183300
7.61687500
16.25487500
16.68350000
16.68312500
16.68337500
16.68341700
16.68337500
16.68329200
16.68329100
16.68333400
16.68337500
16.68329100
16.68320900
16.68341600
16.68329200
16.68341700
16.68354100
16.68850000
16.67795900
16.69145800
16.67516700
16.68329100
16.68341700
16.68325000
16.68329200
16.68350000
16.68329100
16.68325000
16.68329200
16.68345800
16.68325000
16.68345900
16.68325000
16.68341600
16.68320900
16.70341600
16.66329200
16.69087500
16.67579200
16.68333300
16.68395800
16.68850000
16.67870900
16.70441600
16.66108400
16.69141600
16.68512500
16.67350000
16.68325000
16.68337500
16.68337500
16.68333400
16.68329100
16.69058400
16.67729100
16.68208400
16.68345800
16.68316700
16.68733300
16.67937500
16.73320800
16.63375000
16.68308400
16.68337500
16.69104100
16.67554200
16.68329200
16.68345800
16.69129200
16.68520800
16.67537500
16.68141700
16.68512500
16.68483300
16.68008300
16.68629200
16.68025000
16.68337500
16.68345800
16.68329200
16.68416700
16.68250000
16.68679100
16.67991700
16.68341700
16.68320800
16.68337500
16.68341700
16.68320800
16.68920800
16.68575000
16.67504200
16.68570800
16.68095900
16.68333300
16.68837500
16.68833300
16.67325000
16.68333400
16.68420800
16.68258300
16.69495900
16.67229100
16.69016700
16.67737500
16.68787500
16.67862500
16.68304200
16.69545800
16.67433300
16.69770900
16.67258300
16.68762500
18.28850000
15.06620800
16.71012500
16.65629200
16.68337500
16.70020800
16.66650000
16.68337500
16.68333400
16.68320800
16.68358300
16.71429200
16.67154200
16.66445800
16.69270800
16.70650000
16.66445900
16.66908300
16.69245800
16.67437500
16.68395900
16.68254100
16.72204200
16.64758300
16.69100000
16.68466700
16.67154200
16.68354100
16.68820900
16.67804100
16.68687500
16.68695900
16.67637500
16.69629100
16.67829200
16.68320800
16.70225000
16.70879200
16.63112500
16.68650000
16.68004200
16.68850000
16.67941600
16.68208400
16.69050000
16.69000000
16.67795800
16.69345800
16.69695900
17.98695800
16.16245800
15.94470900
16.67208300
16.68929200
16.68233300
16.67704200
16.68325000
16.68487500
16.68304100
16.78050000
16.58504200
16.68316700
16.68450000
16.68229100
16.68341700
16.68325000
16.68325000
16.68350000
16.69204200
16.67454100
16.68325000
16.68345900
16.68329100
16.68333400
16.68329100
16.68333400
16.68329100
16.68337500
16.68325000
16.68345900
16.68325000
16.68333300
16.68350000
16.68320800
16.68333400
16.68333300
16.68358300
16.68304200
16.68329200
16.68341600
16.68337500
16.68333400
16.68320800
16.69079200
16.67600000
16.68325000
16.68745800
16.79416700
16.59900000
16.66095800
16.69254200
16.79533300
16.58312500
16.66550000
16.68791700
16.66737500
16.68329100
16.68333400
16.68341600
16.69229200
16.78700000
16.59266700
16.67437500
16.69204100
16.67316700
16.69170800
16.66816700
16.68412500
16.68075000
16.68037500
16.68550000
16.68229200
16.68212500
16.68325000
16.68341600
16.68329200
16.68387500
16.70287500
16.66325000
16.70220800
16.66629200
16.68150000
16.71229200
16.70354100
16.63412500
16.68425000
16.68366700
16.68316700
16.68320800
16.68545800
16.68091700
16.68279200
16.68325000
16.69150000
16.70916600
16.67862500
16.65433400
16.68912500
21.59087500
12.54987500
16.58079100
19.08004200
14.08725000
18.93708300
15.33870900
18.16608300
14.41020800
18.85991700
15.26683300
18.77816700
13.43954200
18.73433300
15.76954200
17.89041600
15.50179200
17.93833300
15.44850000
17.89470900
15.45570800
18.01608300
15.34350000
17.91037500
14.08858400
17.99262500
15.38079100
17.92262500
16.63308400
17.91820800
15.62650000
18.11125000
14.08550000
17.72479200
16.61079100
18.05204200
15.53441700
17.93358300
14.04050000
18.02900000
16.54558300
17.70583400
15.84154100
17.64158400
14.34083300
17.92295800
15.44087500
17.93887500
16.61804200
17.57420800
15.99670900
17.68129100
15.65437500
17.71237500
15.66754200
17.55958300
15.33825000
17.31158400
16.33362500
17.46416600
14.71454200
17.57741700
15.78925000
17.47575000
16.87475000
17.65683300
16.03941700
17.62683300
15.82437500
17.57000000
15.76091700
17.49550000
15.84416600
17.42870900
14.60341600
18.50333400
16.00379100
18.19500000
15.30133400
17.83933300
15.55641700
18.63225000
14.73558300
18.64983300
14.76704200
18.54587500
14.84670800
18.52808400
14.77704100
18.50116700
14.90187500
18.76570800
14.62762500
18.56512500
14.73012500
18.50900000
14.90025000
18.41391700
14.91750000
18.73516700
14.69004100
19.65895900
13.68295800
19.39258300
14.03916700
19.54450000
13.81200000
19.62937500
13.67491700
19.49795800
13.93879200
19.86879100
12.08687500
20.48279200
12.90012500
20.22783300
14.48887500
19.19525000
14.18829200
19.45341700
13.89225000
19.43670800
13.92087500
19.71816700
13.69050000
19.59954100
12.37208400
19.90012500
13.46675000
19.93033300
14.83158300
19.64950000
13.68304200
19.96437500
13.38445800
19.75212500
12.93612500
18.24254200
15.70391700
17.57079100
15.75308400
17.28845800
16.05966700
16.65795800
16.44433300
18.04812500
15.61804200
18.56366700
13.60045800
18.57841700
15.81600000
18.50954100
15.17283400
18.47354100
14.92520900
18.99725000
14.37187500
18.87987500
14.46341600
19.08433400
12.91179100
19.11000000
15.52683400
18.58320800
13.51300000
19.02687500
14.35366700
19.24995800
15.41462500
19.04820800
13.00658400
18.89358300
15.69145800
18.95591700
14.35708300
18.95650000
14.61212500
18.94970900
14.37304100
18.80625000
13.23783400
19.33608300
15.29950000
18.99129200
13.10779100
19.22945900
15.11475000
18.89466600
14.85916700
18.92600000
13.49625000
19.12900000
15.14104200
19.01045800
14.40170800
19.00912500
13.63079200
19.13591700
14.35220800
18.92545800
14.97825000
18.99979200
14.42158300
19.51783400
13.87050000
19.23962500
14.14837500
19.01325000
13.38825000
18.95700000
15.22187500
18.86850000
14.65825000
19.13770800
14.18191700
18.85679100
13.60854200
18.67754200
14.35004100
18.94033400
15.42758300
18.24675000
14.36158300
18.79883400
15.33375000
18.76579100
13.61325000
18.57162500
14.94250000
18.76100000
18.66633400
12.34429100
18.96225000
15.48504200
18.87129200
14.69829100
18.73812500
14.65879200
18.61900000
13.42504200
18.92787500
15.46766600
18.72912500
14.87079200
18.71720800
14.71608400
18.77325000
13.26350000
18.84912500
15.73075000
18.62933300
14.80479200
20.19779100
13.23191700
19.44483300
12.57808400
19.43016600
13.93662500
19.68079200
14.92745800
19.77091700
13.69887500
19.83708300
13.51166700
18.74162500
14.63737500
18.88966700
14.40395800
19.11170800
14.33916700
19.15366700
14.23262500
19.05625000
14.21191600
18.97137500
14.47779200
19.22125000
14.07725000
19.18341700
14.15991600
19.03325000
14.41250000
18.91266700
14.38766700
19.48312500
13.10008300
18.93454200
15.12600000
17.42845800
15.74654200
17.29754100
15.95675000
17.24295900
16.08595800
17.24491700
15.27795800
17.32933300
16.67225000
17.36862500
16.10487500
17.47608400
16.03529100
17.35241700
15.97412500
17.22687500
15.29333300
17.20229200
16.81429200
17.37525000
16.58508300
17.44637500
15.22433300
17.20937500
16.40570900
17.65204100
15.87891700
17.54375000
15.80150000
17.60087500
15.79691700
17.71650000
15.68891600
17.69670900
16.00937500
17.60175000
14.42041600
17.71112500
16.40112500
17.57062500
15.89187500
17.71354200
16.15625000
17.79395800
14.24575000
17.58487500
16.42729200
17.59100000
15.98887500
17.32483300
15.66054200
17.82091700
15.08991600
17.66829200
16.41412500
17.40958300
16.08216700
17.51641700
14.97037500
17.46700000
16.57483300
17.64358300
16.43133400
17.52158300
15.48987500
17.69458300
14.64025000
17.68204200
16.10095800
17.97441700
15.89383300
17.65983400
15.75433300
17.55737500
15.81037500
17.73583300
15.67254200
17.52266700
15.78325000
17.71629100
15.72245900
17.60654100
15.73600000
17.78395900
14.58716600
17.94266700
15.45779200
17.72020800
15.68800000
17.50250000
15.78879200
17.33062500
16.69458300
17.45187500
16.11758300
17.39291700
15.96587500
17.39420800
15.11904200
17.38437500
16.66808300
17.50150000
16.03937500
17.32041700
16.05304200
17.33250000
16.04150000
17.43404100
15.94470900
17.45129100
15.06470900
17.50641600
17.19300000
17.60979200
15.43908300
19.12120900
14.54604100
18.84720900
14.54854100
19.12462500
13.44129200
18.95041700
15.04608300
18.87079200
14.65345800
18.93762500
13.54929200
18.55816600
15.39700000
18.33658400
15.14841600
17.50954200
15.99191700
17.24700000
15.69925000
18.44129100
15.10495900
18.42312500
15.01487500
18.94770800
14.50570800
18.28470900
14.95679100
18.47420900
14.97537500
19.16375000
14.26037500
20.31654100
13.12945900
19.82033300
12.50333300
19.94133400
14.46412500
19.76362500
13.60725000
19.88733300
13.50416700
19.64858300
13.69470800
20.07570900
13.25900000
19.68004100
12.37654200
19.41216700
15.08308300
16.57687500
15.91645800
17.05104200
16.62108300
17.05862500
16.64991700
15.78100000
17.85479200
15.51166600
17.58329200
15.78341700
17.97400000
15.39262500
17.26804100
16.09870900
17.82916600
15.53858400
17.29987500
16.06562500
17.78766600
15.57900000
17.27104200
16.10508300
18.04175000
15.32275000
17.78245900
15.57795800
16.68229200
16.68337500
17.28062500
16.08600000
17.70454100
15.67058400
17.66945800
15.69445800
17.27929200
16.08404200
17.24629100
16.12708400
18.01529100
15.34233400
16.68329100
16.68329200
17.21533300
16.15145900
17.24070800
16.12579200
17.25562500
16.11937500
17.23416600
16.12429200
17.23750000
16.13025000
17.82766700
15.53954100
18.03720900
15.32783300
17.25512500
16.11158300
17.75516700
18.79795800
13.49675000
18.64420900
15.00620800
18.79504200
15.38558300
18.90691700
14.68150000
19.06858300
14.33345800
18.77804200
14.61720800
18.98745900
12.99595800
18.91579200
15.48116600
19.05150000
14.69762500
18.97233400
14.36450000
19.18279100
14.13183400
19.06945800
14.33433300
18.92100000
13.90604200
18.97775000
14.81912500
19.17825000
14.28012500
18.97979200
14.38208300
19.23400000
14.09962500
19.33804200
14.07545800
18.69487500
14.66566700
18.91483300
14.43933300
18.85462500
14.54008400
18.61987500
14.70641600
19.04208400
14.35091600
19.07929200
12.93258300
19.02391700
15.46454200
18.97808300
14.60950000
18.69416700
13.51387500
18.99279100
15.29512500
19.01975000
14.55095900
18.79720800
14.58754200
19.16970800
14.01775000
19.13841700
14.45300000
19.18408300
12.81241700
19.11958300
15.62312500
19.12295800
12.86475000
19.08625000
15.36537500
19.28491700
13.94645800
19.40233400
14.35345800
19.33654200
14.01883300
20.04812500
13.32516700
20.23841600
13.15241700
20.34591700
12.98412500
20.17891600
12.59350000
19.81562500
14.19320900
20.40187500
12.93116600
19.96412500
13.40845900
19.99583300
13.39745800
20.00858400
13.33000000
19.99629100
13.36770900
19.76270800
13.63366700
20.33550000
13.00483300
19.87104200
13.49637500
19.72316600
13.67037500
20.05433400
13.28362500
19.89083300
13.46550000
20.00704200
13.39491600
20.44320900
12.90175000
18.57783300
14.75983300
18.59983400
14.01133300
18.58033300
14.25204200
18.46637500
15.02220800
18.34195900
15.82812500
18.67979100
14.98604200
18.40412500
14.93670800
18.48925000
15.04433400
18.59287500
14.73366600
18.81083400
14.56545800
18.29079200
15.06254100
18.60841700
13.41208300
18.71275000
15.60970900
18.73383300
14.93654200
18.33708300
15.00520800
18.54420900
14.81091600
18.64508400
14.77941600
18.80354200
13.74187500
19.15520800
14.93016700
19.34704200
14.12037500
19.34275000
12.74904100
19.31812500
15.16320900
19.36354100
14.22100000
19.18233400
14.20304100
19.06129200
14.28550000
19.13091700
13.97504100
19.07945900
14.59900000
19.04037500
14.31645800
18.84133300
14.13020900
19.02079100
14.70687500
19.29600000
12.72858400
19.17629100
15.07620900
18.98541600
14.82850000
19.09375000
14.32687500
18.88354200
13.87166700
18.55745800
15.22112500
18.23925000
15.15487500
18.13645800
15.15958400
18.24216600
15.15645900
18.29783300
14.33687500
18.28816700
15.21295800
18.82879200
15.14387500
18.42566600
13.75504200
18.76250000
15.60691700
18.83475000
14.89400000
18.89804100
14.47887500
19.02270900
13.34791600
18.60904200
15.46425000
18.79637500
13.72725000
19.09375000
14.28525000
18.73958300
15.45650000
18.78925000
14.82987500
19.53620900
13.84875000
19.45550000
13.93404100
19.04912500
14.31545900
19.01125000
14.38025000
19.03879100
14.21983400
18.78095800
13.71945800
19.08833400
15.08695800
18.99291700
14.50412500
18.82775000
14.55916600
18.39887500
14.89254200
18.59262500
14.76425000
18.11275000
15.14550000
18.03254200
15.30845800
18.72341700
14.79250000
18.52095800
14.70379200
20.04695800
13.52195800
19.54420900
13.78983300
19.41012500
13.96341700
19.70345800
13.68670800
19.57487500
13.75029200
19.48229200
13.88362500
19.85491600
13.54050000
19.75450000
13.57120900
19.64050000
13.72216600
19.59304200
13.81600000
19.84279200
13.16233300
19.53354200
14.11562500
19.92866600
13.53512500
19.80254200
13.56479200
19.49983300
12.49020800
19.60495900
14.43175000
20.56645800
13.50408300
20.28212500
13.04537500
18.84762500
14.58854200
18.77108300
14.59641700
18.78191700
13.55475000
18.69745800
15.41079200
18.88166600
14.73470900
18.79820800
14.56112500
18.87920800
14.49929200
18.81612500
14.57825000
18.89491700
14.45079100
18.67195900
13.31716600
18.91020900
14.87483300
18.84950000
15.26641700
18.91004100
14.63312500
18.74616700
14.66458300
18.91179200
14.43487500
18.89291700
13.19691600
18.90100000
14.58966700
18.98020800
15.29450000
18.61520900
14.90300000
18.62479100
14.81229200
18.58695800
13.96775000
19.05375000
15.01275000
18.74429200
14.74908300
18.80991700
14.59187500
18.81291700
14.50550000
18.79783300
14.61541700
16.58200000
15.72079100
16.60208400
16.60095800
16.51866700
17.56591600
16.51829200
16.62825000
16.25845800
17.36191700
16.31016700
17.48745800
16.35041700
16.41975000
16.33775000
16.85295800
17.42512500
16.18575000
17.66608300
15.87516700
17.70537500
14.66662500
17.75333300
16.39154200
17.41429200
16.36483300
17.56900000
15.61791700
17.26645800
15.97820800
17.57462500
15.84770900
17.65658300
14.98216700
17.64770800
16.81683300
17.81733400
15.39079100
19.45604200
12.75454200
19.15683300
15.31441700
19.13687500
14.49616600
18.70895900
14.63325000
19.05433300
12.96691700
20.33350000
13.79558300
19.24379200
14.75245800
18.49454200
14.79104100
18.36116700
14.97250000
18.32366700
15.02462500
18.23166600
14.30704200
18.25004200
15.23054100
18.27220900
15.59929100
18.29166700
14.02358300
18.19004200
16.05604200
18.19441600
15.68425000
18.47695900
14.79491600
18.13762500
13.93237500
18.17391700
16.10033300
18.25920900
15.10312500
18.35154100
14.11212500
19.88904200
14.70466700
20.03437500
13.45612500
19.65312500
13.71779100
19.77125000
12.24016700
20.04975000
14.59045800
20.21458400
13.23437500
19.82387500
13.56895800
19.78370800
13.56116700
19.98995800
12.01637500
19.66966700
14.87254200
17.87054100
15.46725000
15.53662500
17.18812500
16.54458400
16.88133300
16.89741700
16.49766600
16.83533400
16.56029100
16.73000000
16.60975000
17.09458400
16.36441600
17.33250000
16.17025000
15.86062500
17.22558400
16.14095800
17.29779200
16.06883300
17.90687500
15.46562500
17.01745800
19.82670900
14.59025000
19.73525000
13.61850000
19.49166600
13.56591700
19.42400000
14.26812500
19.53008300
13.80420900
19.39920800
13.96929200
17.68529100
15.45570900
17.45245800
14.77687500
17.17983300
17.53554200
16.79125000
16.10033300
16.96508400
16.29858300
16.85854200
16.48295800
17.17383300
16.74720900
17.23504100
14.91929200
17.23687500
16.69400000
17.24891700
16.82783300
19.30370800
12.71404200
19.63675000
14.29800000
19.67237500
14.50270800
19.73933400
13.63241600
19.55070900
13.79454100
19.66820900
13.70687500
19.35095800
14.02529200
19.17441600
14.17183400
19.46216600
13.90683400
19.95016600
13.41766700
19.93950000
13.40804200
19.29216600
14.08833400
19.01433300
14.36470800
18.99791700
14.35966700
19.05512500
14.30883300
19.19458300
14.18758400
19.40433300
13.81616700
19.24520800
12.88270800
19.07120900
15.40095800
19.27254200
12.99483300
19.31833300
14.04841700
19.14558300
15.36841700
19.34333300
12.86962500
19.22866700
15.29329200
19.34829100
14.24195900
19.23004100
12.79687500
19.28041700
15.21691700
19.15437500
14.43525000
19.40833300
12.56554200
19.16512500
15.51429100
19.42529200
12.63270800
19.47400000
13.88858400
19.27016600
14.37783400
19.04020800
15.20108300
19.13866700
13.07383300
19.06787500
15.37383400
19.01075000
14.64091600
19.30004200
12.94237500
19.60679200
14.53804100
19.41666700
14.29070800
19.11408400
13.28425000
19.29208300
14.60366700
19.27191600
14.55245900
19.36525000
14.00941600
19.83887500
12.95841700
19.20733300
14.68250000
18.96062500
14.43829200
20.41400000
12.93725000
19.60091700
13.76408300
19.94912500
13.44687500
18.51829200
14.70408300
18.99404200
14.42058300
20.37587500
13.06991700
19.43375000
13.91112500
19.50058300
13.77687500
19.83141700
12.28391600
20.06320900
13.70475000
19.22450000
14.97929100
18.00091700
15.27525000
19.36525000
14.14920800
20.50358400
11.71883300
19.01433300
15.53829200
19.99354200
12.22870800
22.41262500
51.00016700
37.70250000
6.15125000
19.92687500
4.94983300
18.91854200
4.38783300
17.63304200
4.40645800
18.02045800
4.46137500
18.01241700
5.38866700
17.96420800
16.23570800
19.45612500
13.78229200
18.41533300
15.60229200
18.10691700
15.09770800
18.26725000
15.14170800
18.39179200
13.73887500
18.39245800
15.91708400
18.20008300
14.23325000
18.22233300
16.04441700
18.12204200
14.34570800
18.23695800
16.04179200
18.32204200
15.29145800
18.13916700
15.21570800
18.22841700
15.18970800
18.01320800
15.30420900
18.11225000
15.23729100
18.05291700
15.30379200
17.95516600
15.51845900
17.60391600
15.55820900
17.36120800
15.91195800
17.98775000
15.52920900
17.54100000
15.72800000
17.54395800
16.18979200
17.82775000
15.02495800
18.05870800
15.51125000
18.36220900
14.16595800
19.40179200
15.08633300
18.89783300
14.40408400
20.12429100
11.97316700
19.08125000
15.42908300
18.28925000
15.11620900
18.29087500
15.07762500
18.20979100
15.19400000
18.23604200
15.14250000
18.30120800
15.06716700
18.19650000
15.15158300
18.53925000
14.91958400
18.36258300
14.48608300
18.48150000
15.27220900
18.46650000
14.99383300
18.16087500
15.14520800
18.54387500
18.29254200
13.35712500
17.90929200
14.28737500
18.04895800
16.03070800
18.09216700
15.42470800
17.95104200
15.40525000
18.20708300
15.27808400
18.33229100
13.87991700
18.28920800
15.95550000
18.30929200
15.31750000
18.51045800
14.93933400
18.40654100
13.74375000
18.34995900
15.92712500
18.13508300
15.37154200
17.73387500
15.59962500
18.12220800
15.34729200
17.90908300
14.33141700
17.81066600
16.30741700
17.94741700
15.04570800
17.84291700
16.16041600
18.00087500
15.43029200
18.17770800
15.26141700
18.20358300
15.15995900
18.59962500
14.81958300
19.60975000
13.92558300
19.29858400
13.99900000
19.20904100
14.15416700
19.26429200
13.04275000
19.44495800
13.68420800
18.99008400
15.37058300
19.36216700
14.34658300
19.15362500
14.16595800
19.10100000
14.25704200
18.86983300
14.55804200
19.14537500
14.17629200
19.14270800
14.19983300
18.94654200
14.48420800
18.83850000
14.48195900
18.78079100
14.51816700
18.81900000
14.57133300
19.31525000
12.80550000
18.98520900
15.34950000
17.46729100
15.87529200
17.40620800
15.95266700
17.42512500
15.90062500
17.31275000
15.59029200
17.32279100
16.98416700
17.13916700
15.83220800
17.23525000
16.02491700
17.24729100
16.11062500
17.42162500
15.97108400
17.45612500
15.90283300
17.39375000
15.99833300
17.43912500
15.93283400
17.45704100
15.86937500
17.34475000
16.00270900
16.94608300
16.35091700
17.10833300
16.25433300
17.51575000
15.96262500
17.60833400
15.82195800
17.59687500
15.75316700
18.20904100
15.32908400
18.03054100
15.35762500
18.25508400
13.98362500
18.27900000
15.97333300
18.02066700
15.53883300
18.54775000
14.94895800
18.57095900
14.95345800
18.76525000
14.61550000
19.04650000
13.23412500
19.39033300
14.92416700
19.24475000
12.87870800
19.50954200
15.06020800
19.32179200
14.20379200
19.27145800
14.11016700
19.54425000
12.44533300
19.25875000
15.24795800
19.21858400
14.36725000
19.13445800
13.71475000
18.76895800
14.98304200
19.13633300
14.34675000
19.40079200
12.62212500
19.51758300
15.04337500
19.54633400
13.97108300
19.56204200
13.82075000
19.53829100
13.23108400
19.70204100
14.24329200
19.74316700
13.65925000
19.71666600
12.93900000
19.73979200
13.28641700
19.66008300
14.73045800
19.80800000
12.77533400
19.72920800
14.41204200
19.71075000
13.69500000
19.51350000
12.93675000
19.63458300
14.61525000
19.88691700
13.51279100
16.76925000
16.10154200
16.56320800
16.53745900
17.32970800
16.22825000
17.31945800
15.50358400
17.52837500
16.03729100
17.62304200
16.13495800
17.05716700
16.26625000
17.14575000
16.21137500
17.85137500
15.70675000
17.66283300
15.71695900
17.67945800
15.64733300
17.77308400
15.57791600
17.50683400
15.78225000
19.21212500
14.50579100
18.53054200
14.76020800
18.75087500
14.73837500
24.40154200
7.69320800
17.81004200
15.90304200
18.61395800
15.41125000
19.09887500
14.49520800
19.05175000
14.33208400
19.15470800
14.30245800
19.23225000
14.13554200
18.51541700
14.68979100
19.67108400
13.86058300
19.26420800
14.09750000
19.49133400
13.87725000
19.10258300
14.28604200
19.07633300
14.29204200
19.70929100
13.62200000
19.60904200
12.44045800
19.85104200
14.49083300
18.90679200
14.76433300
18.14583400
15.12200000
17.29970800
15.81179200
17.75883300
15.66233300
18.21404200
15.28641700
19.20487500
14.37941600
19.13833400
14.23620800
18.75954200
14.60445800
18.16329200
14.54445800
20.34091700
12.33383300
17.91933300
16.79495900
17.30866600
15.72129200
17.08579200
16.10029100
16.62804200
16.56970800
16.51416700
16.83729200
16.90833300
16.51383300
16.89604200
16.49933300
17.21000000
15.80575000
17.92591700
15.93908300
17.70350000
15.75658400
17.63620800
15.05833300
17.67995900
16.21416600
17.70850000
14.90066700
17.69708300
15.60275000
17.64445900
16.46466600
17.66800000
15.86729200
17.65250000
14.90054200
17.59662500
16.43258300
17.35116700
15.29104100
18.12425000
16.07220900
18.16862500
15.42979100
17.78612500
14.48087500
17.98975000
16.20320900
17.48733300
15.98237500
17.67758300
15.71254200
17.56658300
15.77216700
16.68325000
16.49854200
16.88658300
16.69133300
16.89429200
16.28741700
16.81741600
17.11358400
17.97583300
15.19475000
18.42537500
14.99558300
17.86412500
15.41975000
18.00095900
14.26062500
18.05479100
16.12729200
17.87487500
15.69029200
18.02100000
15.39008300
18.10633300
15.55725000
18.07220900
14.96529100
18.10483400
14.23479100
17.99966700
16.71841700
17.72787500
15.40562500
18.27541600
15.16900000
18.18075000
15.16179200
17.82133300
15.46279200
18.15187500
14.13004200
20.17908300
14.47004200
18.70037500
13.37954100
19.57354200
31.84775000
80.86179200
4.72700000
36.20987500
7.30170800
27.93216700
14.44337500
33.21862500
9.52270800
20.92141700
4.66929100
29.07441700
4.82629200
25.17129100
4.74250000
37.38012500
7.64570900
23.89083300
5.11779200
44.54191600
10.05875000
25.84979200
14.67733300
39.99379200
5.75037500
31.25904200
5.82604100
41.67420900
5.88541600
35.85762500
10.33766700
27.42250000
15.50825000
29.29966700
5.87358300
45.78245800
9.19945900
26.98375000
16.13041600
29.39825000
5.78270900
46.28441600
10.01391700
27.39141700
17.09537500
30.75691600
15.57454200
38.92454200
5.76891600
34.55187500
11.41658400
29.02937500
18.29379100
42.69891700
10.99112500
30.64325000
16.83120800
36.99583400
9.35433300
31.76600000
13.11233300
40.73075000
6.35333400
35.21437500
10.18400000
28.54491600
14.23845900
31.46229100
5.98120900
50.17366600
6.47250000
32.71041700
5.70741700
40.64487500
5.65345800
36.73883300
15.69608400
46.69729100
6.75787500
31.92245900
9.89875000
43.87900000
9.51295800
34.32662500
5.68916700
47.75141600
10.65741700
34.02816700
6.14004100
56.75429200
6.48354200
35.15550000
16.80545800
46.68862500
9.03562500
41.37570800
8.52020900
42.85362500
12.07979100
42.61370900
24.24908300
61.83800000
6.72712500
34.13750000
10.33141700
51.81125000
6.34387500
35.17587500
19.11437500
45.53637500
10.73029100
33.83350000
5.94508400
49.20512500
10.40883300
38.32412500
11.15929200
46.74000000
10.25912500
34.16862500
17.80637500
42.78383300
6.24591700
31.67295800
8.72462500
50.00908300
6.36591700
52.64520800
10.28912500
38.10766700
9.64691700
31.58200000
5.85675000
54.68716600
9.64420900
44.87041600
10.73591700
34.05379200
16.87316600
44.88041700
6.32000000
34.23770800
9.87508400
51.96362500
12.79012500
40.63779100
11.45887500
36.75870900
19.32983300
51.18087500
11.42658300
48.53820900
10.17054100
52.08645900
6.94437500
34.20479100
6.10037500
35.16137500
6.27437500
28.79266700
14.71033300
52.93429200
6.47508300
39.90050000
6.29091700
31.18204200
6.25058300
55.38575000
7.18237500
37.48004200
10.03712500
38.40362500
11.94620800
46.71000000
11.47512500
38.72125000
6.47266700
32.80183300
8.70500000
30.52275000
14.81491700
35.37983300
33.50045800
73.55545900
8.63570800
34.04979200
15.83745800
38.38141700
6.34054100
29.73083400
6.27716600
41.21420900
6.26525000
45.54904100
6.17641700
32.19745800
6.25745900
47.17975000
9.09391600
35.93516700
9.99029200
29.32329100
15.14025000
42.40341700
6.24750000
32.08379200
8.74416600
44.24950000
9.32566700
45.13433300
9.79683400
46.44879100
6.91250000
48.00104200
9.73916700
51.17745800
6.32829200
32.21170800
10.22387500
40.31800000
8.82650000
35.67345800
6.22779200
32.05462500
9.36654200
29.28529100
5.72795900
37.72183300
8.06570800
26.57229200
11.55420800
35.40879200
6.93525000
33.79520800
6.35729200
32.29191700
12.85000000
27.33558300
7.89241700
44.87641600
8.97229200
39.17220800
20.31216700
43.89895800
12.11408400
39.50612500
11.64504100
38.39575000
10.61362500
36.92770900
9.12808300
35.11733300
17.64162500
44.26004200
9.81237500
47.31437500
7.06800000
35.01729200
15.78687500
60.87912500
7.01900000
39.27525000
6.46025000
65.23670800
11.23075000
35.67891700
6.63383300
58.49154200
6.99675000
34.46041600
18.35612500
66.31345900
11.53766600
61.86650000
11.97966700
56.50816700
16.93254100
48.16170900
7.45604100
43.27208400
7.09783300
35.70987500
16.32900000
45.73583300
10.10020900
39.76245800
13.28183300
69.17150000
8.54866700
52.61558300
7.62954200
35.00762500
7.72770800
57.16975000
12.16387500
38.07908400
10.92183300
41.67470800
11.81233400
41.29804100
10.51233400
36.28487500
21.93791600
54.36133400
7.20770800
35.99787500
6.51450000
60.14112500
7.05816700
35.86125000
6.09883300
46.58633300
9.01066700
53.50258300
11.28616700
39.03970800
13.07004200
39.30316700
12.66050000
46.52508300
7.23566700
44.95833300
7.02733300
34.99783400
10.52033300
54.96045800
10.44845900
41.81795800
10.15800000
36.66941700
11.99829100
59.05391700
11.51941700
47.69133300
11.08433300
33.41458400
20.49604100
45.75645900
7.03708300
36.58737500
6.41200000
35.42008300
11.07637500
37.64483400
11.94304100
40.42070900
13.55166600
34.76445900
13.16633300
42.27925000
12.39941700
40.62350000
12.47208300
35.17633300
6.31504200
55.71870800
6.18087500
48.12762500
11.75825000
51.18545900
6.96325000
38.26458300
22.42433300
49.11875000
7.23750000
40.53600000
6.37354200
50.08254200
12.78191600
55.45220900
13.27825000
46.78358300
7.08050000
40.08600000
6.24758300
44.14416700
17.67341700
52.93300000
7.40495800
42.02875000
7.31316700
59.65554100
7.14495900
42.55770800
6.98250000
44.42745800
6.84979200
36.04845800
6.21329200
40.01516700
9.43679100
32.97120900
6.11316600
42.40233400
6.10700000
41.60320800
6.18850000
36.20995800
14.76783400
37.58541600
9.80179200
48.34200000
6.21037500
34.41800000
9.88166700
46.01462500
11.45487500
35.23570800
17.06312500
38.24829200
12.15133300
37.00795800
20.49404200
47.04479200
7.36033300
36.70112500
18.09916700
54.22341600
7.18533400
37.88125000
24.31162500
39.29183300
8.64212500
55.11441700
11.13420800
42.75616700
11.49012500
35.80920800
6.43304200
57.60158300
6.91120800
26.70345900
6.06500000
26.34270800
6.16583300
26.07595900
5.57237500
24.13483300
5.63929200
23.93545800
5.61258300
25.51820900
5.47220800
23.61837500
5.14412500
23.26929200
5.36033300
22.83212500
5.16879200
22.61866600
5.41441700
24.58933300
5.43695900
24.05708300
5.60533300
25.45791700
6.42054200
24.82395800
5.30795800
22.37612500
5.20300000
22.61083400
5.10058300
22.91225000
5.20429200
21.86783300
5.08137500
22.19679200
5.13720800
21.87179200
5.18129100
23.01904200
5.17287500
22.09583300
6.69225000
20.70275000
12.78983400
20.55575000
12.80970800
20.36487500
13.01645800
20.19154200
13.04637500
19.08595800
14.27004200
18.36904200
15.17833300
17.97462500
15.21129200
17.52958300
15.97308300
17.34050000
16.03175000
16.97870900
16.41200000
16.81416600
16.38687500
17.05054200
16.44741700
17.34350000
16.02587500
16.67562500
16.56912500
16.76345800
16.71158300
17.38987500
15.99445900
17.34179100
16.01250000
16.71641700
16.53354200
17.14737500
16.33487500
17.09887500
16.25862500
17.62750000
15.62483300
17.42629200
16.06395800
17.14533300
16.22004200
17.20158300
16.16220900
16.90350000
16.34258300
17.09858300
16.37454200
17.06508300
16.31637500
16.96570900
16.41087500
17.12358300
16.11191700
16.82733300
16.63808300
16.85016700
16.41787500
16.82037500
16.62675000
16.60270800
16.74541700
29.19466700
4.51395800
18.94604200
14.01712500
20.63320800
20.62658300
49.08695900
9.08004100
28.76241700
5.14529200
31.96079100
5.23650000
41.31020900
7.48983300
31.20762500
10.23895800
38.27000000
8.40645900
27.76175000
16.08687500
40.87404100
6.07350000
32.88329200
5.68950000
51.44595800
7.03804200
40.07125000
11.45504200
36.18595800
18.19358300
57.01200000
7.19145900
34.51308300
13.80266700
65.14475000
7.62695800
38.47750000
7.33766700
49.94054100
14.23266700
41.08062500
16.26895800
33.33512500
17.02054200
44.25741700
12.18941600
40.52266700
10.54779200
41.44854100
8.42125000
44.08304200
6.95029200
32.71358300
6.26712500
63.59766700
10.74020800
60.38141700
11.51083300
38.33487500
21.72116700
57.57625000
13.47525000
97.59091600
89.39141700
114.30587500
14.57241700
39.85754100
7.28895900
37.45550000
15.96841600
45.12479200
7.29100000
37.37291700
16.49395800
34.59900000
17.16629200
39.70029100
11.63158400
37.54179100
6.27562500
41.19912500
11.62866700
39.98216700
6.24666600
52.52737500
11.93658400
35.52166600
41.09895900
6.66683300
41.61158300
18.36279200
12.57945800
43.74083400
35.34954100
6.31033400
39.04862500
6.41300000
50.37025000
10.81725000
40.72987500
10.45795800
38.36895800
9.89700000
39.23262500
10.31212500
38.33450000
10.62062500
35.95741700
13.40479200
31.05325000
6.18429100
59.36425000
13.42762500
36.13679200
17.19229200
30.47733300
16.98137500
34.58883300
16.49554200
33.18879200
16.60695800
34.78237500
19.56716700
37.56450000
14.65175000
35.04683300
6.41770800
34.26254200
16.42283300
29.72825000
6.46579200
50.31395800
8.33879200
55.05487500
13.11454200
36.41937500
19.07100000
44.46987500
8.64000000
27.93845800
15.06470800
46.03620900
7.59541600
33.64604200
22.50958300
43.82612500
16.53175000
43.13341700
13.54758300
32.00458400
6.05354100
32.71600000
7.66866700
35.25883300
6.11512500
39.31845900
15.98545800
35.56891700
16.22445800
34.06266700
15.44645800
33.74308300
13.52408400
45.91508300
9.71304200
33.79658300
6.88341700
33.34270800
7.41258300
43.45737500
10.96758400
42.68062500
11.17891600
38.26541700
9.86891700
28.83158300
13.60037500
32.67487500
10.67829200
33.81475000
6.09870800
41.84425000
6.15770800
32.25225000
6.11695900
32.98454100
6.07350000
33.55895900
7.31475000
27.69450000
5.78108300
36.27587500
6.08304200
23.84704100
15.48695900
27.82745800
5.71620800
35.71312500
6.03762500
38.90575000
6.31683400
25.04566600
6.19591700
40.16141700
6.11175000
33.24200000
12.57925000
37.70841600
6.56700000
25.96058400
6.39779100
48.95470900
6.54895800
25.78550000
14.88025000
28.41533300
6.09108400
39.59854100
6.14320900
23.63058300
12.70970800
38.40475000
12.23933400
28.13325000
6.05529100
41.41562500
6.15675000
29.38400000
6.21204200
46.66520800
6.24812500
26.09812500
6.30345900
45.22612500
6.45987500
27.40241600
12.96879200
37.41808300
6.52870900
26.89995800
13.49941700
35.83566600
6.50408400
26.57087500
13.16141600
44.60658400
6.56083300
34.17387500
6.30545800
55.56375000
6.67954200
35.51483300
6.36395900
26.51320800
17.84366700
34.34791600
6.57108400
42.37608300
7.02595800
29.83366700
6.26583300
27.48283400
6.13166600
27.41158400
6.18312500
25.83545800
5.55641700
25.05258300
5.59170800
24.88133400
5.65441600
25.54837500
5.26750000
22.51916700
5.18800000
22.68416700
5.19770800
23.40650000
5.12795800
22.84737500
5.13450000
23.18475000
5.28525000
22.73179200
4.95658300
21.63995900
4.83091600
20.84583400
4.88183300
21.34383300
4.89470900
21.37791600
4.85429200
21.19533300
4.89745900
21.50058300
4.78820800
21.54120900
7.48987500
20.71633300
12.75870800
21.22591700
12.16004200
21.28933300
12.08866700
21.12750000
12.21845800
20.12895800
13.11929200
19.45245800
14.08587500
19.42675000
13.91962500
19.37900000
13.94987500
22.54925000
10.70541700
23.62441700
9.74220800
40.14870800
7.17058400
27.40029100
5.69645900
24.54858300
5.55258300
24.40270900
5.60912500
23.68575000
5.17025000
25.04762500
5.76570800
23.79754200
9.56925000
22.76925000
10.70183300
22.12766700
11.21929100
20.72250000
12.68345900
20.47437500
12.90879100
19.87045900
13.53625000
20.23791600
13.10966700
20.19008300
13.18554200
20.21025000
13.15800000
20.02312500
13.33012500
19.95479200
13.25337500
19.88770800
13.62583300
18.23720900
16.65004100
16.48275000
16.22229200
16.34583300
16.10200000
16.59604200
16.68441700
17.17629100
16.94650000
17.23195900
17.01062500
17.45075000
17.59983300
17.90254200
17.69891600
17.24941700
17.27087500
17.42762500
17.08716700
17.14641600
17.22129200
17.07104200
17.43087500
17.25537500
16.91550000
17.86791600
18.08237500
19.87816700
18.53529200
18.88750000
17.80108300
18.10104200
17.77541600
17.58216700
17.64125000
17.78337500
17.42608300
17.62216700
17.72820800
17.96975000
18.82270900
19.26041600
18.87629200
18.23929200
19.12508300
18.48529200
18.50241600
18.60258400
18.71079100
18.49829200
18.67883300
19.71770900
19.20350000
19.21245800
18.32645800
18.36554200
18.80383300
18.71545900
18.63450000
18.70087500
19.78495800
18.23645800
19.40733400
18.41066600
18.25370900
18.94616600
19.25662500
18.64387500
18.73795900
18.49837500
19.24279100
19.01195900
17.99250000
18.92250000
17.45179100
17.43016700
19.22500000
19.71762500
19.98195800
18.98812500
18.89041700
19.11475000
18.85904200
20.06008300
36.64487500
22.02637500
27.08912500
23.63800000
21.13058300
20.40570900
20.62900000
20.58145800
20.19683300
20.64191700
20.41604200
20.45216600
19.40808400
19.15483300
19.25804200
18.99275000
19.51858300
19.24141700
19.43345800
19.47270800
19.40029200
19.29966700
19.46625000
19.11020800
17.92691700
17.67566600
18.84162500
17.84175000
18.52429200
18.15900000
17.97700000
18.73495800
19.07512500
18.94825000
18.81633400
18.71337500
18.82216600
17.36770900
17.45462500
17.42658300
17.53250000
17.49570800
17.55820900
17.51841600
17.60354200
17.01737500
16.92783300
16.82754200
16.97454200
16.77737500
16.92650000
16.84975000
16.91195800
16.82241700
17.00425000
16.66466600
16.71770900
16.63645800
16.76329200
16.62566600
16.55100000
16.51891700
16.50420800
16.66437500
17.36979200
17.33179200
17.40516600
17.23641700
17.20687500
17.46379200
17.21629100
17.40554200
17.48470800
17.28616700
17.71654200
17.47100000
17.32512500
17.37625000
17.79475000
17.09537500
17.43491600
17.49654200
17.34041700
17.77966600
17.44087500
17.11820900
17.39612500
17.13195800
17.23625000
17.44983300
17.21345900
17.20045800
17.22412500
17.31991700
17.30233300
17.57566700
17.44720800
17.37700000
17.35458300
17.36095900
17.17079100
17.33854200
17.13529200
17.78745800
17.39120800
17.48345900
17.31629100
17.72725000
17.51220900
17.72245800
17.52958300
17.47604200
17.57504200
17.61320800
17.57404200
17.56912500
17.57554100
17.51408400
17.59020800
17.53212500
17.49779200
17.54737500
17.81687500
17.68387500
17.73566600
17.67450000
17.66483400
17.66758300
17.61350000
17.60887500
17.71558300
17.02570900
17.15704100
17.15454200
17.12079200
17.03787500
17.17470800
17.27091700
17.07908300
17.16483300
17.09129200
17.17412500
17.26166700
16.88495800
17.12575000
17.04620800
17.16112500
16.92787500
17.12729200
16.84591700
17.02120800
17.02833300
17.09858400
17.10533300
17.11829200
16.89091600
16.90341700
17.23941700
17.38183300
17.54175000
17.16687500
17.28254200
17.16500000
17.48883300
17.60700000
17.51645800
17.71308400
17.49520800
17.44266700
17.47195800
17.44008300
17.34283400
17.42054100
17.20533400
17.43383300
17.30995800
17.40100000
17.26529200
17.46458300
17.61895900
17.67666600
17.47895900
17.44875000
17.61050000
17.49458300
17.45333300
17.52808400
17.40100000
17.38412500
17.72762500
17.51975000
17.45500000
17.47300000
17.56187500
17.29041600
17.50558400
17.54533300
17.47175000
17.96437500
17.46304200
17.63845800
17.56341700
17.49987500
17.37012500
17.50933300
17.39487500
17.42604200
17.18716600
17.45112500
17.55766700
16.84283300
16.47379200
16.58758300
16.68254200
16.57200000
16.69941700
16.66283300
16.73491700
16.55945800
16.63100000
16.53941700
16.49900000
16.55950000
16.49975000
16.51029100
16.57125000
16.50516700
16.56370800
16.60929200
16.62291700
16.54595800
16.59550000
16.52408300
16.61904200
16.51166700
16.59258300
16.66766700
16.60041600
16.59641700
16.66125000
16.70208300
16.51562500
16.90583400
17.24216600
17.22300000
17.66600000
17.46020900
17.52662500
17.53337500
17.59504100
17.58133400
17.59383300
17.44320800
17.51470900
17.50316600
17.39933400
17.37779100
17.65675000
17.66520900
17.14429100
17.34841700
17.34625000
17.26629200
17.42900000
17.30750000
17.47791600
17.30620900
17.24875000
17.32654100
17.46783400
17.37016600
17.37162500
17.23512500
17.05958400
17.18379100
17.20812500
17.41995900
17.45858300
17.45166700
17.37075000
17.47129100
17.47120900
17.09516600
17.23270900
17.20683300
17.12104200
17.33879100
17.23391700
17.36358300
17.41329200
17.24679200
17.33170800
17.42062500
17.37612500
17.38725000
17.29470800
17.05883400
17.03683300
17.04808300
16.89250000
16.59737500
16.90300000
16.93866700
17.05612500
17.28533300
17.08945900
17.27187500
17.27054100
16.97775000
18.17383400
4.47958300
18.02241700
4.42545800
18.20116700
4.50316600
17.72862500
4.43000000
17.52533400
4.50837500
19.19795800
4.43720800
18.55079200
4.50987500
18.56841700
4.49612500
19.19695800
4.42187500
19.09033300
12.69412500
18.90570900
14.49829100
19.16075000
14.19037500
18.94391700
14.41937500
19.04591700
14.33779100
19.13162500
14.04675000
18.86183400
14.67054100
18.93858400
14.42729100
19.13170900
14.09633300
19.12608300
14.38470900
19.27854100
14.11870900
19.26795800
14.08758300
18.81204200
14.54404200
19.26045800
14.05616700
20.09375000
13.32533300
20.20025000
13.15045800
18.97375000
14.22720900
18.65912500
14.90262500
19.55350000
13.61800000
19.36700000
14.14241600
19.75170900
13.66570800
19.11862500
14.23279200
19.29929100
14.06425000
18.89475000
14.49066700
19.39325000
13.97087500
19.05062500
14.12475000
19.33150000
14.04650000
19.25087500
14.10458300
19.16533400
14.20170800
19.24091700
14.31779100
19.29837500
14.05891700
19.12070800
14.08987500
19.33383400
14.18425000
19.34766600
14.03095900
19.33587500
13.84075000
19.28004100
14.21395900
20.73391600
12.68462500
20.13395900
13.22104100
20.10075000
13.26450000
20.27841700
13.10616700
19.96600000
13.38362500
20.03337500
13.33087500
19.96854100
13.41350000
19.98050000
13.37333400
20.02070800
13.34600000
19.83987500
13.52529200
20.03879100
13.33329200
20.07516700
13.28795800
19.83600000
13.51766700
19.92220800
13.46900000
19.90387500
13.41908300
20.08162500
13.32900000
20.31420900
12.87987500
20.11158300
13.41416700
18.59487500
14.79987500
18.73920800
14.43320800
18.74241700
14.79608300
18.91916700
14.46745800
18.72116700
14.64162500
18.79016700
14.53983300
18.68783300
14.70887500
18.92450000
14.42795900
19.11212500
14.25204100
18.72225000
14.65000000
18.68829200
14.51904200
18.82075000
14.71183300
18.73637500
14.61558300
18.57350000
14.81100000
18.91216700
14.27579200
18.98879100
14.54225000
19.15433400
14.23662500
18.99720800
14.17950000
18.81675000
14.73358300
18.94012500
14.43004200
18.98066700
14.37179100
24.44533400
8.75820800
19.44091700
14.10158300
19.42941700
13.94150000
19.20037500
14.14916600
19.24437500
14.12695900
19.46529100
13.72395900
19.24087500
14.12579100
19.19129200
14.39750000
19.32350000
13.82100000
19.18162500
14.36716700
19.47795800
13.88358300
19.01266700
14.19091700
19.35966600
14.16937500
18.78183400
14.58545800
19.31375000
14.05550000
19.37475000
13.98241700
19.28558300
13.91679200
19.30791600
14.24170900
19.39495800
13.78420800
25.75795900
7.60770800
19.32000000
14.23575000
19.99416700
13.18333300
19.29516700
14.27591600
19.48741700
13.86662500
19.46541700
13.70937500
19.42862500
14.11237500
19.40608300
13.97775000
18.83091700
14.50487500
18.76633300
14.61587500
19.13741700
14.05312500
19.20245800
14.34291700
19.44058300
13.92845800
19.31491700
14.06091700
19.21083300
14.12320800
19.20679200
14.17858300
19.22720900
14.15441600
19.41166700
13.94291700
19.49529100
13.87812500
19.30975000
13.87095900
18.95479100
14.41212500
19.29445900
14.24916600
19.22212500
14.15408400
19.48000000
13.88170800
19.27658300
14.07675000
19.24429200
13.95541700
19.47333300
14.09016700
20.53595800
12.80029200
19.92725000
13.43441600
20.33945900
12.86433300
19.84570800
13.68770900
20.07554100
13.29325000
19.93575000
13.26208400
19.92758300
13.60541700
19.86754100
13.33275000
19.67550000
13.83958400
19.93395800
13.46770800
19.80750000
13.54658400
19.88762500
13.48795800
19.76237500
13.58650000
19.85258300
13.48062500
20.02070900
13.39825000
19.89225000
13.29375000
20.60183300
12.92641700
19.88637500
13.48762500
19.11400000
14.27041600
18.67437500
14.67670900
19.38054100
13.99495900
19.30945800
14.06679200
19.16354100
14.18612500
19.20412500
13.98983400
19.11787500
14.43345800
19.22070800
14.13620900
19.01929100
14.29320900
18.74241600
14.50458400
18.79991600
14.75383400
19.03154100
14.32154200
20.55612500
12.82337500
21.30379200
12.04158300
19.93204200
13.40158300
65.80987500
5.67529200
26.11562500
4.74916600
19.58279200
4.49091700
18.67866600
4.37391700
18.71112500
4.31312500
20.26016700
19.08362500
4.91554100
19.35291700
14.00579200
19.53845800
13.86829200
19.19229100
14.31533400
18.76258300
14.57062500
18.72525000
14.50158300
19.04966700
14.47479200
19.25341600
13.94625000
19.00329200
14.36895800
19.47145900
14.04400000
19.10354100
14.27975000
18.81137500
14.38425000
19.21383400
14.15566600
18.83325000
14.70045900
18.71058300
14.63787500
18.88683300
14.50662500
18.99954200
14.36291700
18.84520800
14.35245800
19.22791700
14.32537500
18.82100000
14.50154200
18.97229100
14.36308400
19.23020800
14.12145800
19.26083400
14.00429100
19.56816700
13.79845800
19.61670900
13.91266600
20.17329200
13.03083300
19.66170900
13.83741600
20.74037500
12.65320900
19.64458300
13.56270800
18.67250000
14.78525000
18.98733400
14.44295800
19.63229200
13.75520800
18.98975000
14.23095800
18.54341700
14.93916700
18.07070800
15.15137500
18.38825000
15.13754200
18.25608300
15.12183300
18.33929200
15.03858300
18.15941700
15.18979200
17.80420800
15.56037500
18.11204200
15.09154100
17.85604200
15.65033300
17.70358400
15.67254100
17.62462500
15.70620900
18.67870800
14.69333300
18.70916700
14.67170800
18.48487500
14.88595900
18.76158300
14.60720800
19.48612500
13.86675000
19.45770900
13.94200000
19.26895800
14.09179200
19.05800000
14.29983300
18.88508300
14.48016700
19.26845800
14.11945900
19.23600000
14.08895800
19.65820800
13.75091700
19.55325000
13.78537500
19.88491700
13.50875000
19.46079100
13.86666700
20.32458300
13.07375000
20.35629200
12.88454200
20.19033300
13.31537500
18.78387500
14.59012500
18.64883300
14.54150000
18.64154200
14.72833300
18.44575000
15.08058400
18.43775000
14.93062500
19.08279100
14.29091700
18.60495800
14.77150000
18.73095900
14.62625000
18.64875000
14.71316600
18.94808400
14.43587500
18.73650000
14.61533300
19.06945800
14.30145900
19.10450000
14.27675000
19.19329100
13.99312500
19.17520900
14.35016600
19.10137500
14.27712500
18.85520900
14.50416600
18.73608400
14.46033300
19.19658300
14.21887500
18.94508400
14.55891600
18.66450000
14.51487500
18.80854200
14.73991700
18.92212500
14.43629100
18.78554200
14.57270800
18.81858400
14.54025000
18.48895800
14.89991700
18.88254100
14.46258400
18.66125000
14.71358300
18.73750000
14.63287500
18.88016700
14.49129100
18.57595900
14.77295800
18.39225000
14.81737500
18.75691700
14.77904100
18.51133400
14.84575000
18.40900000
14.97979100
18.73270900
14.62195800
18.52462500
14.83745800
18.30591700
15.06800000
18.15458300
15.14954200
18.41033300
15.01058400
18.15008300
15.23104200
18.33100000
14.86316600
18.46237500
15.06666700
18.54720800
14.83237500
18.36625000
14.81912500
18.51479200
15.01808300
18.55479200
14.81495800
18.52412500
14.85720900
18.46775000
14.88366600
18.43241700
14.93295800
18.32912500
15.04562500
18.63333400
14.71895800
18.67083300
14.54925000
18.50195900
14.85166600
18.18766700
15.34004200
18.34445800
15.02229200
18.53062500
14.67333300
18.48079200
15.04883300
18.45625000
14.74758300
18.31266700
15.06212500
18.33537500
15.18775000
18.35100000
15.00037500
18.13608300
15.24845900
18.26062500
15.10033300
17.90358300
15.39437500
18.30666700
15.14858300
19.54733400
13.79666600
18.90687500
14.42412500
18.92204200
14.48433300
19.21991700
14.12325000
18.95604200
14.38466600
19.18079200
14.21075000
18.87158300
14.49650000
18.79358400
14.56425000
18.78225000
14.58691600
18.91312500
14.46808400
19.12020800
14.22200000
19.11870800
14.26737500
19.01158400
14.35375000
19.18225000
14.19404100
18.97358400
14.36633300
19.38412500
14.02525000
19.89920800
13.42683400
19.68437500
13.71533300
19.33470800
14.04041700
18.68841700
14.67829100
18.72070900
14.47820800
17.89029200
15.63620800
18.34075000
15.02583300
18.63225000
14.72925000
18.88804200
14.50612500
18.58912500
14.59787500
19.45158300
14.08329200
19.15604200
14.22087500
19.20041600
13.98533400
19.10716600
14.43137500
19.14920900
14.04662500
19.13058300
14.24395800
19.02329200
14.50300000
19.11720800
14.11037500
19.11650000
14.40066700
18.91041700
14.43433300
18.54862500
14.67012500
18.61029200
14.92308300
18.53812500
14.82595800
18.23516700
14.96016700
18.38758300
15.14683300
18.46091700
14.73562500
18.09425000
15.43520800
18.21566700
15.16562500
18.26862500
15.08675000
18.30175000
15.06791700
18.38141600
14.99179200
18.71795800
14.63212500
18.66708400
14.67983300
18.24808300
15.16079200
18.78437500
14.45770800
18.80625000
14.50329200
18.60850000
14.92720800
18.77637500
14.60304200
18.51512500
14.69250000
18.67137500
14.84570800
18.81387500
14.55516700
18.78829200
14.57183300
18.90316700
14.47900000
18.70054100
14.65820900
18.45875000
14.89070800
18.75616700
14.45058300
18.59020800
14.95504200
18.81387500
14.37537500
18.44604200
14.91962500
18.84179100
14.54862500
18.98437500
14.52758400
18.62820800
14.74337500
18.37204200
14.99929100
18.62554200
14.72358300
18.55633400
14.82108300
18.43200000
14.76275000
18.72887500
14.80362500
18.52808300
14.83508400
18.47883300
14.91004200
19.21604100
14.13766700
19.00295800
14.19208400
18.96516600
14.40141700
18.40737500
15.11900000
18.22591700
15.01712500
18.63820800
14.87691700
18.51750000
14.84729100
18.49087500
14.85883400
18.52829100
14.85108400
18.64050000
14.63450000
19.22450000
14.19433300
19.88025000
13.42250000
19.86629200
13.58529100
20.21741700
12.98945800
19.96795900
13.55383300
19.63237500
13.71758300
19.91641700
13.47854200
19.62016600
13.71450000
19.50550000
13.90125000
19.69695900
13.60866600
19.30820900
14.10700000
19.39079100
13.94695900
19.65466600
13.74075000
19.79654200
13.57087500
20.01412500
13.21000000
19.91704200
13.42925000
20.09579100
13.42825000
20.28854200
13.09137500
19.83062500
13.51604200
18.65225000
14.72837500
18.76854100
14.43362500
18.85520900
14.70037500
19.35350000
13.83041600
19.34387500
14.01670900
19.47041600
13.90458400
19.69216600
13.66600000
19.56125000
13.96908400
19.31158300
13.93300000
19.64487500
13.85287500
19.34987500
14.02695800
19.48995900
13.69379100
19.39250000
13.97437500
19.52004200
13.84662500
19.50441700
14.05008300
19.85516700
13.50100000
19.65450000
13.72220800
19.48050000
13.69866700
19.11845800
14.35750000
18.40895800
15.02862500
18.12254200
15.06391700
18.47641600
14.93212500
18.79970900
14.69587500
18.81041600
14.38545900
18.73575000
14.79925000
18.62916600
14.74383400
18.78133300
14.60120800
18.60154200
14.57458300
18.72229200
14.81887500
18.75875000
14.61887500
18.89987500
14.28129200
18.70437500
14.83008300
18.59983300
14.79166700
18.43079200
14.92712500
18.52862500
14.83395800
18.69908300
14.65612500
18.92908400
14.46083300
18.74666700
14.60845800
18.89350000
14.48445800
18.82416700
14.36083300
18.90904200
14.62187500
18.65545800
14.70545900
18.71729100
14.66137500
19.03058400
14.33291600
18.87020900
14.48387500
18.88075000
14.51358300
19.04754200
14.29158300
18.93700000
14.43441700
18.56604100
14.78833400
18.88516600
14.49183400
18.73400000
14.64350000
18.67733300
14.68841700
18.90491600
14.45770900
18.72883300
14.63966700
18.37650000
14.99254100
18.72133400
14.65733300
18.56783300
14.78087500
18.36541700
15.01350000
18.21787500
14.97312500
18.21608300
15.32512500
18.45612500
14.91358400
18.48708300
14.88350000
18.41929200
14.92937500
18.47154100
14.90066700
18.64804200
14.72641600
18.91179200
14.27000000
19.77250000
13.75854200
19.72154100
13.60345900
19.82325000
13.58691600
19.33608400
13.99295800
19.81900000
13.59945800
19.39712500
13.93754200
19.70116700
13.64308300
19.69175000
13.72012500
19.70700000
13.62379200
19.85316600
13.54537500
19.59941700
13.74350000
19.92487500
13.46454200
19.87041600
13.49829200
20.18525000
13.01320800
20.22154200
13.31866700
20.32512500
12.86808300
20.09979200
13.26679100
20.15925000
13.37600000
20.26508400
13.09983300
20.20691700
13.17008300
19.04075000
14.33900000
18.95979200
14.39708300
18.96441700
14.22437500
19.13795800
14.34354200
19.06845800
14.34650000
18.88441700
14.49287500
18.85541600
14.53412500
19.13666700
14.20062500
19.24495800
14.10483400
18.89395800
14.49687500
18.81316700
14.41104100
18.54579200
14.95816700
22.42229100
10.92279200
20.88825000
12.48350000
21.71929200
11.49220800
20.42620800
13.10104200
20.81012500
12.40679200
20.23429100
13.28095900
19.69395800
13.51654200
20.23258300
13.15220800
21.90779200
11.49345800
20.75312500
12.73179200
19.89008300
13.48754200
20.28004200
13.06695800
19.56450000
13.81408300
19.60341700
13.74829200
21.97133300
11.38437500
19.67220800
13.71891700
19.16120800
14.21729200
19.73687500
13.61920800
19.46025000
13.89933400
17.95633300
15.42504200
17.78775000
15.56029100
17.54133400
15.80825000
17.44625000
15.92545800
17.75958300
15.61662500
17.68629200
15.68454200
17.95275000
15.43366600
18.07954200
15.09925000
18.11683300
15.25320900
18.16950000
15.37362500
18.36687500
14.99904100
18.32266700
14.86712500
18.35200000
15.20020800
18.59125000
14.76695900
18.42558300
14.76175000
18.30016700
15.25304100
17.81145900
15.54716600
18.02120900
15.26466600
18.06583400
15.39625000
18.10675000
15.06695800
18.20566700
15.16929100
18.35862500
15.19000000
18.49629200
14.87329200
18.12183300
15.22554200
18.24695800
15.13633300
18.02862500
15.34195900
18.30466600
14.90775000
18.14725000
15.36191700
18.43116700
14.93833300
18.26091700
15.09262500
18.27262500
14.92158300
18.28058300
15.08687500
18.45162500
15.08487500
18.40050000
14.97537500
18.20550000
15.08520900
18.65745800
14.72445800
18.21958400
15.15520800
19.52737500
13.84354200
19.70245800
13.69445800
19.22191700
14.11333300
19.24812500
14.16912500
19.20445900
14.11291600
19.21933400
14.18216600
19.02879200
14.32250000
19.46437500
13.89429200
19.90020800
13.46775000
19.73041700
13.67175000
19.77295800
13.57741700
19.80491600
13.52591700
19.70941700
13.69858300
20.00833300
13.34500000
19.94629200
13.35370800
20.59008400
12.85895800
20.51429200
12.68083300
20.48954200
12.90154100
19.42604200
14.08879200
19.49612500
13.89187500
19.35616600
13.99391700
19.46245800
13.72800000
19.45300000
14.10337500
19.63025000
13.72504200
19.39916700
13.96862500
19.36216600
14.01870900
19.53641600
13.63570900
19.45100000
14.09141600
19.45787500
13.92358400
19.08279100
14.27266700
19.28137500
14.07754200
19.13195800
14.24779200
19.59633300
13.58541700
19.00741600
14.53508400
18.92129100
14.45454200
18.62675000
14.74829200
18.26345800
15.08616700
18.25604100
15.12308400
18.17262500
15.18550000
18.23000000
15.13500000
17.96312500
15.41133300
17.86650000
15.50237500
17.96800000
15.38608300
18.06420900
15.12691600
17.96883400
15.58037500
17.96637500
15.42050000
17.90841600
15.43229200
17.85466700
15.52254100
18.00879200
15.17004200
18.15291600
15.38008400
18.08858300
15.11179200
18.26791600
15.26166700
18.06212500
15.31745800
18.10054200
15.09595800
18.27495900
15.26366600
18.09962500
15.25891700
18.02608300
15.34758400
18.53295800
14.82662500
18.18583300
15.18179200
18.17566700
15.20645800
18.41508300
14.94520900
18.01825000
15.34479100
18.42637500
14.94845900
18.71475000
14.61262500
18.61116600
14.78362500
18.48616700
14.70775000
18.50695800
14.90120900
17.96166600
15.53400000
18.12862500
15.24741700
17.91616700
15.46087500
18.06770800
15.29170800
18.17533400
15.19220800
19.14270800
14.18695900
18.22358300
15.17008300
18.51116700
14.86604200
18.56016600
14.64020900
18.66479100
14.86104200
18.59616700
14.75712500
18.64945800
14.74312500
17.86254200
15.48100000
18.12883300
15.07220800
18.52237500
14.84308400
18.13945800
15.40816700
17.94479100
15.43679200
18.87962500
14.29175000
18.44491700
15.05879100
19.72637500
13.66929200
19.19695800
14.15625000
19.61987500
13.77454200
19.28300000
14.04716700
19.58141600
13.78262500
19.37037500
14.01308400
19.52083300
13.81262500
19.38591700
14.02095800
19.43645800
13.90683400
19.70812500
13.67475000
19.39537500
13.94150000
19.59979100
13.81637500
19.59120900
13.72595800
19.46637500
13.93991700
19.32070800
14.01762500
20.24783300
12.98004200
23.62825000
9.74337500
18.98866700
14.55625000
18.18062500
15.19533300
18.06008300
15.25941700
18.75629200
14.65612500
18.44400000
14.90983300
18.44970800
14.73762500
18.61487500
14.94379200
18.92658300
14.25008400
18.90079100
14.64533400
18.87729100
14.47837500
18.73945900
14.45733300
18.89916700
18.70787500
12.62850000
18.73337500
14.62395800
18.67462500
14.69379200
18.72479100
14.64125000
18.53550000
14.81491700
18.64250000
14.74516700
18.73775000
14.63270800
18.67779200
14.66025000
18.51483300
14.69512500
18.13375000
15.37975000
19.21737500
14.17100000
18.27395800
14.92479200
18.12829200
15.41370800
18.23370800
15.12079200
18.48662500
14.87012500
19.40175000
13.99291700
19.08325000
14.26870800
17.97412500
15.22437500
18.02200000
15.52141700
17.86345800
15.48566700
17.79179100
15.57758400
17.58037500
15.78245800
17.67287500
15.68370800
17.62220900
15.59629100
17.67512500
15.84600000
17.89212500
15.43179200
17.59233300
15.66595900
17.74850000
15.77550000
17.89670800
15.48566700
17.99545800
15.36800000
17.64262500
15.71800000
17.56358300
15.79500000
17.47100000
15.73687500
17.69654200
15.82104200
17.15304100
16.22558400
17.86312500
15.48050000
17.69012500
15.56000000
17.46608300
15.87954200
17.19116600
16.28400000
16.96725000
16.44462500
17.24720900
16.14162500
17.29120800
16.01675000
17.24491700
16.12691600
17.09983400
16.14316600
17.37825000
16.09750000
17.18370900
16.19429100
16.97837500
16.38770900
16.73458300
16.59266700
16.86595800
16.52120800
16.62966700
16.74870800
16.64183400
16.71570800
16.62287500
16.72379200
16.80041600
16.58875000
16.60158400
16.78366600
17.08595900
16.26316600
18.40845900
14.98975000
18.54608300
14.81950000
18.59558300
14.75745900
18.94270800
14.43887500
19.37087500
14.03287500
19.13670800
14.18054200
19.16175000
14.24125000
18.97800000
14.36954200
18.29516600
15.05183400
18.94625000
14.43329100
18.91741700
14.45083300
18.82145900
14.54125000
18.69358300
14.66312500
18.59258300
14.80687500
18.50645900
14.82612500
18.58129100
14.66629200
18.89695800
14.57062500
19.88595900
13.37450000
16.93300000
16.53600000
16.58187500
16.79962500
16.57550000
16.77091600
16.58645900
16.84779100
16.51879200
16.79391700
16.57287500
16.68325000
16.68333300
16.77570800
17.10095900
16.28591600
17.72104200
15.69683300
18.33275000
14.87562500
18.78808400
14.57329100
18.78050000
14.76341700
18.56645800
14.79412500
18.84604200
14.35025000
18.62537500
14.86745800
18.67500000
14.56512500
18.49708400
15.01904100
18.33166700
15.05933300
18.51745900
14.84858300
18.49387500
14.87012500
18.54983300
14.82504200
18.66679200
14.68433300
18.30337500
15.06404200
18.40725000
14.99079100
19.68008400
13.63450000
19.24841600
14.13700000
18.08662500
15.12445900
18.71900000
14.73437500
18.92929100
14.50433400
18.70154100
14.67033400
19.76020800
13.62187500
19.02166700
14.33004100
18.69179200
14.67512500
18.55095800
14.64916700
18.53120800
15.01225000
18.57108400
14.80483300
18.46391700
14.90191600
18.61229200
14.57162500
18.25158300
15.11591700
18.69412500
14.67958300
18.50895900
15.00716600
18.42687500
14.79862500
18.50658400
15.02633300
18.42204200
14.92950000
18.45895800
14.89754200
18.40800000
14.97870800
18.44737500
14.90037500
17.13600000
16.18158300
16.80879200
16.56604200
17.31720800
16.06154200
17.23020800
16.17362500
17.09483300
16.23425000
17.43620900
15.91950000
17.46100000
15.92991600
17.69562500
15.69562500
17.53750000
15.80412500
18.78458400
14.59054100
18.15016700
15.06383300
18.17783400
15.37379100
17.77804200
15.40358300
18.23787500
15.31433400
18.32970800
15.03508300
18.61520900
14.71883300
18.88875000
14.46525000
19.11358300
14.25400000
18.73920900
14.61183300
19.84108300
13.54025000
18.49604200
14.87070800
19.23500000
14.13437500
19.79975000
13.55341700
20.25441700
13.16029100
19.70120900
13.62416600
20.08162500
13.31312500
19.72066700
13.62366700
19.97250000
13.25400000
19.41391600
13.95279200
19.28650000
14.21695800
20.22337500
13.14445900
19.47770800
13.87491700
19.89537500
13.35491600
19.59383400
13.87608300
18.66308300
14.59287500
18.47400000
14.89258400
19.18891600
14.17787500
18.90841700
14.63491700
18.88037500
14.49691600
18.42379200
14.75541700
18.28254100
15.25675000
18.83325000
14.36087500
19.39258400
14.15104100
18.96429200
14.39991700
19.16104100
14.21325000
18.97250000
14.39908400
19.01500000
14.33391600
19.10362500
14.09370900
19.09904100
14.45200000
18.99537500
14.34366700
19.13804200
14.24620800
18.69937500
14.67125000
19.34637500
14.01583300
19.19154200
14.17395800
19.08591700
14.28645800
18.85045900
14.51225000
19.71966600
13.64512500
19.11908400
14.26050000
19.14145800
14.21316700
18.98412500
14.38262500
19.10695800
14.27162500
19.20225000
13.97900000
19.36629200
14.16404100
19.15579200
14.04729200
19.25512500
14.29541600
18.86666700
14.46070800
18.96608400
14.43483300
19.35533300
14.02133400
19.21875000
14.12504100
19.27879200
13.92191700
19.18204100
14.36791700
18.16687500
15.14970800
18.00958400
15.39462500
18.12454100
15.25529200
18.13820800
15.05141700
17.83845800
15.67216700
18.12941700
15.25537500
18.28966600
15.05054200
18.13445800
15.24383400
17.99754100
15.39950000
18.14575000
15.20612500
17.96112500
15.40929200
18.42329200
14.95158300
18.55816700
14.77795800
18.48320800
14.89954200
18.29012500
15.09562500
18.57675000
14.74945800
18.58820900
14.80458300
18.59300000
14.78320800
18.84845900
14.50091600
18.56625000
14.63620900
18.61900000
14.92879100
18.33712500
15.03308400
18.45029100
14.89666700
18.11775000
15.27125000
19.01050000
14.33625000
18.78025000
14.41900000
19.55191700
13.81512500
19.53370800
13.83245800
20.47725000
13.05316700
20.10420800
13.26212500
20.01366700
13.37366700
20.15375000
13.19258300
19.84783300
13.51833400
19.73983300
13.60895800
20.02600000
13.35916700
19.69075000
13.63962500
19.92079200
13.49345800
20.03708300
13.31804200
20.05204200
13.31237500
20.03408300
13.34779200
20.26808300
13.08458300
20.11879200
13.25162500
20.03400000
13.31550000
20.68466700
12.69412500
19.97533300
13.40266700
19.90579100
13.31075000
18.90358400
14.63033300
17.41729200
15.93466600
17.30995900
15.88729100
17.35687500
16.14658400
17.19741600
16.15550000
17.16441700
16.20254200
17.51845800
15.88091700
17.31691600
16.02483400
17.27650000
16.08891600
17.35508400
16.02816600
17.43150000
15.92458400
17.29025000
16.11300000
18.41591600
14.95508400
17.44108300
15.86387500
17.48329200
15.93516600
17.29512500
16.09612500
17.41537500
15.89708400
17.23650000
16.12066600
17.19895900
16.17620800
17.47408300
15.87800000
17.36441700
15.87512500
18.02675000
15.51083300
17.63512500
15.56054200
18.89783300
14.62933400
18.81379100
14.57962500
18.98945900
14.38104100
18.94587500
14.22970900
19.20450000
14.35183300
19.60045800
13.57670900
19.46454100
14.07762500
19.22837500
13.96270900
19.38745800
14.17391700
19.58720800
13.74179200
19.92266600
13.44779200
19.70145800
13.69554200
19.35241700
13.99420800
19.28566700
14.09187500
19.19929100
13.98529200
18.84883300
14.68195900
18.91625000
14.46962500
19.02566600
14.34179200
19.12179200
14.23766600
19.23154200
14.13762500
19.34600000
14.02504200
19.22841600
14.13295900
19.20612500
14.15733300
19.19695800
14.17508400
20.02508300
13.32695800
19.28020900
14.11295800
19.29370800
14.03833400
19.07025000
14.13854100
18.93854200
14.60512500
19.06045800
14.32062500
19.12316700
14.24337500
19.10400000
14.25312500
19.19766700
14.17150000
19.28433300
14.08737500
19.37725000
13.80129200
18.79066600
14.59525000
19.57633400
13.95633300
19.19991700
14.13154100
20.20845900
13.14945800
19.77787500
13.62716700
20.21500000
13.13875000
16.70458300
16.55654200
16.98800000
16.35487500
17.12075000
16.27466600
17.18812500
16.15683400
17.04070800
16.35733300
17.14704200
16.18541700
17.20883300
16.18770800
17.22754200
16.13604200
17.34875000
16.03016600
17.25529200
16.09770800
17.28679200
16.09579200
17.25400000
16.09512500
18.06325000
15.37045800
17.36287500
15.87025000
16.68329200
16.73050000
16.63616600
16.77541700
16.59120800
16.68333400
16.68441600
16.80391700
16.56166700
16.85166600
16.51500000
16.80912500
16.55875000
16.69687500
16.66858400
16.78429100
16.58233400
16.82454100
16.55533400
16.79033300
16.56316700
16.78854100
16.57991700
16.78362500
16.58258300
16.68304200
16.68812500
16.77883300
17.80983400
15.63033300
18.67304200
14.70845800
18.92066700
14.43116600
19.11100000
14.09850000
19.58791700
13.95416700
19.38291600
13.96179200
19.68825000
13.67587500
19.73095800
13.64791700
19.96429200
13.40304100
20.05225000
13.31083400
19.55079100
13.82558400
19.73154100
13.63087500
18.43083400
14.91662500
19.15604100
14.23683400
19.50612500
13.86033300
19.54704200
13.80875000
19.56254100
13.81445900
19.87604100
13.49029200
19.64570800
13.53162500
19.25316700
14.30629200
19.42766600
13.93483400
19.47804100
13.87816700
19.32945800
13.91375000
19.09845900
14.39983300
18.69891700
14.64866600
18.50533400
14.69420800
18.11720800
15.44162500
18.03320900
15.14379100
17.55950000
15.81391700
17.54350000
15.99683300
17.42058400
15.93675000
17.17845800
16.13891700
17.09862500
16.31462500
17.21787500
16.09883300
17.20758300
16.04283400
16.88187500
16.59933300
16.85325000
16.50345800
16.57383400
16.80104100
16.57058400
16.79862500
17.32175000
16.06729100
16.82908400
16.50216600
16.68195900
16.69312500
16.64400000
16.73241600
16.56312500
16.68275000
16.67887500
16.68850000
16.67820900
16.85770800
16.52000000
16.67616700
16.68033300
16.68570800
16.68925000
16.68408400
17.23420800
16.18925000
18.24658300
15.18275000
17.94812500
15.43154200
17.95558300
15.39645900
17.90508300
15.46666700
17.97691600
15.39645900
18.08225000
15.27737500
18.30137500
15.06191600
18.54491700
14.84795800
18.73379200
14.60266700
18.72395800
14.66612500
18.82408300
14.53808400
18.93612500
14.41837500
18.97441600
14.37879200
18.86625000
14.52912500
18.74379200
14.60704100
18.71704200
14.63533300
18.74579200
14.50525000
18.54620800
15.00208400
17.29329100
16.03275000
17.29070900
16.12666600
17.16587500
16.15754200
17.05175000
16.28341700
16.85291600
16.51625000
17.01091700
16.23508300
16.96225000
16.40700000
17.02200000
16.50383400
17.08325000
16.26025000
17.19333300
16.18220800
16.97920900
16.35083300
16.72691700
16.65279100
16.74308400
16.49966600
16.68550000
16.85083400
16.85708300
16.50583300
17.14562500
16.05512500
17.10108400
16.37254100
17.26266700
16.14016700
17.25025000
16.10508300
17.15195800
16.19950000
17.09295900
16.28487500
17.09237500
16.14741600
17.17141700
16.30770800
17.04200000
16.33712500
16.67804200
16.68604200
16.60320800
16.74341700
16.64800000
16.74037500
17.06950000
16.31020800
17.23858300
16.08154200
19.55979200
13.87020800
20.62587500
12.74987500
18.58387500
14.77583300
20.28158400
13.06979100
21.29058400
12.17270800
35.65800000
11.65837500
30.61129200
5.34512500
35.96075000
6.27983300
41.85462500
10.81812500
23.13304200
4.88854100
37.29216700
9.83391700
26.71395800
5.45012500
30.32337500
4.92704200
31.33862500
5.11212500
34.91962500
5.10062500
29.06533300
5.11212500
19.74291700
4.91695800
27.55400000
4.72795800
29.23779200
4.68858300
28.21095900
4.53329100
27.16645900
4.50812500
26.10720800
4.67575000
33.67712500
13.97075000
34.69150000
10.29020800
37.61220900
6.47704100
30.23037500
13.73295900
33.47345800
5.47987500
40.60316700
5.32629100
34.08837500
8.84216700
23.08450000
5.35279200
25.41779100
5.33762500
27.36958400
5.12100000
27.76991600
4.90133400
24.55841600
4.95600000
22.29650000
9.26541700
22.15225000
8.18037500
23.08983300
4.88104200
27.06704200
4.87645800
26.82275000
4.84337500
25.10279200
4.95579100
23.64050000
7.83812500
23.68116700
8.40325000
24.53116700
8.41787500
23.87683300
8.48362500
24.72866700
10.13258300
25.45566700
13.83187500
25.72341600
4.98279200
30.03675000
4.90966700
34.93083300
9.08637500
22.80570800
5.00266700
31.45845800
12.93270900
27.55987500
4.81775000
28.48120800
4.94162500
28.43833300
4.85712500
28.77758400
5.55983300
35.77483300
8.12358400
21.78033300
4.82037500
29.02387500
4.73520800
27.51966700
4.72995800
34.57245900
7.97004100
20.84779200
4.65741700
28.59354100
4.72795900
27.49862500
4.82595800
95.18270800
55.51000000
125.01495900
34.64066600
60.47754200
5.74200000
25.93591700
12.11550000
32.83954100
6.18400000
26.44366700
5.33520800
37.25787500
8.02387500
33.72770900
28.64625000
6.74304100
10.93433400
33.85325000
29.55191600
5.41754200
24.53129200
5.47279100
26.77175000
9.22187500
25.34825000
14.52625000
31.58779200
10.41850000
40.12550000
82.59958300
34.55175000
13.77325000
29.32062500
5.53533400
46.86708300
5.55395800
28.10941700
5.32920800
31.58425000
13.18137500
26.00675000
6.89754200
23.14020800
14.32004200
34.33612500
12.61550000
27.02900000
5.32770800
33.08700000
6.06216700
28.47887500
5.50929200
34.61566600
12.48775000
56.07158400
10.62287500
50.56975000
10.24937500
25.10595800
14.50050000
49.65454200
14.81420800
34.82991700
7.49866600
41.87491700
11.09650000
37.77083300
11.72858400
34.97800000
7.31237500
30.06191600
12.82675000
35.35041700
7.31341700
29.61908300
14.25866700
31.43370800
5.73054200
30.55300000
11.17116600
30.57545900
5.54425000
26.31825000
9.69325000
30.21470800
5.53212500
28.82441700
5.32837500
32.85341600
12.00804200
24.97850000
9.91108300
28.65595900
6.07891600
28.94604200
5.12229200
33.24937500
13.05487500
29.22200000
5.49058300
29.45575000
5.32700000
29.70679200
5.28391600
33.05079200
13.69233300
31.46012500
7.91358400
28.85841600
13.06966700
30.59658300
5.89375000
31.78466700
6.20795800
37.71595900
6.20741600
51.48600000
14.25920900
44.47691600
12.54620900
38.98591600
6.97358400
39.59437500
6.12529100
32.88262500
6.59520900
31.75529100
13.32125000
35.19820900
10.15508300
32.26125000
6.26579200
32.18995800
6.73770800
31.31295900
13.27545800
33.35683300
10.94412500
40.04270900
12.22395800
36.97570800
12.23320900
40.82445800
11.38254200
36.39800000
12.27254100
35.93900000
10.61675000
37.54379200
10.01229200
44.05387500
13.23337500
44.97679100
6.54329200
47.93170800
11.19637500
50.75404200
9.08670800
43.20295900
10.64687500
46.45387500
12.73154100
44.08220900
7.25791600
35.75445900
7.02370800
39.04458300
11.85470900
39.12241600
11.96600000
37.13529200
7.07045800
27.08729200
7.14912500
26.66325000
8.33612500
28.55150000
7.22370800
26.84633400
7.42825000
25.94658300
6.95845800
25.54812500
7.24108400
27.00408300
6.28937500
28.48229200
7.45550000
25.95883300
6.67533300
27.81887500
6.82020900
26.12808300
6.59191700
36.05175000
7.11816600
33.43429200
7.53591700
30.57208300
9.42966700
32.70625000
6.84404100
26.23800000
6.90604200
27.40575000
7.02491700
28.93200000
7.00695800
26.12987500
5.99200000
23.27554200
6.04958300
23.30216700
6.11562500
23.50491600
6.15683400
22.36508300
5.62629200
21.25812500
5.80370800
21.45708300
5.49866700
21.16775000
5.66441700
21.27300000
5.69720800
21.92779200
5.54316600
21.07708400
5.24950000
21.28179100
5.37037500
20.63750000
5.28800000
21.47304200
5.19050000
20.32766700
5.48920800
22.26658300
6.41875000
24.12604200
9.23733300
23.55633400
9.80925000
21.34058300
12.11400000
22.50895800
10.81279200
21.49362500
11.90400000
21.24825000
12.12795800
21.11891700
12.26008300
21.13891700
12.24179200
19.97183300
13.38087500
20.09658300
13.28154200
20.30487500
13.07237500
19.75391700
13.61412500
20.21387500
13.15950000
20.35779100
12.98491700
20.34729200
13.03162500
20.24570800
13.12983300
20.72029200
12.63804200
19.80745800
13.55133300
19.87025000
13.51104200
19.99908300
13.35187500
19.94625000
13.31616700
20.54687500
12.94545800
20.51525000
12.81841700
20.05483300
13.31816700
20.11891700
13.26083300
20.05791700
13.19779100
20.22125000
13.24820900
20.31404100
13.07033400
19.91050000
13.33333300
19.99937500
13.46337500
20.17858300
13.20779200
20.17562500
13.19937500
20.34887500
12.89320800
20.27420900
13.20370800
20.07066700
13.31745800
20.12087500
13.20729200
20.22833300
13.14741700
20.42420800
12.96704200
20.26800000
13.09012500
20.08354100
13.17441700
19.80304200
13.69008300
19.95295800
13.38000000
20.01108400
13.25225000
19.97333300
13.52695800
20.01583400
13.30979100
21.40120900
11.97750000
22.74337500
10.51870800
21.14575000
12.28750000
21.46829200
11.85237500
21.67379100
11.77158400
21.46475000
11.84879100
23.33595900
9.98433300
22.89195800
10.47483400
21.60783300
11.83366700
20.80458300
12.56758300
20.62229200
12.75879200
20.78741600
12.57979200
20.85220800
12.50366700
19.76533300
13.62279200
19.59841700
13.76700000
20.27837500
13.05137500
21.71687500
11.65587500
21.02012500
12.34704100
21.01262500
12.36179200
20.11833300
13.27229200
19.29283300
14.09712500
19.22308400
14.01441600
19.88083400
13.48683300
19.75525000
13.73420800
20.01404200
13.32579200
19.57629100
13.80183400
19.64170800
13.61637500
21.55375000
11.88937500
20.44320800
12.92487500
21.00133400
12.38154100
21.35179200
12.01062500
21.58966700
11.69875000
21.26587500
12.18866600
21.72479200
11.63970800
21.23904200
12.10675000
21.36766700
11.92312500
21.60200000
11.85570800
21.14383300
12.20791700
21.47437500
11.90091700
20.95270800
12.42041700
20.97870800
12.37058300
21.25458400
12.11637500
21.47125000
11.91479100
21.44275000
11.84725000
21.24245900
12.12441600
22.15745900
11.18762500
22.06541600
11.30125000
21.96712500
11.43437500
22.05191700
11.32554200
22.05804100
11.29504200
22.26108300
11.07362500
22.80166700
10.56487500
22.39433300
10.98725000
22.90312500
10.44858400
21.87466600
11.59070900
24.55962500
8.72729100
23.43337500
9.91437500
23.50291700
9.86366700
22.60616600
10.76387500
22.93050000
10.43433400
22.71083300
10.65495800
24.56879200
8.79729200
22.88504100
10.48704200
22.85408300
10.50837500
23.36404200
10.00175000
24.20812500
9.15816700
23.72891600
9.63779200
16.70112500
16.66550000
16.68333300
16.69120900
16.68229100
16.67654200
16.68320800
16.68333400
16.68341600
16.68341700
16.71054200
16.69162500
16.68483300
16.71079200
16.65379100
16.66704200
16.69395800
16.67525000
16.71137500
16.63404200
16.68375000
16.68537500
16.79879200
16.64545800
16.60345800
16.78045900
16.71258300
16.62170800
16.62300000
16.67925000
16.68337500
16.68279200
16.68366700
16.68333300
16.68304200
16.68325000
16.68383300
16.68283300
16.68354200
16.68329200
16.68362500
16.68358300
16.68316700
16.69091600
16.67941700
16.68054200
16.70875000
16.75700000
16.68575000
16.68937500
16.70000000
16.61583300
16.62537500
16.68375000
16.68345800
16.68291700
16.68308300
16.68383400
16.68333300
16.68320800
16.68295900
16.68366600
16.68366700
16.68312500
16.68691700
16.68454100
16.67833400
16.68433300
16.68250000
16.68408300
16.68308400
26.15120800
8.58804200
15.36429100
16.74687500
16.73562500
16.54095900
19.06779100
14.27754200
16.69516700
16.66625000
17.01504100
18.35250000
15.78179200
15.59437500
16.73375000
16.62362500
16.68312500
27.60337500
8.94987500
13.49620800
16.78545900
30.43125000
13.68008300
9.35400000
13.16625000
16.68312500
16.68345800
16.68287500
16.68262500
16.68454200
16.68883300
16.67725000
16.68570900
16.68050000
16.68329100
16.68400000
16.68400000
16.68983400
16.67570800
16.68554200
16.68383300
16.68212500
16.75579200
16.61412500
17.04854100
16.33091700
17.31566700
24.74500000
28.76137500
14.03137500
12.13050000
11.01979100
10.66525000
15.04737500
16.42095900
16.81175000
17.76454100
18.93150000
20.27220900
17.07525000
16.56329100
23.53545900
20.46387500
29.06262500
28.93533300
18.46320800
13.75204200
12.67350000
13.68204200
12.55712500
13.93116600
14.53479200
13.40120800
13.62370900
12.83854100
13.24233400
13.80466600
13.28591700
12.85958300
15.01533400
16.68183300
16.68429200
16.68295800
16.72512500
16.65466700
16.66925000
16.68504100
16.68216700
16.68858300
16.67804200
16.77475000
16.59170800
16.68312500
16.68325000
16.68866700
16.67833300
16.69045900
16.73350000
19.48554100
