16.78237500
16.82604200
16.61462500
16.64929100
16.47520900
16.94937500
16.32641600
16.77387500
16.53095900
16.79666600
16.77362500
16.98554200
16.36000000
16.49029200
16.99062500
16.79891600
16.58420900
16.80745800
16.68925000
16.64137500
16.77004200
16.11912500
17.17629100
16.73008400
16.49087500
17.04620800
16.47691700
16.84612500
16.55170800
16.41408300
17.07866700
16.56841700
16.77887500
16.52754100
16.85870900
16.45066600
16.42825000
16.96129200
16.76466700
16.41637500
16.96929100
16.15387500
17.14237500
16.51941700
17.02870800
16.62025000
16.34320900
16.95216600
16.72504200
16.32170800
17.10045900
16.49762500
16.72870800
16.79170800
16.65691700
16.65400000
16.70595800
16.79862500
16.49875000
16.44350000
16.68516700
17.04425000
16.63466700
16.42354100
17.23625000
16.27604200
16.82195800
16.34929200
17.12041700
16.42925000
16.80891600
16.67720900
16.62487500
16.75108300
16.47120800
16.89866700
16.54483300
16.50883400
17.05208300
16.60429200
16.70495800
16.66362500
16.42166700
16.98850000
16.60858300
16.74429200
16.74058300
16.54550000
16.81225000
16.68245800
16.65320900
16.63491600
16.59220900
16.62308300
16.61745800
16.92475000
16.97970900
16.33920800
17.66854200
16.21916600
16.45825000
16.19875000
17.32691700
16.57295800
16.80145900
15.94295800
17.37525000
16.66970800
16.51604200
17.08620800
16.05712500
16.44637500
16.44508400
16.96900000
16.82512500
16.68962500
16.98662500
16.27312500
16.49875000
16.72116600
16.77500000
16.58608400
16.94670800
16.59220800
16.64716700
16.83329200
16.59550000
16.53120800
16.87400000
16.65050000
16.56962500
16.57712500
17.11104200
16.38012500
16.87366600
16.67150000
16.80241700
16.51641700
16.67016600
16.75050000
16.71779200
16.42258300
17.04062500
16.65504200
16.28616700
16.86550000
16.75316600
16.46695900
16.64691600
17.08783400
16.53800000
16.78525000
16.29341600
16.77745900
17.11962500
16.64883300
16.52695800
16.76570900
16.59737500
16.78708300
16.67000000
16.63075000
16.67383300
16.84558400
16.53966600
16.34575000
16.86750000
16.90250000
16.34258400
16.94991600
16.51950000
16.75833400
16.89629100
16.38179200
17.03191700
16.48454100
16.73895900
16.42183300
17.03508300
16.26541700
16.93487500
16.70879200
16.64395800
16.69766700
16.55758300
16.88308300
16.68941700
16.71350000
16.04245800
17.28041700
16.90425000
16.21287500
16.98962500
16.59895800
16.78683400
16.74354100
16.61616700
16.69587500
16.67562500
16.64891700
16.33858300
17.00104200
16.66600000
16.34283300
17.03929200
16.88695800
16.38245800
16.52695900
17.09241600
16.24204200
17.04825000
16.59875000
16.82779200
16.76029100
16.44766700
17.12525000
16.04283300
16.87312500
16.32791700
16.50408300
16.88304200
17.08066700
16.72795800
16.57900000
16.49316700
16.78787500
16.60054100
16.63883400
16.65275000
16.83537500
16.50270800
16.77058300
16.73100000
16.68470900
16.65941600
16.65400000
16.59533400
16.59420800
16.96629200
16.49112500
16.73429100
16.77341700
16.58212500
16.61058300
16.90729200
16.59712500
17.05841700
16.52375000
16.56708300
16.37091700
16.97408300
16.54075000
16.86025000
16.49054200
16.92670800
16.42254200
16.90358300
16.73041700
16.74300000
16.61637500
16.16283300
17.33312500
16.37758300
16.91804200
16.51837500
16.69900000
16.76637500
16.72162500
16.52145800
16.76583400
16.83425000
16.49712500
16.68620800
16.72320800
16.59291700
16.78562500
16.70433300
16.37820900
17.06037500
16.44704100
16.79091700
16.38858300
17.02520900
16.55620800
16.80895800
16.52679200
16.54212500
17.15216700
16.33145800
17.02758300
16.33491700
16.48237500
16.72595800
16.89258400
16.63200000
16.82737500
16.60375000
16.62154100
16.51129200
16.95041700
16.49545800
16.57770800
16.90708400
16.47133300
16.73166700
16.76158300
16.58537500
16.67941700
16.85300000
16.49658300
17.03545800
16.20937500
16.81645900
17.02691600
16.47595900
16.51141600
16.76920900
16.85958300
16.45979200
16.87112500
16.66104100
16.80637500
16.53283400
16.69370800
16.70804200
16.76416600
16.61500000
16.73091700
16.59875000
16.71175000
16.71700000
16.57591700
16.65954100
16.81333400
16.53629100
16.52700000
17.00595900
16.67808300
16.58808300
16.69270900
16.51062500
16.52925000
16.83808300
17.05979200
16.37425000
16.65545800
16.85100000
16.45570800
16.90166700
17.00829200
16.06616600
16.96354200
16.71833300
16.71154200
16.49450000
16.83804200
16.59154100
16.77333400
16.76354100
16.46975000
16.82537500
16.75637500
16.62329200
16.69425000
16.44200000
16.97075000
16.57412500
16.41350000
16.64445800
16.97350000
16.65645900
16.57570800
16.79733300
16.83745900
16.56925000
16.68075000
16.69520800
16.57883300
16.50770900
16.82400000
16.88000000
16.47737500
16.86541600
16.67079200
16.33695800
17.15841700
16.51354200
16.80020800
16.30895800
17.14241700
16.55525000
16.49183300
16.81512500
16.78570900
16.70975000
16.60391600
16.36587500
17.04820900
16.67358300
16.58350000
16.51591700
16.87525000
16.69812500
16.69329100
16.80062500
16.57475000
16.65554200
16.66500000
16.40425000
16.76383300
16.53770900
16.76566600
17.04395900
16.71433300
16.62604200
16.62966600
16.35154200
17.09254200
16.50329100
16.84504200
16.64762500
16.65429200
16.74850000
16.60129100
16.59312500
16.50204200
16.66983300
16.65466700
17.06866700
16.29479100
17.08525000
16.28375000
17.04875000
16.65541700
16.68337500
17.10529200
16.00395800
17.03691700
16.32062500
16.72866600
17.00700000
16.52204200
16.75683300
16.41075000
16.99516700
16.68700000
16.66758300
16.65279200
16.61837500
16.46708300
17.10620900
16.68833300
16.49695800
16.71045900
16.62891600
16.69758400
16.67895800
16.43300000
16.70975000
16.95975000
16.42541700
17.01770800
16.28537500
16.99437500
16.52183300
16.87104200
16.35141700
17.03587500
16.48404100
16.85237500
16.66754200
16.65379200
16.60250000
16.80187500
16.60650000
16.67675000
16.50229100
16.62087500
17.01604200
16.44350000
16.90108300
16.62916700
16.64050000
16.57454200
16.61850000
16.82212500
16.72033300
16.74375000
16.61520800
16.45937500
17.10320900
16.62266600
16.64325000
16.52716700
16.65554200
16.91479100
16.46587500
17.00858400
16.51558300
16.64700000
16.68720800
16.78879200
16.67154200
16.54933300
16.82108300
16.65416700
16.41508300
16.72387500
16.77079200
16.63416700
16.86095800
16.82541700
16.48091600
16.53545900
17.04770800
16.35500000
16.96179200
16.32370800
17.01483300
16.66929200
16.64941700
16.66870800
16.74333300
16.64504200
16.63137500
16.75058300
16.54325000
16.67866700
16.86137500
16.64337500
16.60754200
16.73700000
16.70162500
16.52954100
16.88100000
16.31429200
16.91725000
16.75958300
16.59158400
16.41995800
16.72933300
17.09658400
16.49037500
16.85191600
16.40616700
16.85320800
16.41104200
16.95625000
16.73566700
16.53645800
16.75950000
16.69358300
16.65370900
16.65891600
16.74637500
16.89241700
16.32125000
16.85495800
16.68204200
16.71508300
16.61208400
16.74408300
16.68025000
16.69479200
16.65900000
16.57954100
16.72850000
16.63250000
16.77812500
16.57154200
16.51887500
16.97241700
16.36425000
16.94154100
16.56004200
16.54987500
16.70325000
16.99895800
16.30112500
17.08108400
16.49383300
16.59366700
16.73825000
16.94454100
16.60037500
16.47529200
16.70241700
16.93616600
16.58350000
16.98412500
16.29062500
16.87287500
16.62266700
16.70670800
16.67725000
16.67095900
16.44654100
16.94054200
16.76333300
16.56841700
16.69650000
16.66033300
16.46487500
17.13766700
16.29195800
16.93816700
16.64312500
16.68062500
16.72154200
16.55195800
16.73012500
16.36070800
17.17720900
16.48850000
16.65229100
17.37100000
15.90750000
17.07750000
16.44408400
16.71258300
16.40695800
16.87300000
16.40891700
17.16275000
16.50012500
16.75475000
16.60870800
16.83437500
16.43641700
17.11804200
16.40104100
16.65491700
16.45612500
16.64100000
16.83075000
16.89804200
16.48645800
16.72275000
17.19066700
15.99133300
16.73454200
16.64100000
16.79954100
17.18662500
16.15712500
16.62762500
16.74141700
16.93337500
16.30908300
16.71783400
16.91616600
16.57029200
16.88008300
16.33520900
17.00862500
16.63416600
16.37366700
16.96079200
16.66804100
16.58941700
17.11508300
16.49000000
16.77920900
16.32283300
16.84712500
16.67475000
16.76470800
17.10383400
16.07116600
17.03079200
16.58200000
16.58295800
16.71495900
16.67320800
16.70625000
17.10445800
16.15733400
16.86229100
16.63887500
16.32008400
16.82354100
16.87783400
16.57404100
16.75916700
16.44612500
17.04637500
16.47545800
16.56587500
16.74183400
16.84383300
16.44129200
17.12100000
16.73554100
16.32425000
16.97870900
16.70583300
16.58616700
16.18075000
17.00054100
16.82866700
16.57475000
16.76337500
16.65695800
16.90866700
16.28579200
17.10104100
16.27133400
16.84300000
16.62120800
16.73479200
16.70250000
16.54279100
16.53404200
17.07020800
16.49662500
16.82495900
16.50308300
16.41858300
16.73270900
17.07250000
16.53137500
16.66541600
16.50458400
17.07420800
16.42370800
16.70554200
16.68225000
16.77858300
16.74325000
16.65333400
16.55366600
16.80241700
16.74283300
16.88754200
16.84491700
16.27537500
16.48020800
16.83716700
16.79512500
16.50920800
16.51225000
16.71237500
17.04229200
16.55900000
16.79825000
16.41054100
16.65900000
16.57933400
16.92508300
16.50450000
16.88987500
16.49100000
16.81408300
16.65058400
16.81112500
16.54162500
16.43895800
16.67100000
16.73804200
17.03395800
16.54791700
16.84479100
16.59729200
16.72287500
16.77050000
16.21812500
17.06858300
16.53175000
16.85454200
16.79145800
16.66020900
16.58745800
16.68804200
16.46187500
16.69020800
17.10066700
16.55791600
16.61237500
16.80037500
16.56762500
16.67050000
16.44066700
17.00858300
16.66550000
16.44770900
16.75800000
16.98916600
17.04375000
16.24879200
16.28254200
17.20654100
16.63716700
16.56870800
16.34429200
16.69733300
17.47554200
15.94708300
17.19304200
16.16566700
17.28350000
16.45575000
16.80012500
16.65587500
16.41350000
16.77320800
16.70633300
16.58045900
16.76470800
16.78504200
16.66466600
16.21450000
17.25079200
16.17650000
17.00862500
16.40045800
16.69187500
16.75220900
16.91441600
16.82187500
16.20241700
16.64791700
17.13612500
16.27812500
17.11079100
16.25612500
17.11475000
16.77695900
16.60233300
16.71095800
16.69816700
16.60195800
16.74045900
16.71870800
16.13991700
17.21970800
16.67916700
16.20487500
16.63504100
16.99850000
16.43416700
17.22154200
16.04495800
17.28729200
16.63991600
16.68050000
16.41866700
16.56154200
16.62116600
17.03483400
16.50766600
16.88312500
16.62470900
16.61204100
16.45020900
16.64395800
16.76800000
16.97737500
16.64625000
16.56554200
17.25720800
16.19650000
16.66716700
16.66550000
16.49562500
16.98941600
16.37170900
17.02237500
16.60570800
16.32650000
16.67362500
17.22429200
16.04566600
16.92275000
16.80695900
16.45854100
16.88920900
16.57283300
16.65508300
16.74216700
16.67870800
16.66950000
16.55329200
16.73516700
16.64745800
16.72062500
16.78000000
16.40512500
16.77037500
16.88600000
16.36350000
16.60800000
16.93483300
16.79870900
16.71666600
16.70420900
16.63754100
16.62295900
16.86145800
16.40708300
16.91645900
16.55662500
16.84787500
16.55691600
16.46841700
16.84291700
16.40312500
16.82054100
16.86883400
16.82320800
16.55404200
16.87433300
16.33550000
17.05908300
16.29862500
16.70304200
16.80804200
16.84387500
16.42925000
16.91208300
16.61995800
16.37950000
16.88925000
16.42041700
17.14033300
16.48691700
16.66533300
16.61433400
16.81920800
16.59575000
16.80220800
16.46100000
16.86983400
16.60283300
16.66183300
16.63583400
16.99379100
16.28987500
16.78350000
16.93858400
16.50033300
16.69458300
16.42250000
16.88216700
16.92487500
16.41033300
16.64412500
16.89083400
16.51266600
16.51445900
17.09445800
16.51312500
16.71779200
16.39104100
16.83558400
16.90550000
16.61604100
16.64033400
16.46512500
17.02608300
16.52300000
16.80675000
16.57479200
16.53691600
16.89975000
16.67458400
16.90870800
16.64375000
16.68895800
16.25350000
16.92525000
16.66737500
16.57995900
16.65816600
17.03350000
16.50145900
16.89850000
16.73320800
16.46904200
16.68662500
16.75283300
16.51854200
16.50325000
16.71025000
17.11320800
16.37933300
16.76458400
16.73133300
16.45379200
17.08329100
16.27529200
16.88679200
16.73683300
16.48554200
16.87758300
16.49233300
16.87962500
16.68491700
16.65666700
16.63620800
16.82116700
16.26983300
16.95116700
16.72695800
16.50225000
16.48916700
16.97191600
16.61650000
16.86741700
16.53329200
16.45858300
16.72345800
16.81970900
16.78650000
16.60654100
16.67016700
16.86487500
16.26695800
16.97179200
16.73637500
16.46387500
16.96787500
16.50741700
16.72054100
16.89270900
16.39970800
16.90629200
16.61979100
16.43400000
17.00408400
16.54062500
16.73954100
16.75995900
16.60879100
16.73383400
16.63333300
17.12295800
16.00179200
16.76437500
16.72500000
16.78945800
16.75345900
16.81212500
16.60245800
16.61620800
16.78987500
16.56354200
16.71029200
16.70575000
16.78479100
16.43770900
16.43958300
17.08487500
16.71841700
16.43200000
17.23516600
16.50437500
16.44975000
16.89708400
16.61366600
16.47704200
16.70758300
16.95420900
16.75133300
16.75650000
16.47591700
16.91387500
16.44433300
16.72479200
16.56987500
16.73095800
16.74008300
16.45583400
16.59295800
17.06612500
16.49291700
16.44895800
17.02170800
16.70800000
16.46329200
16.98920800
16.58479200
16.70520800
16.67729200
16.67716700
16.67929100
16.83458400
16.62383300
16.66808300
16.62445900
16.43925000
16.48654100
16.91970900
16.73408300
16.75329200
16.58608300
16.59766700
16.82666600
16.80395900
16.26787500
16.62129100
17.05054200
16.49345800
16.87920900
16.70525000
16.84187500
16.63358300
16.57937500
16.84341700
16.35329100
16.50579200
16.98320800
16.46050000
16.93616700
16.62879200
16.58654100
16.68595900
16.77316600
16.56287500
16.67625000
16.64379200
16.76454200
16.64408300
16.66250000
16.74091700
16.59937500
16.94062500
16.40750000
16.66554100
16.96475000
16.47179200
16.71608300
16.87275000
16.34433400
16.86279100
16.65975000
16.71820900
16.61683300
16.64191700
16.77520800
16.75145800
16.60441700
16.65387500
16.62062500
16.85425000
16.51637500
16.69954200
16.76500000
16.70691600
16.55687500
16.65762500
16.87287500
17.65337500
15.52433400
16.70425000
16.72841600
16.78383400
16.57625000
16.88570800
16.23683300
16.85350000
16.77833400
16.79337500
16.49491600
16.76929200
16.66566700
16.66841600
16.43387500
16.79254200
16.72700000
16.83541700
16.51979100
16.81737500
16.66850000
16.67691700
16.65762500
16.77050000
16.66200000
16.65029200
16.64212500
16.63637500
16.72762500
16.72625000
16.64704100
16.64145900
16.75616600
16.63266700
16.70841700
16.68941600
16.61316700
16.58700000
16.83237500
16.71925000
16.68641700
16.52737500
16.79020800
16.75916700
16.40475000
16.78887500
16.83037500
16.60133300
16.59066700
16.81575000
16.78500000
16.62520800
16.68104200
16.70170800
16.63587500
16.71516700
16.64291600
16.58716700
16.78825000
16.81850000
16.48329200
16.65270800
16.76825000
16.65062500
16.70495800
16.65825000
16.69137500
16.57854200
16.86225000
16.51841700
16.78875000
16.65066600
16.71804200
16.79183300
16.66037500
16.67704200
16.68529200
16.59216600
16.75954200
16.50129200
17.02820800
16.65900000
16.81087500
16.23245800
16.79841700
16.85370800
16.66245900
16.43341600
16.81200000
16.72954200
16.71070800
16.66300000
16.70045900
16.63483300
16.72933300
16.80050000
16.81429200
16.43300000
16.88329200
16.55600000
16.86341600
17.25062500
15.89654200
17.58966700
17.35220800
15.09137500
17.13216700
16.45008300
16.43262500
17.31975000
16.73308300
16.08537500
16.67954200
16.45116700
16.57958300
16.66608300
16.87700000
16.91254200
16.26050000
16.92570800
16.61620900
16.67866600
16.78300000
16.57779200
16.79120800
16.85008400
16.56500000
16.62979100
16.71875000
16.70970900
16.78416600
16.44400000
25.56470900
12.17637500
13.27633300
15.82158300
16.81875000
16.56350000
16.54225000
16.94312500
16.51279200
16.71275000
16.53825000
16.89683300
16.39241700
16.74275000
16.93104200
16.64587500
16.63841600
16.61025000
16.87787500
16.56629200
16.58237500
16.75312500
16.81016700
16.66245800
16.88508300
16.41595900
16.77125000
16.69258300
16.68400000
16.49300000
16.74879200
16.76425000
16.61854100
16.72087500
16.71095900
16.61362500
16.39404100
16.96325000
16.73683400
16.70975000
16.65670800
16.64325000
16.63141700
16.65512500
16.55854100
16.97116700
16.64858300
16.56241700
16.80558300
16.36587500
16.89904200
16.64145800
16.84079200
16.63387500
16.64675000
16.65620800
16.68658400
16.61237500
16.58991600
16.92637500
16.82729200
16.49458300
16.55079200
16.77758300
16.57179200
16.65420800
16.77800000
16.73654200
16.45825000
16.70579200
16.74329100
16.87820900
16.97479100
16.43029200
16.83312500
16.27283300
17.07100000
16.36675000
16.65162500
16.96575000
16.52529200
16.60604200
16.53404100
16.79441700
17.14366700
16.17716600
17.05437500
16.25083400
17.21758300
16.29525000
16.94887500
16.39058300
17.11583400
16.33737500
17.02470800
16.67000000
16.50716700
16.82762500
16.64204100
16.65483400
16.47708300
17.22641700
16.10525000
17.01225000
17.02550000
16.50708300
15.96350000
16.77587500
17.27212500
16.78083300
16.23687500
16.45937500
17.28700000
16.81262500
16.74087500
16.10595900
16.91750000
16.12025000
16.68133300
17.49383300
16.49225000
16.23150000
17.19808400
16.37404100
16.85558400
16.57445800
16.66362500
16.88062500
16.57891700
16.71933300
16.41245800
16.99062500
16.42379200
17.02108300
16.21087500
16.79887500
17.04141700
16.37116700
16.92929100
16.67125000
16.70112500
16.42287500
16.68966700
17.03633300
16.53479200
16.30729200
17.24975000
16.54729100
16.58970900
16.34191600
16.76487500
17.16825000
16.67570900
16.68237500
16.20470800
17.17412500
16.65587500
16.69254200
16.46625000
16.89241600
16.18220900
16.66912500
16.65337500
17.23637500
16.71020800
16.60091700
16.73716600
16.81070900
16.49000000
16.61983300
17.06579200
16.47183300
16.58358300
16.60741700
16.30366700
17.17504100
16.58341700
16.69141700
16.70741600
16.80508400
16.53691600
16.80195900
16.23287500
17.25241600
16.54591700
16.73087500
16.54954200
16.67425000
16.76062500
16.51408300
16.76645800
16.80587500
16.71812500
17.11608400
59.02391600
33.17075000
21.58195900
19.36341600
8.52125000
9.62525000
8.61045900
8.36337500
8.37212500
9.45195800
8.75354200
8.64220800
12.47204200
16.85075000
17.38183300
16.24854200
16.85645800
16.51679200
16.67983300
16.65500000
16.03912500
17.37770800
16.19445900
16.73920800
17.09429200
16.66587500
16.37512500
17.13895800
16.65112500
16.56312500
16.61908300
16.33187500
17.28295900
16.05795800
17.35054200
16.57316600
17.06520900
16.45212500
16.61354100
16.56079200
16.18566700
17.05170800
16.40416700
17.12116600
16.56870900
16.38637500
17.09383300
16.25858300
17.28045900
16.43566600
16.25745900
17.13266600
17.46383400
15.91495800
16.69058300
16.65795900
16.63162500
16.74750000
16.66458300
16.29400000
17.09775000
16.22508300
17.12770900
16.55800000
17.21875000
16.56787500
16.03354100
17.19850000
16.26616700
17.01679200
16.67333300
16.66375000
17.06675000
16.01100000
16.59666700
17.28708300
16.47183300
16.77291700
16.50179200
16.85950000
16.60050000
16.88870800
16.08587500
16.98066700
16.32175000
17.02529100
16.81108400
16.21387500
17.09454100
16.18687500
16.71820900
16.76366600
16.87091700
16.44354200
17.27712500
16.57504100
17.32404200
16.01487500
16.20108300
17.10891700
16.21683300
16.69350000
17.10533400
16.83466600
17.01062500
15.90570900
17.22650000
16.14154100
17.03166700
16.78325000
16.82804200
16.50629100
16.22058400
17.22220800
16.58508300
16.67983400
16.91950000
16.50883300
16.64341700
16.75375000
16.27029100
17.01900000
16.67154200
16.30029200
17.08512500
16.70158300
16.66541700
16.35220800
16.54250000
17.14500000
16.86154200
16.11233300
17.09566700
16.27333300
17.03170800
16.32537500
17.15691700
16.66762500
16.61004200
16.32087500
17.07087500
16.33225000
17.08650000
16.62550000
16.76504100
16.59950000
16.73712500
16.63704200
16.82904200
16.15091600
17.29583400
16.36000000
16.52366600
17.14000000
16.28783400
16.90045800
17.21441700
16.09695800
16.93020800
16.62329200
16.67900000
16.28629200
16.96150000
16.46933300
16.69108300
16.43241700
16.85054200
16.28375000
16.84637500
16.62770800
16.77787500
17.81516700
15.48450000
16.92950000
16.43304100
16.65650000
16.97754200
16.54816700
16.58387500
16.67395800
16.63091700
16.62133300
16.84400000
16.36466700
17.12420800
16.66579200
16.61883300
16.70879200
16.69650000
16.66762500
16.69183300
16.64570800
16.64629200
16.70883300
16.61883400
16.47591600
17.02029200
16.67929200
16.61883300
16.73854200
16.61500000
16.71191600
16.70491700
16.92487500
16.66208300
16.78195900
16.56354100
16.55800000
16.57358400
16.80566600
16.79466700
16.56079200
17.03408300
16.55866700
16.57108300
16.77320800
16.69825000
16.62175000
16.46908400
16.88541600
16.56041700
16.72075000
16.71595800
16.79825000
16.51091700
16.79166700
16.35658300
16.51733300
16.86645900
16.84066600
16.54800000
16.63750000
16.75100000
16.75025000
16.58220900
16.63825000
16.90837500
16.57929100
16.59929200
16.85941700
16.60179100
16.60975000
16.85550000
16.55554200
16.89450000
16.45900000
16.64725000
16.67833300
16.86804200
16.53025000
16.66237500
16.76629200
16.63845800
16.78841700
16.39995800
16.59325000
16.61612500
17.12779200
16.37729100
16.71225000
16.93629200
16.77104200
16.58954100
16.69254200
16.25258300
16.71058400
17.08070800
16.46066700
16.74225000
16.66787500
16.84825000
17.14254100
16.17237500
16.77387500
16.72583400
16.35200000
17.03854100
16.47129200
16.75129200
16.66662500
16.81958300
16.70970800
16.68233400
16.41712500
16.99287500
16.28604100
16.68983400
17.03570800
16.69058300
16.59416700
16.70991700
16.50875000
16.82491600
16.82900000
16.71504200
16.58200000
16.48170800
17.03250000
16.57820900
16.68241600
16.65812500
16.70929200
16.64258300
16.77191700
16.48708300
16.49291700
17.19954200
16.56608300
16.34237500
17.04870800
16.56729200
16.70804200
16.64195800
16.93533300
16.33716700
16.74025000
16.82395800
16.58295900
16.78095800
16.75504200
16.26395800
16.56862500
16.93333300
16.89712500
16.48233400
16.35795800
16.99404200
16.94050000
16.15758300
17.03791700
16.46954100
17.10429200
16.46162500
16.49120800
16.97312500
16.58416700
16.67862500
16.50254200
16.54712500
16.54950000
16.99679100
16.47754200
16.74912500
16.69583300
17.07920900
16.28179100
16.68558400
16.92370800
16.66895800
16.39083400
16.78508300
17.01845800
16.31029200
17.01162500
16.35595800
16.56708400
16.93066600
16.67566700
16.65191700
16.61754100
16.74666700
16.51904200
16.68895800
16.97237500
16.39158300
16.72754200
16.53270800
16.92529200
16.60745800
16.69775000
16.83416700
16.55637500
16.55875000
16.61562500
16.84870800
16.97508400
16.33833300
16.55016700
16.85787500
16.86933300
16.39137500
16.61691700
16.80437500
16.83316600
16.61516700
16.64575000
16.64804200
17.01200000
16.22250000
16.85920800
16.87670800
16.62900000
16.63920900
16.91741600
16.20108400
16.72345800
16.95895800
16.94400000
16.36200000
16.80716700
16.56904200
16.96270800
16.56529200
16.64595800
16.77637500
16.41712500
16.92483300
16.82745900
16.52404100
16.71629200
16.95216700
16.21308300
17.35087500
16.43333300
16.58854200
16.90516700
16.82658300
16.52325000
16.19437500
17.11862500
16.59416700
16.68175000
16.71954100
16.64650000
16.72758400
16.69095800
16.60791700
16.66387500
16.76579100
16.36437500
17.31670900
16.19504100
16.89616700
16.74358300
16.56087500
16.39666700
17.05741700
16.61225000
16.81795800
16.57616700
16.82762500
16.75362500
16.63629100
16.60970900
16.72875000
16.52937500
16.79266600
16.63325000
16.68575000
16.71620900
16.11737500
17.13366600
16.60512500
16.12337500
17.18612500
16.87312500
16.86812500
16.41787500
16.66033400
16.58133300
16.97104200
16.68783300
16.46041700
16.34362500
17.25529100
16.66354200
16.17062500
16.61508300
17.37637500
16.15320900
16.44583300
17.17745800
16.31508400
16.61837500
17.26283300
16.29954200
16.44566600
16.74895900
16.96750000
16.64554100
16.92800000
16.54050000
16.61779200
16.73204200
16.76204100
16.24329200
17.00620800
16.37720900
16.98383300
16.74183300
16.58287500
16.64400000
16.82554200
19.37054200
13.81308300
16.65445800
16.69462500
16.58016700
17.50445800
15.88737500
16.68837500
16.98895900
16.34437500
16.73791600
16.68858400
16.73641600
16.56379200
16.77004200
16.70883300
16.57141700
16.78125000
16.80879100
16.52512500
16.78283400
16.55804100
16.81245900
16.59012500
16.56712500
16.91466600
16.60941700
16.70329200
16.60870800
16.84304200
16.59679100
16.88316700
16.25945800
16.89158400
16.55979100
16.45716700
16.65779200
17.00741600
16.41412500
16.81008400
16.75345800
17.11133300
16.40554200
16.83008300
16.09858400
16.68441600
17.11837500
16.42608400
16.91466600
16.92820900
16.57995800
16.77554200
16.69862500
16.50291600
17.05983400
16.18050000
17.18012500
16.36008300
16.88779200
16.46245800
16.64520800
16.82970900
16.53916600
16.81954200
16.56091700
16.75408300
16.62820800
16.96041700
16.47716700
16.60466600
16.54650000
17.09920900
16.46325000
16.67795800
16.86775000
16.50437500
16.64033300
16.91816700
16.79475000
16.52075000
16.61225000
16.57516700
16.70245800
17.02854200
16.05495800
16.42287500
16.94058300
16.96762500
16.82950000
16.59804200
16.57325000
16.64270800
16.43541700
17.03125000
16.67575000
16.62725000
16.54125000
16.62383300
16.96587500
16.33141700
16.86112500
17.03879200
16.44904100
16.70650000
16.75912500
16.50479200
16.73587500
16.53704200
17.01245800
16.44745800
16.83012500
16.21379200
16.98258300
16.62966700
16.87895800
16.54295900
16.33070800
16.62766700
17.63175000
16.02812500
16.61954100
16.93533400
16.36658300
16.68504200
16.99550000
16.39379100
16.76700000
16.53212500
16.66558400
16.98904100
16.39729200
16.77812500
17.02229200
16.53087500
16.70754100
16.46520900
16.90383300
16.65175000
16.74108300
16.64904200
16.74000000
16.51008300
16.56829200
16.85875000
16.64870800
16.66829200
16.63554200
16.69820800
16.58270800
16.67420900
17.10591600
16.38270900
16.65916600
16.74008400
16.60020800
16.60775000
16.68737500
16.86437500
16.70533300
16.68325000
16.82683400
16.39116600
16.69166700
16.84766700
16.40887500
17.05600000
16.64562500
16.40258300
16.80245800
16.58254200
16.72887500
16.47412500
16.94441700
16.77645800
16.61254200
16.62229100
16.72283400
16.78816600
16.57008400
16.68125000
16.78279100
16.69012500
16.46983400
17.17608300
16.26395800
16.76300000
16.50095900
16.88775000
16.79520800
16.44608300
16.62504200
16.65916700
16.96458300
16.59691700
16.50362500
16.84008300
16.68708300
16.96779200
16.47804200
16.75616600
16.70104200
16.37191700
17.06062500
16.35345800
16.80345800
16.91025000
16.29404200
16.65754200
17.09175000
16.52454100
16.36033400
16.82879100
16.59716700
16.83604200
16.68300000
16.72025000
16.51033300
16.62916700
17.03283300
16.55937500
16.73033300
16.85608400
16.44733300
16.66879200
16.56008300
16.88566700
16.57633300
16.56416700
16.90041600
16.41379200
17.04250000
16.58220800
16.69204200
16.75462500
16.29562500
17.06020800
16.57375000
16.47600000
16.78533400
16.87500000
16.55525000
16.91975000
16.42887500
16.65537500
16.83970800
16.81500000
16.65245800
16.76120900
16.23504100
16.77733400
16.68916600
16.99266700
17.25504200
15.97125000
16.77691600
16.71691700
16.67950000
16.68154200
16.65516600
16.86529200
16.25295800
17.07766700
16.35191700
16.59525000
16.85091600
16.80695900
16.50141600
16.75283400
16.82062500
16.80258300
16.63920800
16.56950000
16.73445900
16.64870800
16.64475000
16.69975000
16.73362500
16.51975000
16.51166700
17.09720800
16.35950000
16.62387500
17.02737500
16.62920800
16.42370900
16.83029100
16.62258400
16.88329100
16.62533400
16.68750000
16.39904100
17.12975000
16.48808400
16.60416600
16.91579200
16.72112500
16.73004200
16.26795800
16.81933300
16.51195900
17.06970800
16.34320800
16.85675000
16.65295900
16.76412500
16.49208300
16.87904200
16.77029100
16.65354200
16.44012500
16.55487500
16.88566700
16.66566600
16.38016700
16.67850000
17.22945800
16.13975000
16.63508400
17.40608300
16.50537500
16.80925000
16.58191700
16.67550000
16.67220800
16.72208300
16.19566700
16.90004200
16.83141600
16.72195900
16.61262500
16.76925000
16.32295800
16.80345800
16.95487500
16.68658400
16.66966600
16.23770900
16.63504100
16.97695900
16.51366600
16.85141700
16.61404200
16.48400000
16.99783300
16.45000000
16.57141700
17.27458300
16.12008300
16.69787500
17.09270900
16.23025000
17.19187500
16.28562500
16.91291600
16.64229200
16.59866700
16.98658300
16.24966700
16.58600000
16.86833300
16.54320800
16.93779200
16.50520800
16.91783400
16.35133300
16.83962500
16.61541700
16.85137500
16.54720800
16.65170800
16.60054200
16.76866700
16.63500000
17.02216600
16.61604200
16.48800000
16.81179200
16.49458300
16.65587500
16.67887500
17.02183300
16.40950000
16.78458400
16.60712500
16.65412500
16.83445800
16.87591700
16.25716600
16.72270900
16.74525000
16.68970800
16.82095800
16.66591700
16.57608300
16.64066700
16.61275000
16.98991700
16.43779100
16.75116700
16.81004200
16.52966600
16.54404200
16.68858300
16.83133400
16.98733300
16.38245800
16.91225000
16.70104200
16.25116700
16.95725000
16.88029100
16.18862500
17.00800000
16.89608400
16.16683300
17.03991700
16.40820800
16.59929200
17.00791600
16.84204200
16.28325000
16.81579200
16.60958300
17.00587500
16.58116700
16.65020800
16.71591700
16.54704100
16.70979200
16.80012500
16.67879200
16.72708300
16.66195800
16.27595900
16.78450000
17.06137500
16.55562500
16.88441600
16.31854200
16.67450000
16.65804200
17.24504100
16.52670900
16.66391600
16.67191700
16.89437500
16.48345800
16.43479200
17.19541700
16.43466600
16.71229200
16.60145800
17.00666700
16.39195800
16.40641700
16.78066700
16.63487500
17.02354100
16.74362500
16.52658400
16.45108300
16.64816700
17.22050000
16.43304100
16.77658400
16.71820800
16.73412500
16.71783300
16.50800000
16.85566700
16.55779200
16.64154100
16.71575000
16.50625000
16.40483400
17.09204100
17.10091700
16.16729200
16.70300000
16.73079100
16.52866700
16.70820800
16.99508400
16.51450000
16.66437500
16.84258300
16.63704200
16.63291600
16.83629200
16.51612500
16.72700000
16.70108300
16.68145900
16.74804100
16.31287500
16.61745900
16.93762500
17.04050000
16.44587500
16.61550000
16.93520800
16.47916700
16.91433300
16.33233300
16.91620900
16.43404100
16.49754200
16.62441700
16.42366600
16.84087500
16.79425000
16.81204200
16.42925000
16.84166700
16.66425000
17.00179100
16.14966700
16.78854200
17.02862500
16.54900000
16.79225000
16.66337500
16.82291600
16.31808400
17.06416600
16.49812500
16.35237500
16.69312500
16.98033400
16.83070800
16.75279200
16.49787500
16.78145800
16.39195800
16.93233400
16.77383300
16.21716700
16.95604100
16.81762500
16.78129200
16.60383300
16.67441700
16.88941700
16.25354100
17.13570900
16.63883300
16.57733300
16.75737500
16.76862500
16.74500000
16.69616700
16.57429200
16.70904100
16.25358400
17.20262500
16.55820800
16.80075000
16.51258300
16.25333400
16.71987500
17.38512500
15.96183300
17.31062500
16.82954200
16.40270800
16.24866700
17.38541600
16.43645900
16.79995800
16.41666700
17.44979100
16.35966700
16.59237500
16.72654200
16.08391600
17.36425000
16.65504200
16.69795800
16.89500000
16.79458400
16.50112500
16.41758300
16.66554200
16.80579100
16.64495900
16.34775000
17.27962500
16.48433300
16.80558300
15.79291700
17.57325000
16.07687500
17.03004200
16.72508300
16.66116700
16.76191600
16.69537500
16.61712500
16.85200000
16.73312500
16.41658400
16.79745800
15.64583300
16.95816700
17.11662500
16.58725000
16.35854200
17.06241600
16.39887500
17.07758400
16.48612500
16.67370800
16.78612500
16.57070800
16.87400000
16.16187500
17.15316700
16.60970800
16.67175000
16.23283400
16.67041600
17.26004200
16.94654200
15.90437500
16.75179100
16.91466700
16.34587500
16.84662500
16.59287500
16.90941700
16.68487500
16.73325000
16.55895800
16.86800000
16.35804200
16.87141600
16.65600000
16.71833400
16.80295800
16.50279200
16.70233300
16.65508300
16.88037500
16.38229200
16.80950000
16.67004200
16.71500000
16.50783300
17.05887500
16.39108300
16.87458400
16.70362500
16.35437500
17.01345800
16.60900000
16.78641700
16.62704100
16.61916700
16.81212500
16.36208300
16.90679200
16.39750000
16.64741700
16.60941600
16.87187500
16.77416700
16.36791700
17.19250000
16.53054100
16.80408400
16.65620800
16.23691700
16.85904100
16.74083400
16.95191600
16.26995900
16.86429100
16.38783400
16.97029100
16.68158400
16.70750000
16.87712500
16.87162500
16.40029100
16.31208400
16.76716600
16.88233400
16.55591600
16.73983400
16.72658300
17.03166700
16.05983300
16.71695800
17.32487500
16.14883400
16.95216600
16.61633400
16.68991600
16.35466700
16.92654200
16.81320800
16.64950000
16.53787500
17.07004200
16.19975000
16.83983300
16.97279200
16.43475000
16.98695800
16.46666700
16.82983300
16.62304200
16.58558300
16.76545800
16.54679200
16.86975000
16.32200000
16.92916700
16.71733300
16.69650000
16.70412500
16.62654200
16.85870800
16.45962500
16.56175000
16.40012500
17.03125000
16.83370800
16.57116700
16.87062500
16.45445800
16.62470900
16.89345800
16.79812500
16.37858300
16.60662500
16.87575000
16.55804200
16.85179200
16.60612500
16.76870800
16.72120800
16.44000000
16.92687500
16.38379200
16.71091700
16.60225000
17.02866600
16.67645900
16.58854100
16.94008400
16.51737500
16.43241600
17.21641700
16.36354200
16.48479100
17.00508400
16.19429100
16.58816700
17.00820800
17.19937500
16.23795900
16.87741600
16.58500000
16.46570900
16.67520800
17.01154200
16.43575000
16.55062500
17.05979100
16.28908400
16.76633300
16.64600000
16.88704200
16.50283300
16.72500000
16.64425000
16.72133300
16.68979200
16.58150000
16.83595800
16.73095900
16.82791600
16.47212500
16.83037500
16.64662500
16.72841700
16.64945800
16.67587500
16.54325000
16.74662500
16.48620900
16.84650000
16.44466600
16.74633400
17.06683300
16.28916700
16.72083300
16.57337500
16.78583300
16.83762500
16.66262500
17.02775000
16.38212500
16.40712500
16.86279200
16.74595800
16.39479200
16.98962500
16.86375000
16.63916700
16.60541600
16.55545900
16.97062500
16.59037500
16.71833300
16.70354200
16.56104100
16.53858400
16.99204100
16.62412500
16.68187500
16.65775000
16.63066700
16.74358300
16.64466700
16.67945800
16.68058400
16.67354100
16.68666700
16.77391700
16.45820800
16.64683300
16.79458400
17.10000000
16.13479100
16.65366700
16.95354200
16.77900000
16.59700000
16.23787500
16.87341600
16.72095900
16.92470800
16.64795800
16.69312500
16.56558400
16.55458300
17.00141700
16.58645800
16.76712500
16.67791700
16.56383300
16.84154200
16.53004100
16.88308400
16.48979100
16.83291700
16.33470800
16.98470900
16.59441600
16.74883400
16.52108300
16.68575000
16.81612500
16.72091700
16.65862500
16.62225000
16.73450000
16.63916600
16.79650000
16.76645900
16.12904100
16.94195900
16.90545800
16.57816700
16.16800000
17.02079100
16.78791700
16.48916700
17.02408300
16.48483300
16.94583400
16.30429100
16.79337500
16.69808400
16.85266600
16.62966700
16.79395800
16.30870900
16.92658300
16.42066700
17.08437500
16.49266600
16.75350000
16.67512500
16.70283400
16.85491600
16.41991700
16.48804200
16.81283300
16.67716700
16.82675000
16.83737500
16.33570800
17.09479200
16.76483300
16.20783300
17.31062500
16.37795900
16.81012500
16.56695800
16.75458300
16.64862500
16.20241700
16.73962500
16.62983300
17.12770900
16.73887500
16.73150000
16.68812500
16.27345800
17.32225000
16.23483300
16.64791700
16.65475000
16.80187500
16.88875000
16.63641700
16.88995800
15.93720800
16.74570900
17.24745800
16.37762500
16.42508300
17.28520900
16.60795800
16.75629200
16.19891600
17.26229200
16.71095800
15.95483400
16.83154100
16.66041700
17.08570800
16.55895900
16.70804100
16.72537500
16.68929200
16.77354200
16.53395800
16.77762500
16.62179200
16.82587500
16.63012500
16.56045800
17.00425000
16.31254200
16.81850000
16.23729100
17.09879200
16.80812500
16.55283300
16.54550000
16.30845900
17.10325000
16.24741600
17.15712500
16.69833400
16.75616600
16.57891700
16.67045800
16.64870900
16.49633300
16.80033300
16.74829200
16.46270800
16.57454200
17.08745800
16.74233400
16.23283300
16.67204200
16.92758300
16.46637500
16.76504200
16.81445800
16.42741700
16.62437500
16.70895800
16.71933300
16.80104200
16.60745800
16.61045900
16.84379100
16.66066700
16.66554200
16.66233300
16.88229200
16.35616600
16.87525000
16.55191700
16.81629200
16.54383300
16.87583300
16.57787500
16.67954200
16.74337500
16.48300000
17.04116700
16.38920800
17.08150000
16.25558300
16.76529200
16.67670800
16.58079200
16.87970800
16.49395900
16.81779100
16.73904200
16.61391700
16.58045800
16.61737500
16.48879200
16.68754100
16.68129200
16.81633300
16.71958400
17.10300000
16.24454100
16.82758400
16.96645800
16.74412500
16.61729200
16.63495800
16.69904200
16.42237500
16.59716600
16.86529200
16.93237500
16.35416700
16.92400000
16.52308300
17.42100000
15.91379200
17.02312500
16.43529100
16.76916700
16.48645800
16.69525000
16.98091700
16.89562500
16.19366700
16.99062500
16.36087500
16.87825000
16.69008300
16.82916700
16.52279100
16.77362500
16.80704200
16.50829200
16.66962500
16.76500000
16.76029100
16.31458400
17.01391600
16.64129200
16.69950000
16.32554200
16.73887500
16.90000000
16.69145800
16.38145800
17.14170900
16.48241600
16.50054200
16.74283300
16.52750000
16.75745900
16.64791600
16.98716700
16.60858300
16.68537500
16.66241700
16.70500000
16.69991700
16.83287500
16.59683300
16.73637500
16.59608300
16.40750000
16.68870900
16.99645800
16.76370800
16.47954200
16.22500000
17.11133300
16.34345900
16.59866600
16.87908400
16.47312500
17.12116600
16.59225000
17.07658400
16.32666600
16.49733400
16.67462500
16.50516600
17.19704200
16.71033300
16.35354200
16.77937500
16.54862500
16.98483300
16.40395900
16.92366600
16.45483400
16.80516600
16.80608400
16.60645800
16.48825000
16.60712500
16.77370800
16.85291700
16.71125000
16.79095800
16.19858400
17.06200000
16.82145800
16.46712500
16.48795800
16.67520900
16.63866600
17.03758400
16.35691600
16.72529200
16.97225000
16.44816700
16.63220800
17.02016700
16.60154100
16.49766700
16.66891700
16.83725000
16.85629100
16.49829200
16.56370800
16.59870900
16.61120800
16.86183300
16.70062500
16.58766700
17.22004200
16.33595800
16.63012500
17.05612500
16.21612500
16.92250000
16.55054200
17.03000000
16.48708300
16.64904200
16.62758300
16.81987500
16.77354200
16.61137500
16.48787500
16.78991600
16.74512500
16.46375000
17.14220900
16.58237500
16.66629100
16.50550000
16.82212500
16.64620900
16.66508300
16.71254200
16.25954100
17.22845900
16.58725000
16.47237500
16.47387500
17.23820800
16.59537500
16.04729200
16.81925000
17.28662500
16.07229100
17.13562500
16.70287500
16.35620900
16.61737500
16.98483300
16.73683300
16.51020900
16.54620800
16.92308300
16.72987500
16.50837500
16.97700000
16.87395900
16.08850000
16.63004100
16.61391700
17.06650000
16.70895800
16.52716700
16.65312500
16.87520800
16.68745900
16.63312500
16.61925000
16.43858300
16.96950000
16.67891700
16.77629100
16.60112500
16.64520900
16.58787500
16.47029100
17.05045900
16.73854100
16.44208400
16.58445800
16.76637500
16.80308300
17.19566700
16.22462500
16.47395800
16.64333400
17.35033300
16.44854200
16.66408300
16.84516700
16.46100000
16.79033300
16.61020800
16.71045900
16.70704100
16.67295900
16.76816600
16.18991700
17.21683300
16.47604200
16.74975000
16.31500000
16.56520800
16.82658400
16.47891600
16.75625000
17.09008400
16.63270800
16.53158300
16.94591700
16.59562500
16.73416700
16.68579100
16.60608400
16.43083300
16.55925000
17.13454200
16.25916600
17.17470900
16.41341600
16.73095900
16.69795800
16.61391700
16.82279100
16.52808400
16.76925000
16.69508300
16.71791700
16.53312500
16.65945800
16.95158300
16.51354200
16.85083300
16.60795900
16.74191600
16.80875000
16.57129200
16.80208300
16.48708400
16.70608300
16.75216700
16.62312500
16.74150000
16.60883300
16.66045800
16.77233400
16.53462500
16.39362500
16.61200000
16.69341600
16.71650000
17.20008400
16.34729100
16.94058400
16.25708300
16.66375000
16.72900000
17.02900000
16.30137500
17.04145800
16.23666700
16.94362500
16.94683300
16.43441700
16.92033300
16.56270900
16.48204100
16.96595900
16.43250000
16.57054100
17.00066700
16.53083300
16.85233400
16.49854100
16.70658400
16.55629100
17.05762500
16.58908400
16.36929100
17.04600000
16.54154200
16.74075000
16.70658300
16.43416700
16.87875000
16.71783300
16.42637500
16.83150000
16.67100000
16.76741700
16.64345800
16.47458400
16.67958300
16.95279200
16.39695800
17.09712500
16.55150000
16.58445800
16.92487500
16.41595900
16.50158300
16.60845800
16.93758400
16.67825000
16.46370800
16.87912500
16.78095800
16.66141700
16.63125000
16.74800000
16.62191700
16.85620800
16.60708300
16.59458400
16.79800000
16.73187500
16.52975000
16.77012500
16.53458300
16.99575000
16.17554200
16.85254100
17.10391700
16.70020800
16.43937500
16.73412500
16.85270900
16.49154100
16.78083400
16.71816600
16.78750000
16.49716700
16.79541700
16.28445800
16.91012500
16.79454200
16.58841600
16.78375000
16.27495900
16.65925000
16.94625000
16.86100000
16.56500000
16.69729100
16.44345900
16.81975000
16.86550000
16.46683300
16.38379200
17.07429100
16.30200000
16.72550000
16.89787500
16.85275000
16.68883400
16.64058300
16.71979200
16.41958300
16.96020800
16.78850000
16.25479200
17.10066700
16.33516600
17.01587500
16.55737500
16.83479200
16.64566700
16.51833300
16.54662500
16.59895800
16.84891700
16.89104200
16.65829100
16.63750000
16.24841700
16.89462500
17.06875000
16.60712500
16.81904200
16.55587500
16.68516600
16.59391700
16.95841700
16.42062500
16.70454100
16.80741700
16.60379200
16.62120800
16.46416700
17.03541600
16.43500000
16.34725000
17.09412500
16.46187500
17.05075000
16.67341700
16.48537500
16.73845800
16.66241700
16.88354200
16.51941600
16.72129200
16.51637500
16.53462500
16.93766700
16.66800000
16.75412500
16.29029100
16.84670900
16.56612500
16.71933300
17.07491700
16.58929100
16.80483400
16.56833300
16.38058300
16.70545900
16.67354100
17.17987500
16.31625000
16.80991700
16.35825000
16.80929200
16.75658300
16.74995800
16.72695900
16.75529100
16.50045900
16.60425000
16.67800000
16.72220800
17.00429200
16.46420800
16.88470800
16.70537500
16.32395900
16.81304100
16.78062500
16.53954200
16.72354200
16.49145800
17.04329200
16.41429100
16.79800000
16.88033400
16.51091600
16.64358400
16.65275000
16.76337500
16.55554100
16.71966700
16.66562500
16.65112500
16.65962500
16.93908300
16.73495900
16.56541600
16.49816700
17.14641700
16.16120800
17.16766700
16.62258300
16.43483300
16.83937500
16.81650000
16.87037500
16.45150000
16.78737500
16.59062500
16.77383400
16.58033300
16.76891700
16.61270800
16.35954200
17.08029100
16.63225000
16.10670900
17.12300000
16.43662500
17.14254100
16.25900000
17.10891700
16.57479200
16.38512500
17.06441600
16.74429200
16.16112500
17.11716700
16.20254100
17.14891700
16.72404200
16.69833300
16.73129200
16.10770800
17.16033300
16.20179200
17.25245800
16.72945900
16.58129100
16.70745900
16.43587500
16.85675000
16.81545800
16.69033300
16.71750000
16.08237500
17.31808400
16.50716600
16.70379200
16.81329200
16.12970800
16.65145800
16.70700000
17.11995900
16.69350000
15.99704100
17.42237500
16.61100000
16.05829200
16.64900000
16.94920800
17.16129200
16.14670800
17.11500000
16.66462500
16.64820900
16.37337500
17.47470800
16.73141700
15.95704100
17.02400000
16.69262500
16.43083400
17.00641600
16.36579200
16.93320800
17.05341700
16.02912500
16.86204200
16.71216600
16.47004200
17.18250000
15.94412500
16.86179200
16.75166600
16.47320900
16.82620800
16.76883300
16.56220900
16.69529100
16.64287500
16.75816700
16.55954200
17.02945800
16.37741700
16.59441600
16.99891700
16.59200000
16.56791700
16.49720800
16.99587500
16.45270800
16.92316700
16.59708300
16.69625000
16.79383400
16.50883300
16.90791700
16.33712500
17.05287500
16.53791600
16.49387500
16.93037500
16.65308400
16.56250000
16.72908300
16.76695800
16.25808400
16.79370800
16.76000000
16.79633300
16.71683400
16.64833300
17.02320800
16.31412500
16.66441700
16.39962500
16.87591700
16.86970800
16.73108300
16.52645900
16.88708300
16.48145800
16.40983400
17.04891600
16.64095900
16.89816600
16.45837500
16.82800000
16.23095900
16.96541600
16.93262500
16.79208400
16.45000000
16.85491600
16.59562500
16.61795900
16.64600000
16.28383300
16.94575000
16.87270800
16.57116700
16.72312500
16.68054200
16.29879100
17.05087500
16.68225000
16.72541700
16.82479200
16.43037500
16.68216600
16.72350000
16.84283400
16.48775000
16.97404100
16.33662500
16.84075000
16.65775000
16.76887500
16.46312500
16.83479200
16.82208300
16.73325000
16.41979200
16.66100000
16.97604200
16.68633300
16.70670800
16.76545900
16.57666600
16.62100000
16.75850000
16.55787500
16.71508400
16.63745800
16.80533300
16.42408400
16.82425000
16.81612500
16.54800000
16.79579100
16.40158400
16.57241600
16.80612500
16.88133400
16.38425000
17.08204100
16.36291700
16.86416700
16.73733300
16.35179200
16.94766600
16.48887500
17.05179200
16.66854200
16.36437500
16.88541600
16.71445900
16.47475000
17.14504100
16.25575000
16.49637500
16.75320900
16.91820800
17.11112500
16.17420800
16.78116700
16.68825000
16.37425000
16.72558300
16.45887500
16.82254200
16.95620800
16.80858400
16.29416600
16.57195900
16.91125000
16.44983300
16.97950000
16.61362500
16.48400000
16.62379200
16.99870800
16.87625000
16.56058300
16.55712500
16.85591700
16.33041700
16.87616600
16.40758400
16.67712500
16.70841600
16.89133400
16.65787500
16.86154100
16.64512500
16.67433400
16.86679100
16.58937500
16.46429200
16.70079200
16.93933300
16.36575000
17.14154200
16.40195800
17.04420800
16.34112500
16.60150000
17.03058400
16.59233300
16.62395800
16.83966700
16.28708300
17.13695900
16.41820800
16.87220800
16.68604200
16.69300000
16.67516700
16.48245800
16.83287500
16.83345800
16.11266700
16.60529200
17.18545800
16.60379200
16.32204100
17.02291700
16.68250000
16.47737500
17.13079200
16.28700000
16.37741600
17.13770900
16.87475000
16.59870800
16.38925000
16.87237500
16.93045800
16.10045900
17.01270800
16.52595800
16.85887500
16.71050000
16.71741700
16.48308300
16.99475000
16.40366700
16.79804200
16.55912500
16.51275000
16.91250000
16.49275000
16.49750000
17.07712500
16.63929100
16.85012500
16.75812500
16.05287500
17.06550000
16.67179200
17.03770800
16.22779200
16.90870800
16.70858400
16.76850000
16.71429100
16.22683400
17.11687500
16.08254100
17.04233400
16.74454100
16.30525000
17.00233400
16.87108300
16.49087500
16.57125000
16.88362500
16.79895800
16.42762500
16.73116700
16.64775000
16.72633300
16.56458400
16.56091600
16.73195900
16.82583300
16.55545800
16.82420900
16.60762500
16.64858300
16.77579200
16.59029100
16.77387500
16.79129200
16.71941700
16.29091600
16.94250000
16.70170900
16.55316600
16.62320900
16.70337500
17.05641600
16.29637500
16.68033400
17.03604100
16.54745900
16.78562500
16.56787500
16.69366600
16.69762500
16.40062500
17.09104200
16.29850000
17.13675000
16.50704200
16.78608300
16.69270800
16.65950000
16.47983400
16.83012500
16.35362500
16.69212500
17.11600000
16.23570800
16.77441700
17.38887500
15.88362500
16.78779100
17.32137500
16.47595900
16.90891600
16.46683400
16.23454100
17.38966700
16.33266700
16.79375000
16.67491600
16.57729200
16.81533300
16.55583400
16.64187500
16.69795800
16.87716700
16.58979100
16.62108400
16.77337500
16.67179100
16.58016700
16.68470800
16.98162500
16.57837500
16.57650000
16.72879200
16.50679200
16.84200000
16.69833300
16.82054200
16.68233300
16.59929200
16.55512500
16.91291600
16.59429200
16.42454200
17.10670800
16.64350000
16.75054200
16.45575000
16.34066600
17.23975000
16.55658400
16.19004100
17.16325000
16.27337500
17.13016700
16.16329200
17.20258300
16.72129200
16.28583300
17.02583300
15.98075000
17.28220900
16.44033300
16.97670800
16.46604200
16.44945800
17.14183400
16.23191600
16.64370900
16.98770800
16.65666700
16.72629100
16.80825000
16.46333400
16.68404100
16.50029200
16.99783300
16.54633400
16.72870800
16.66466700
16.81254100
16.26391700
17.15562500
16.72100000
16.15825000
16.92254200
16.68429100
16.41416700
16.95420800
16.65325000
16.62912500
16.71970900
16.65329100
16.75550000
16.66120900
16.77829100
16.44066700
16.82904200
16.80979100
16.43541700
16.86316700
16.52212500
16.67083300
16.73416700
16.88075000
16.34391600
16.96608400
16.48979100
16.64479200
16.85166700
16.73112500
16.61200000
16.71250000
16.42891600
17.21966700
16.19212500
17.05520800
16.50854200
16.75216700
16.65079100
16.69150000
16.66637500
16.63483400
16.66729100
16.43904200
17.00454200
16.36141600
16.81158400
16.66979100
16.98508400
16.59958300
16.42162500
16.75212500
16.59066700
16.63604100
17.00129200
16.53904200
17.00566600
16.35466700
16.92008300
16.59625000
16.80737500
16.59700000
16.75945900
16.77816600
16.90166700
16.30104200
16.81025000
16.62625000
16.64008300
16.52383300
16.59400000
17.05529200
16.32733300
17.16416700
16.65941700
16.23591600
17.00333400
16.75020800
16.52462500
16.75462500
16.57725000
16.77287500
16.38154200
16.97900000
16.33000000
17.44383300
16.23208300
16.78987500
16.50100000
16.42529200
16.80512500
16.84733300
16.72312500
16.64879200
16.68937500
16.92875000
16.47058300
16.45945900
16.98262500
16.64537500
16.54170800
16.90870800
16.51050000
16.44454200
16.76687500
16.60779200
17.04362500
16.84991600
16.42504200
16.41829200
16.89900000
16.72737500
16.67058300
16.68837500
16.36179200
17.01600000
16.70570800
16.62454200
16.52500000
16.83050000
16.70837500
16.58312500
16.66416600
16.47158400
16.57066600
16.78429200
16.92091700
16.92154100
16.95308400
19.96466600
13.39608400
15.95554100
16.58245900
16.72458300
16.98162500
16.63458300
16.61912500
16.87687500
16.32341700
16.89233300
16.69533400
16.67825000
16.41870800
16.88045800
16.71520900
16.54145800
16.75991700
16.64820800
16.69083300
16.86962500
16.45616700
16.70612500
16.58991700
16.77466600
16.84075000
16.40245900
16.79687500
16.71208300
16.57891700
16.67845800
16.96262500
16.37458300
16.85987500
16.62587500
16.57687500
16.71016700
17.01958300
16.38441700
16.78712500
16.80066700
16.58183300
16.52479200
16.81729100
16.75691700
16.53754200
16.87666600
16.54929200
16.64020800
16.60658400
17.15495800
16.29441700
20.68425000
12.73350000
16.88933300
17.01404200
16.15191600
16.71220900
16.84083300
16.71087500
16.30779200
17.06841600
16.31900000
16.90620900
16.75808300
16.58070800
16.77975000
16.67970900
16.63741600
16.63337500
16.52900000
17.08750000
16.47216700
16.45770800
16.81591700
16.62070800
17.03645900
16.43233300
16.79537500
16.55816700
16.49904100
16.72912500
16.87720900
16.69516600
16.72937500
16.69100000
16.39958400
17.11658300
16.56720800
16.38325000
16.84095900
16.90237500
16.40112500
16.60616600
16.94058400
16.65829100
16.49825000
16.96020900
16.52175000
16.65500000
16.91691600
16.39133400
16.76575000
16.79412500
16.48237500
16.95854100
16.71404200
16.54558300
16.71037500
16.63587500
16.65104200
16.51304200
17.08683300
16.49641700
16.80525000
16.56208300
16.82612500
16.60966700
16.59245800
16.56337500
16.82179200
16.67808300
16.67425000
16.58462500
17.14829200
16.36662500
16.51162500
16.66770800
16.97633300
16.37350000
16.72662500
17.05645900
16.38625000
16.95729100
16.70125000
16.58537500
16.64412500
16.38462500
17.11904200
16.65575000
16.67229200
16.18383300
17.24800000
16.29437500
16.80754200
17.55683300
15.76308300
16.90462500
16.49475000
16.52091700
16.95883300
16.28212500
17.28516700
16.48350000
16.69475000
16.68129200
16.39070800
16.83916700
16.62595800
16.89283300
16.36079200
16.63254200
16.89379100
16.64137500
16.58808400
17.00333300
16.38437500
16.82954200
16.66862500
16.85587500
16.31604100
17.04012500
16.44779200
16.70154200
16.58816600
17.04583400
16.47566600
16.64900000
16.85787500
16.58812500
16.70070900
16.84504100
16.42570900
16.55166600
16.75004200
16.65500000
17.07291700
16.37700000
16.45075000
16.94345800
16.45420800
17.17770900
16.29866600
16.52483400
16.75458300
17.14687500
16.41916700
16.56500000
16.93266600
16.61162500
16.86829200
16.47837500
16.60275000
16.49020800
16.60025000
16.84991700
16.99716700
16.56112500
16.67891600
16.66191700
16.70045800
16.68291700
16.73095800
16.63133400
16.68783300
16.72062500
16.54758300
16.70566700
16.65741700
16.68712500
16.51141600
16.72891700
16.60304200
16.99187500
16.55962500
16.58637500
16.90750000
16.60287500
16.50516600
16.66104200
16.68350000
16.86991700
16.44583300
16.81804200
16.72591600
16.58108400
16.93900000
16.36175000
16.65475000
16.69479100
16.67366700
17.05200000
16.34325000
16.99700000
16.49554200
16.70266600
16.56445900
16.89712500
16.65508300
17.09541700
16.18158300
16.56770800
16.97158400
16.45441600
16.57883400
16.89404100
16.66541700
16.77470800
16.62708400
16.85066600
16.29391700
16.95266700
16.71725000
16.78320800
16.66337500
16.57525000
16.42150000
16.90058300
16.81529200
16.55204200
16.75079100
16.75366700
16.53954200
16.90583300
16.50208300
16.59637500
16.58116700
16.65141700
17.16479100
16.27583400
16.62470800
17.10995800
16.32091700
16.64495800
16.91270900
16.58304100
16.70133400
16.90045800
16.45462500
16.60633300
17.01679200
16.60608300
16.54875000
16.52516700
16.96587500
16.61137500
16.69904200
16.40991600
17.02983400
16.63591600
16.74658400
16.63137500
16.83791600
16.45545900
16.45175000
17.11429100
16.56387500
16.34420900
16.81279100
16.81308400
16.77737500
16.72295800
16.66975000
16.60170800
16.69937500
16.41820900
17.13791600
16.42725000
16.66320900
16.58604100
17.01141700
16.33450000
16.95208300
16.83929200
16.17854200
17.15812500
16.57162500
16.69316600
16.81575000
16.70700000
16.72475000
16.46629200
16.64070800
16.68737500
16.80533400
16.91183300
16.29783300
16.84645900
16.64650000
16.37783300
16.66525000
16.84312500
16.78029200
16.78570800
16.61225000
16.92062500
16.56566700
16.64941600
16.26566700
17.28691700
16.43545800
16.65387500
16.70408300
16.58558400
16.44975000
17.12337500
16.69029100
16.47495900
16.87012500
16.67804100
16.56329200
16.67000000
16.70133300
16.74108400
16.67225000
16.77487500
16.57308300
16.75720800
16.28066700
17.00179200
16.77762500
16.61441600
16.79495900
16.29820800
17.19650000
16.40529200
16.55008300
16.78650000
16.38808300
17.12170900
16.58520800
16.40937500
16.90050000
17.20400000
16.17566700
16.93295800
16.39658300
16.52750000
17.16616700
16.40583300
16.71550000
16.69979200
16.70591700
16.59137500
16.55941600
16.63158400
16.77700000
16.75533300
16.68308300
16.72387500
16.67091700
16.63462500
16.66066700
16.39729100
16.71537500
17.08441700
16.38645800
16.74654200
16.79325000
16.60012500
16.83908300
16.59895900
16.70304100
16.65037500
16.73887500
16.62466700
16.67941700
16.74895800
16.65470800
16.63595900
16.43075000
16.96145800
16.56545800
16.68404200
16.73645800
16.65554200
16.46954200
16.95975000
16.51054100
17.15683400
16.21375000
16.79837500
16.61550000
16.66137500
16.94012500
16.27375000
17.07416600
16.66929200
16.63862500
16.72266700
16.51937500
16.72858300
16.98541700
16.62633300
16.53558300
16.85595900
16.47233300
16.53850000
17.16516700
16.71279100
16.47100000
16.22079200
16.86966700
16.95570800
16.79720800
16.76666700
16.19387500
16.67095800
16.65000000
17.16887500
16.14012500
16.72562500
17.20220900
16.23425000
17.04812500
16.42816600
16.65779200
16.89720800
16.68104200
16.60695800
16.41083400
17.07337500
16.71533300
16.26745800
16.74104200
17.05833300
16.54587500
16.30670900
16.70391600
17.21441700
16.48454200
16.92170800
16.31345800
16.88075000
16.75429200
16.64345800
16.46729200
16.78737500
16.42254200
16.80516600
16.55312500
17.08704200
16.37604200
16.87750000
16.50866600
16.57808400
16.80204100
16.53908400
16.55341600
16.82554200
16.54216700
16.90408300
16.88541700
16.33095800
16.78750000
16.51708300
16.66266700
16.75470800
17.12020900
16.31570800
16.74316700
16.88104100
16.59941700
16.88762500
16.50287500
17.32520800
16.16250000
16.82283400
16.72929100
16.46375000
16.73020900
16.59791600
16.75362500
16.71650000
16.31858400
17.01220800
16.80795800
16.66320900
16.56037500
16.87012500
16.49254100
16.72087500
16.42875000
16.61433400
17.11054100
16.66558400
16.31704100
16.70225000
17.12425000
16.42195900
16.49616600
16.85662500
16.33629200
16.92458300
16.84120900
16.62716600
16.62370900
16.85345800
16.26045800
16.75425000
16.99204200
16.42604200
17.08787500
16.59454100
16.75062500
16.46479200
16.90945800
16.63641700
16.73154200
16.19120800
17.15100000
16.68125000
16.57416700
16.66783300
16.82950000
16.78595800
16.12425000
17.13741700
16.64879200
16.24900000
17.14070800
16.86941700
16.07458300
16.74837500
16.57833300
17.59783400
16.46600000
16.54812500
16.70166600
16.90833400
16.68775000
15.99633300
16.61687500
17.08958300
17.02733400
15.99475000
16.68616600
17.30445900
16.62208300
16.61479200
16.95629100
16.43362500
16.21887500
17.13762500
16.71079200
16.57720800
16.67862500
16.78608400
16.13537500
17.17883300
16.68458300
16.77295900
16.01691600
17.33270900
16.60850000
16.70041600
16.73058400
16.71695800
16.85883300
17.28912500
16.01304200
16.99004200
16.12666600
17.24870900
16.47908300
16.85333300
16.49670900
16.29583300
16.57837500
17.35108300
17.03941700
16.22220800
16.65145900
16.59275000
16.33629100
17.18275000
16.69191700
16.38575000
16.41150000
16.82420800
16.91950000
16.35275000
16.38770900
16.65750000
17.09629100
16.38704200
16.98045800
16.72662500
16.23862500
17.10170900
16.26770800
17.10037500
16.59612500
16.98754200
16.06858300
17.11245800
16.64079200
16.64308300
16.73958400
16.71112500
16.61337500
16.68600000
16.72358300
16.76104200
16.34500000
16.70116600
16.78295900
16.63525000
16.68920800
16.62595800
16.71733400
16.74441600
16.63150000
16.79391700
16.47158300
16.53670900
16.91945800
16.63562500
16.73250000
16.54633300
16.88020900
16.56250000
16.74408300
16.47358300
16.66758400
17.03358300
16.61750000
16.68716700
16.52520800
16.79912500
16.40850000
17.01562500
16.60937500
16.73608300
16.63366700
16.70700000
16.72662500
16.58270800
16.73595900
16.64554100
16.55362500
16.61787500
16.91262500
16.66895900
16.73304100
16.60708400
16.66237500
16.66754100
16.80145900
16.63087500
16.73970800
16.70275000
16.35479200
17.27966600
16.25579200
16.71412500
16.78129200
16.64670800
16.71100000
16.41929200
16.89858300
16.77612500
16.51466700
17.25266600
15.97775000
16.91525000
16.59220900
16.78154100
16.56250000
16.80670900
16.63337500
16.55783300
16.83170800
16.64616700
16.70562500
16.63670800
16.63308400
16.69308300
16.48708300
17.05125000
16.53004200
16.67420800
16.65425000
16.74833400
16.55366600
16.97650000
16.50008400
16.88079100
16.48375000
16.77020900
16.51283300
16.81508300
16.62100000
16.64270900
16.68766600
16.63775000
16.70929200
17.03054200
16.36745800
16.73591700
16.78183300
16.44720800
16.98304200
16.67662500
16.57770800
16.46850000
16.91191700
16.39216700
16.94762500
16.50362500
17.06833300
16.46083300
16.83204200
16.68795800
16.28233400
16.96604100
16.70570900
16.39816600
17.01125000
16.65550000
16.65783400
16.34308300
17.06687500
16.69450000
16.33091700
17.03908300
16.33650000
17.02529200
16.57920800
16.74641700
16.40641600
16.94379200
16.78583300
16.50783400
16.37062500
16.93233300
16.81258300
16.37750000
16.99637500
16.67195900
16.59383300
16.85166700
16.64183300
16.63020800
16.43891700
17.01812500
16.74491700
16.55108300
16.56833300
16.56900000
16.93733400
16.63520800
16.65675000
16.74512500
16.61554200
16.69066600
16.69745900
16.68504100
16.44266700
17.04545800
16.46091700
16.78158300
16.68287500
16.38183400
17.04245800
16.81483300
16.40029200
16.57408300
16.60229200
17.01470800
16.41383400
16.88554100
16.65512500
16.54679200
16.93525000
16.39316700
16.66766600
17.09479200
16.44237500
16.73633300
16.42350000
17.04604200
16.46291700
16.76566600
16.65245900
16.82212500
16.67575000
16.64075000
16.44833300
17.07170800
16.59062500
16.55170900
16.82554100
16.54208400
16.79487500
16.59420800
16.76812500
16.65475000
16.59004200
16.73050000
16.47195800
16.94500000
16.61775000
16.80241700
16.53575000
16.72579100
16.79625000
16.30945900
16.98112500
16.63166600
16.66295900
16.68041600
16.71300000
16.71400000
16.40862500
16.98479200
16.57162500
16.77783300
16.60570900
16.80879100
16.59666700
16.38387500
16.73358300
16.99379200
16.62025000
16.57987500
16.75837500
16.65066700
16.51400000
17.01300000
16.54541600
16.66700000
16.71004200
16.83225000
16.45666700
16.93145800
16.62116700
16.61708300
16.65141700
16.74683300
16.59933300
16.62150000
16.72712500
16.50029200
17.00633300
16.58929200
16.49445800
16.65529200
16.92983300
16.52783400
16.62987500
16.80187500
16.69612500
16.63500000
16.79825000
16.34045800
16.92175000
16.88091700
16.82225000
16.38504100
16.97162500
16.36837500
17.01079200
16.57212500
16.53683300
16.91083400
16.63004100
16.47516700
16.93608300
16.62541700
16.64583300
16.74654200
16.56808300
16.95391700
16.53854200
16.62187500
16.72845800
16.68720800
16.61429200
16.48858300
16.72179200
16.98595800
16.57820900
16.64166600
16.51929200
16.79558300
16.78458400
16.69750000
16.85458300
16.55700000
16.26437500
17.28587500
16.44287500
16.50729200
16.97270800
16.19875000
17.04225000
16.48754200
16.70912500
16.67445800
16.86425000
16.77933300
16.30191700
16.67908300
16.96275000
16.28245900
16.86962500
16.92445800
16.43033300
16.85887500
16.54995900
16.66741600
16.89120900
16.43650000
17.14100000
16.26350000
16.93554100
16.18225000
16.96191700
16.93200000
16.62204200
16.79437500
16.74516600
16.57704200
16.81033300
16.52066700
16.73691700
16.41908300
16.68220800
16.94441700
16.63087500
16.32891700
16.48812500
17.05295800
16.89679200
16.56645800
16.77162500
16.64695800
16.63020900
16.74141600
16.67608400
16.78354100
16.38966700
16.99795800
16.43525000
16.96600000
16.88725000
16.26962500
16.88679200
16.64158300
16.57858400
16.83441600
16.63237500
16.92200000
16.17887500
17.04570900
16.54475000
16.38725000
17.17029100
16.54220900
16.82079100
16.54329200
16.35241700
17.14770800
17.83104200
15.28187500
16.92320800
16.33858300
17.39887500
16.44470900
16.72083300
16.27170800
16.18325000
16.75437500
16.87666700
17.16825000
16.38520800
16.86029200
16.61300000
16.65858300
16.67366700
16.38979200
17.27141600
16.19287500
16.88729200
16.42325000
17.08662500
16.68791700
16.63041600
16.72604200
16.60045800
16.41258400
17.13070800
16.38887500
16.74120800
16.46512500
17.11612500
16.46370900
16.38650000
17.10079100
16.32733400
16.59650000
16.72562500
17.12216600
16.53695900
16.50291600
17.13579200
16.50625000
16.70300000
16.04908300
17.28191700
16.38566700
17.17879100
16.20833400
17.08433300
16.80104200
16.59358300
16.58258300
16.67775000
16.58700000
16.78629200
16.72862500
16.21295800
17.21845900
16.55016600
16.67945900
16.36858300
17.16404200
16.49108300
16.70104200
16.65500000
16.40595800
17.21925000
16.02412500
16.98450000
17.01762500
17.46575000
15.38654200
16.70104100
16.71616700
16.88350000
16.64020800
16.94970900
16.59429100
16.82229200
16.50162500
16.47470800
16.84983400
16.67187500
16.32900000
17.25354100
16.50916700
16.62504200
16.77733300
16.64000000
16.76083300
16.74166700
16.55616700
16.71562500
16.64395800
16.35408300
16.61754200
16.84758300
16.89995900
16.57704100
16.67975000
16.71704200
16.27725000
16.98070800
16.65129200
16.62262500
16.78533300
16.90595900
16.59754100
16.64954200
16.82391700
16.66350000
16.30425000
17.05770800
16.04025000
17.28750000
16.43108300
17.08525000
16.64375000
15.99254200
17.35866700
16.66258300
16.69895800
16.26162500
16.69337500
17.10312500
16.61504200
16.18608300
16.52475000
16.93916700
16.63062500
16.69087500
17.13925000
16.20675000
17.27237500
16.31383300
17.01550000
16.31645900
16.59645800
17.22666700
16.54412500
16.73483300
16.13441700
17.16325000
16.23841600
17.16529200
16.55116700
16.63312500
16.58133300
16.47883300
17.06404200
16.69587500
16.72550000
16.75475000
16.54279200
16.32533300
17.17166700
16.61500000
16.65762500
16.64425000
16.41937500
17.07400000
16.70716600
16.43095900
16.40987500
16.72437500
17.01383300
16.54633300
16.53195900
17.09254100
16.36950000
16.94166700
16.26908300
17.07225000
16.57512500
16.77245900
16.61008300
16.74483300
16.74400000
16.55395900
16.75833300
16.51533300
16.86754200
16.57341700
16.42062500
17.13837500
16.54325000
16.69025000
16.56575000
16.83454100
16.57587500
16.78533400
16.52091600
16.99000000
16.55450000
16.68987500
16.65316700
16.71704200
16.53212500
16.85600000
16.32204100
17.13066700
16.48495800
16.80341700
16.63808300
16.73375000
16.74175000
16.58225000
16.74208400
16.65766600
16.71541700
16.60150000
16.78745800
16.58912500
16.62454200
16.85691700
16.18850000
17.16504100
16.57804200
16.79704200
16.51425000
16.76358300
16.72912500
16.57212500
16.76479200
16.25450000
17.14950000
16.66437500
16.50741600
16.90591700
16.61391700
16.64908300
16.96058300
16.15820900
16.61020800
17.13520800
16.59483400
16.64125000
16.88370800
16.50570800
16.65283400
16.73625000
16.57629100
16.76837500
16.69470900
16.75545800
16.56520800
16.78054200
16.25420800
17.16025000
16.60687500
16.69787500
16.65154200
16.91295800
16.43012500
16.63170900
16.75758300
16.64029200
16.72487500
16.69345800
16.28129200
17.12266600
16.63320900
16.65912500
16.71591600
16.24637500
16.70554200
17.11533300
16.62266700
16.30587500
17.19987500
16.50679200
16.74004100
16.60200000
16.83183400
16.60362500
16.75066600
16.63316700
16.75737500
15.99250000
17.04295800
16.94595900
16.77708300
16.61220800
16.69120900
16.72383300
16.38850000
17.06754200
16.69837500
16.60712500
16.75750000
16.42262500
16.56562500
16.79275000
16.73158300
16.75420800
16.51533400
16.48166600
17.08883400
16.58204100
16.75995900
16.68745800
16.41300000
16.99458300
16.69912500
16.33758400
17.01104100
16.01550000
17.12583400
16.88237500
16.76900000
16.59170800
16.74170800
16.07195900
17.19800000
16.81525000
16.59437500
16.35008300
16.72587500
17.00670800
16.64620900
16.85791600
16.62250000
16.59025000
16.70233400
16.83250000
16.13379100
16.91516700
16.85666700
16.64675000
16.74095800
16.63712500
16.09870800
17.00075000
16.82508400
16.65033300
16.71941700
16.26358300
16.91341700
16.70829100
16.55325000
16.95950000
16.35079200
16.65762500
17.17508300
16.37029200
16.55900000
16.99900000
16.50575000
16.32575000
17.11066700
16.74670800
16.41191700
16.98395800
16.41670800
17.05554200
16.52958300
16.70712500
16.36075000
17.11975000
16.53275000
16.71862500
16.35062500
16.88070900
16.91775000
16.58304100
16.71587500
16.55208400
16.88716600
16.27808400
16.78425000
16.97237500
16.21108300
16.75437500
17.06225000
16.58408300
16.67545900
16.69195800
16.67529200
16.73820800
16.45350000
16.72583300
16.92387500
16.36220900
16.80858300
16.98987500
16.52325000
16.66200000
16.79983300
16.54904200
16.64491700
16