16.70708400
1651.73675000
16.55283300
18.04566700
15.33204100
18.01437500
15.33837500
18.34512500
15.00904200
17.52708300
15.83254200
19.48033300
13.90962500
19.21925000
14.14291700
18.38616700
14.98733300
19.84062500
15.33337500
21.12100000
10.43491700
18.58095800
14.78433300
18.18816700
15.16525000
19.10620800
14.27129200
18.06250000
15.29304200
17.67537500
15.70054100
17.65829200
15.70812500
17.70408300
15.67887500
18.09141700
15.25179200
17.77691600
15.58850000
17.66641700
15.73333300
17.76825000
15.56041700
17.65333300
15.72287500
17.95029200
15.44625000
17.54091700
15.79375000
17.66254100
15.69820900
17.69820800
15.71879200
17.40862500
15.90958300
17.49425000
15.90079200
17.55604100
15.78887500
17.67912500
15.67658400
17.45154100
15.91916700
17.63741700
15.75041600
17.37616700
15.96691700
17.38966600
16.00275000
17.38775000
15.95479200
17.50920800
15.85537500
17.38395900
16.01208300
17.35650000
15.98383300
17.43500000
15.96679200
17.25612500
16.07620800
17.53579200
15.82845800
17.32645900
16.07787500
17.25066600
16.08216700
17.26954200
16.09033300
17.26225000
16.11629200
17.15016600
16.21400000
17.31750000
16.06016700
17.27329200
16.09191600
17.13054200
16.24045800
17.27654200
16.07616700
18.52637500
14.84141600
18.94166700
14.45479200
19.61129100
13.73579200
19.02466700
14.34062500
19.30666600
14.08941700
19.09804200
14.22725000
19.17383300
14.19233300
19.22700000
14.15825000
19.37841700
13.97145800
19.09741700
14.28037500
19.44983300
13.95670900
19.25425000
14.10620800
19.22204200
14.09441600
19.21466700
14.15937500
19.40100000
13.97579200
19.35329100
14.00200000
19.95258400
13.41683300
19.98487500
13.36279200
18.66470800
14.70429200
18.63320800
14.73304200
18.25600000
15.12716600
17.48687500
15.86262500
19.23162500
14.15362500
19.25470900
14.17016600
19.30150000
13.99029200
19.11900000
14.32608300
19.07941700
14.21608300
19.52154200
13.96658300
19.19875000
14.18708400
19.04612500
14.36362500
19.16587500
14.17341600
19.30629200
14.38945800
19.50250000
14.12816700
19.39733300
13.51237500
18.57079200
14.74308300
18.40608400
14.96845800
18.35975000
15.02579200
18.51875000
14.89125000
18.42466600
14.96120900
18.13620800
15.27458300
18.18870900
15.11408300
18.56529200
14.87720800
18.10516700
15.29370800
17.75583300
15.54116700
17.62087500
15.80258300
17.90912500
15.49020900
18.17708300
15.17241700
18.00758300
15.45791700
17.97937500
15.28337500
17.84883300
15.57245800
17.84075000
15.59658400
17.62787500
15.65375000
17.77537500
15.54045800
17.48375000
15.99962500
17.68929200
15.62500000
17.72716600
15.74579200
17.50612500
16.01208300
17.16304200
16.10216700
17.08141600
16.25541700
17.36308300
15.95591700
17.00641700
16.51662500
17.25900000
16.13416600
17.34950000
16.02300000
16.96983400
16.33875000
18.32491600
17.14295900
14.52404100
17.14504200
16.02987500
17.37637500
16.34604200
17.26633300
16.01008300
17.06441700
16.05670800
17.15454200
16.37625000
17.25654200
16.40729100
17.30629200
15.81475000
17.07954200
16.32341600
17.18691700
16.23687500
17.19204200
15.91508300
17.33691700
16.27391600
17.14541700
16.19458300
17.11825000
16.19458400
17.34283300
15.85954200
17.02604100
16.60412500
17.18200000
15.96316700
16.17350000
17.39000000
16.24541700
17.16116600
16.50858400
16.76654100
16.57037500
16.83875000
16.52491700
16.67158300
16.66370900
17.09591600
16.37700000
16.85425000
16.44366700
16.97020800
16.21554200
17.03662500
16.26191700
17.18320800
16.48408300
16.80745900
16.50691600
16.89112500
16.19887500
17.10987500
16.49008400
17.02033300
16.00008300
17.29245900
16.24054100
17.13145900
16.35545800
16.86462500
16.62412500
16.93020800
16.44829200
16.63591700
16.59587500
17.16250000
16.43433300
16.89612500
16.29658300
16.85808400
16.55866600
16.97920900
16.62166600
16.71295900
16.74037500
16.63870800
17.57541700
15.90354100
17.35720900
15.91258300
17.35266700
15.86929100
17.54495900
16.09641600
17.34366700
15.97804200
17.26616600
15.90737500
17.34862500
16.12662500
17.05254200
16.43833300
17.01050000
16.34608400
16.81395800
16.57187500
16.96354200
16.42041600
17.04758400
16.29829100
17.06295900
16.26041600
17.25516700
16.17862500
17.16333300
16.35966700
17.66554200
15.62633300
17.35766700
15.76120800
17.45087500
15.89470800
16.31504200
16.90450000
16.32525000
17.03366700
16.01683300
17.46275000
16.49520800
16.62900000
17.03991700
16.52095800
16.29633400
17.18800000
16.15862500
17.19250000
17.17045800
16.29100000
16.51570800
16.72866700
16.47454200
16.88458300
16.56554200
16.86341600
16.41779200
16.92420800
16.38137500
16.93983400
16.43791600
16.90008400
16.27575000
17.06533300
16.17029200
17.33345800
16.27483300
17.13750000
16.34166700
16.86595800
16.10679200
17.26887500
16.25658300
17.12745900
16.39433300
16.99525000
16.24033300
17.13504200
16.08670800
17.06437500
16.40075000
17.16375000
16.23041700
17.11887500
16.03170800
17.23779200
16.30483300
16.92966700
17.74095800
15.73345900
17.34025000
16.00675000
17.79025000
15.58554100
17.15620900
16.22637500
17.29691600
16.09241700
17.18070800
16.11558400
17.38854100
15.87308400
16.71962500
16.87508300
16.10412500
17.21133300
15.98483400
17.61887500
15.76175000
17.41358300
15.94641700
17.36850000
16.06495800
17.29004200
16.00812500
17.28233300
16.08466700
17.29200000
16.07583300
17.31725000
17.46216700
15.82483300
17.04504200
16.42408300
17.34979200
15.87708300
16.72087500
16.81158300
17.31379200
15.99462500
16.85212500
16.57187500
17.23991700
16.15283300
17.32083300
16.05295900
17.16908300
16.64937500
15.65558300
17.71408400
15.50616600
17.76733400
15.64712500
17.78370800
15.57479200
17.76737500
15.55579100
17.73895900
15.67125000
17.85179100
15.51550000
17.72816700
15.60833300
17.61383400
15.74212500
17.77104100
15.61258400
17.77558300
15.56854200
17.60087500
15.77562500
17.90404100
15.45987500
17.87816700
15.50108300
17.83583400
15.56350000
17.87441600
15.47062500
17.88041700
15.45383300
17.91554200
15.52858300
17.77841700
15.52379200
18.01904100
15.34891700
17.98229200
15.38675000
17.90179100
15.46687500
18.28425000
15.05566700
18.07033300
15.31604200
17.84545800
15.52045900
17.98212500
15.38420800
17.93691700
15.42879100
17.82962500
15.53650000
17.96429200
15.39483300
18.06633400
15.30850000
17.36445800
18.87929200
14.78716600
18.11908400
15.06737500
18.15387500
15.17354100
18.20954200
15.20170800
18.95045900
14.45366600
18.48829200
14.80116700
18.35579100
14.79804200
17.32212500
16.19887500
17.59695800
15.66004200
17.54529200
15.69604100
17.49720900
15.94504100
17.46450000
15.95991700
17.67325000
15.62116700
17.54537500
16.01000000
17.56933300
15.80466700
17.69579100
15.47133400
17.93691600
15.53725000
17.65850000
15.86116700
17.21383300
15.97633400
17.17662500
16.26066600
17.25166700
16.05750000
17.27412500
16.23020800
18.14929200
15.64162500
18.72012500
14.47295800
18.05670900
15.05895800
17.31541700
15.99650000
17.47391600
15.85250000
17.51637500
15.87475000
17.58429200
15.72429200
17.42812500
16.05362500
17.44462500
15.77041600
17.55404200
15.95075000
17.52595800
15.82095900
17.27750000
16.01837500
17.60495800
15.72458300
17.47229200
16.06195800
17.49841700
15.78587500
17.63720800
15.74708400
17.50166600
15.74800000
17.54391700
16.10383300
17.61070900
15.65216600
17.67329200
15.60579200
17.57216600
15.83987500
17.32441700
15.92983300
17.32775000
16.26308400
17.64808300
15.55662500
17.44475000
15.91700000
17.55970800
15.80212500
17.57345900
15.80641600
17.23787500
15.89604200
17.60925000
15.88529200
17.43625000
16.00191600
17.40325000
15.77987500
17.41558400
16.38950000
17.45116600
15.72920900
17.36054100
15.87433400
17.54991600
15.97304200
17.29708300
16.00775000
17.36112500
15.93012500
17.43566700
16.01720800
17.42562500
15.85216700
17.10470800
16.25625000
17.34579200
16.20537500
17.29241700
15.83250000
17.33350000
16.00208300
17.34604200
16.05154100
17.08266700
16.62279200
16.95258300
16.30787500
17.17575000
15.96466700
17.05837500
16.46733300
17.13125000
16.11583300
16.93545900
16.51758300
17.06691700
16.49066600
17.08754200
16.10262500
17.08766700
16.24704100
17.68958400
15.56150000
17.85879100
15.54520900
17.72004100
15.73041700
17.85866700
15.46962500
17.51266600
15.85791700
17.56425000
15.77741700
17.95366600
15.45387500
17.56950000
15.85070900
18.28470800
14.93766700
18.31291600
15.15483400
18.01904100
15.44691700
18.30441700
14.92650000
18.50695800
14.98479200
18.23945800
15.15154200
18.09870800
15.13987500
18.37770800
14.98175000
18.06870900
15.37645800
17.74133300
15.67912500
18.07658400
15.25708300
17.97016700
15.38579100
18.17616700
15.00016700
17.62450000
15.99408300
17.82416700
15.39145800
18.13070800
15.41166700
18.27895800
15.02570900
18.37041600
14.83391700
17.60558300
15.68445900
17.28712500
16.08708300
17.48295800
16.01462500
17.21412500
16.10929200
17.23083300
16.11737500
17.52670900
15.86258300
17.43091700
15.90145800
17.26237500
16.15183300
17.46041700
15.92262500
17.29325000
15.97075000
17.45008300
16.01125000
17.13862500
16.34933400
17.27929100
15.94858400
17.40662500
16.01562500
17.55254100
15.88991700
17.42250000
15.89758300
17.43112500
16.04275000
16.91912500
16.41779200
16.95316700
16.39291600
16.81116700
16.71595800
16.67916700
16.60120800
16.76429200
16.39162500
17.00729200
16.39600000
16.95537500
16.47066600
17.03004200
16.32329200
16.91962500
16.53220800
16.80687500
16.50379200
17.03520800
16.41758300
16.86495900
16.55550000
16.78945800
16.45141700
17.00233300
16.33104200
16.97795800
16.27662500
17.03887500
16.50879200
17.25991600
16.35591700
17.14029200
15.87008300
16.95550000
16.39383300
17.12654200
16.35475000
17.03429200
16.41895800
16.92412500
16.30562500
17.07675000
16.38395800
16.91658400
16.41900000
16.91054100
16.38550000
17.16845900
16.33141600
16.86870900
16.37687500
16.79662500
16.59691600
16.94400000
16.49754200
17.07245800
16.29395900
17.11950000
16.27683300
17.11158300
16.12754200
17.09837500
16.32854200
17.07941600
16.24112500
17.11241700
16.26045800
17.11758400
16.33441600
17.05833400
16.26333300
17.07670800
16.27708400
17.11729100
16.22537500
16.85725000
16.39858400
16.90083300
16.36437500
17.17270800
16.28620900
17.09620800
16.44095800
16.91112500
16.43016700
16.95279200
16.48533300
16.91625000
16.25845800
17.29708400
16.23441600
17.05733400
16.16637500
17.27329100
16.10591700
17.03270800
16.58733400
15.75154100
17.47345900
15.88491600
17.47954200
15.88691700
17.62179100
15.74495900
17.55816600
15.82104200
17.59787500
15.75220800
17.55362500
15.84487500
17.51404200
15.82245800
17.63870900
16.12495800
17.38741700
17.40712500
15.65770800
17.16075000
16.38125000
17.20691700
16.04183300
16.73937500
16.68545800
17.02012500
16.31683400
16.73833300
16.71925000
17.00229200
16.33512500
17.03012500
16.31670800
17.53200000
15.98458300
17.20820900
15.95754100
18.75416700
14.55695800
18.39229200
15.10870800
18.22204200
14.92029200
18.08000000
15.40362500
17.88654100
15.50358400
17.86095800
15.63854200
18.55633300
14.70933300
18.14150000
15.08083400
16.78795800
16.37958300
16.95408400
16.62491600
17.00712500
16.13404200
16.58637500
17.05425000
16.63095800
16.63295900
16.67841600
16.69245900
16.55729100
16.64425000
16.74075000
16.81858400
16.74462500
16.68487500
16.58295800
16.75587500
16.67066700
16.38262500
16.77204100
16.83270900
16.81758300
16.64491700
16.71041600
16.36795900
16.89020800
16.79729200
17.03812500
16.19445800
17.09041700
16.06737500
17.34412500
16.30579100
17.29858400
16.02987500
17.15466600
16.11750000
17.54533400
15.98470800
17.24266700
16.13333300
17.22270800
15.31941700
16.72108300
17.76466700
15.57270800
18.00291700
15.37450000
17.75425000
15.61062500
17.82783300
15.53466700
17.96437500
15.40691700
17.70133300
15.71504200
17.77520800
15.53450000
17.94091700
15.41866600
17.83925000
15.52612500
17.72937500
15.64504200
17.82466700
15.53862500
17.25220800
17.81620800
15.68220900
17.81508300
15.56704200
17.72645800
15.46691700
17.49704100
15.93004200
17.72720800
15.51645900
17.61045800
16.10587500
16.08670800
17.22762500
15.91929200
17.52750000
15.83287500
17.55100000
15.81800000
17.40950000
15.95254200
17.58362500
15.81825000
17.52391600
15.82154200
17.49208300
15.85287500
17.54895900
15.82545800
17.37620800
16.15850000
16.99475000
17.48870900
16.04595800
17.88291700
15.42975000
17.86095800
15.46233300
17.97512500
15.23841700
17.97050000
15.68216700
17.87200000
15.26608300
17.84312500
15.77670800
17.91529200
15.35570800
17.79904200
15.68095800
17.97958400
15.30025000
17.92133300
15.56291700
17.25925000
16.01358300
17.17141700
16.02900000
17.55183300
15.96700000
17.44879200
15.83854100
17.43945900
15.98362500
17.70816600
15.59083400
17.65750000
15.69779100
17.55700000
15.91020900
17.60162500
15.76658300
17.59275000
15.66604200
17.57379100
15.91220900
17.86133300
15.50712500
17.63204200
15.72854100
17.34037500
16.25495900
18.38495800
14.84166700
18.19116600
15.22650000
18.21958400
14.98191600
19.08833400
14.48208300
18.76341700
14.56612500
18.94516600
14.41479200
18.57858300
14.73583400
18.34875000
15.06562500
18.38070800
14.91270800
18.24604200
15.16637500
18.34933300
14.81120900
18.18175000
15.36266600
18.04929200
15.31204200
18.51766600
14.87816700
18.20287500
15.23375000
18.72029200
14.69820800
18.75391700
14.66045800
18.66220800
14.42570900
17.55225000
15.84020800
17.62075000
15.73608300
17.51637500
15.91420900
17.46208300
15.86050000
17.46733300
15.94566700
17.18979200
16.12712500
17.25450000
16.27162500
16.23079100
17.09483400
15.94566600
17.27837500
16.16866700
17.22433300
16.10491700
17.10012500
16.32637500
17.27820800
16.26533400
17.08612500
16.13641600
17.34375000
15.93850000
17.32225000
15.97200000
17.40770900
16.18000000
17.24633300
16.15900000
17.11225000
16.09408300
17.29725000
16.12787500
17.23791700
16.14670800
17.20945900
16.20391600
17.18191700
16.07979200
17.19800000
16.24866600
16.97704200
16.14866700
17.26691600
16.37141700
17.21591700
16.24966600
16.91408400
16.13100000
17.32870800
16.12766700
17.12341600
16.55525000
17.01787500
16.40979200
16.84404200
16.54583300
16.79420800
16.62500000
16.72595900
16.55637500
16.86929100
16.45533400
16.97504100
16.58770900
16.77629100
16.53679200
16.81108300
16.46758400
16.82941600
16.31787500
17.11537500
16.54125000
16.78904200
16.39004200
17.07429100
16.57816700
16.77991700
16.57762500
16.78170800
16.29958300
17.11341700
16.39095800
16.84983400
16.03045800
17.52375000
15.98875000
17.25654200
15.94479100
17.30254200
16.05700000
17.36345800
16.27562500
17.17512500
16.01962500
17.27433400
16.44920800
17.04350000
16.83891700
16.32191600
16.66883400
16.76991600
16.84483400
16.56904100
17.03454200
16.50391700
16.56354100
16.66229200
16.70354200
16.66279100
16.60766700
16.74362500
16.60550000
16.78112500
16.59395800
16.62212500
16.62558400
16.71870800
16.66050000
16.84712500
16.78966700
16.65004100
16.68420900
16.61991600
16.59962500
16.83629200
16.68404200
16.53020800
16.63791700
16.85879100
18.05804200
16.57054200
15.38654100
16.52241700
16.85483300
16.57595900
16.74212500
16.63729100
16.76254200
17.02345800
16.45437500
17.14545900
16.31950000
17.78916600
15.68720900
17.98333300
15.03195800
17.28445900
16.23929100
17.77491700
15.38220800
17.36625000
16.32016700
17.52570800
15.66166700
17.61837500
15.72358300
17.19420900
16.35237500
17.16025000
16.10312500
17.37858300
16.03170800
17.07012500
16.50991700
17.09479200
16.09250000
17.37712500
15.89483300
17.41325000
16.10687500
17.43204200
16.05166600
18.31362500
14.99679200
17.69604200
15.51825000
16.79737500
16.36370800
16.62887500
16.80450000
16.22670800
17.42275000
16.89208400
16.40120800
17.06250000
16.05633300
16.47887500
16.94729200
16.39154200
16.90191600
16.19004200
17.12312500
16.19370800
17.14562500
16.16225000
17.25650000
16.29666700
17.09320800
16.41216700
17.02300000
16.07550000
17.20700000
16.04329200
17.18212500
16.16437500
17.33816600
15.99070900
17.37595800
15.99475000
17.32833300
16.05929200
17.48783300
15.97691700
17.35304200
15.90354100
17.33591700
16.05966700
17.40700000
15.91479100
17.50616700
15.85708300
17.26441700
16.10583300
17.64033400
15.77083300
17.44658300
15.88691700
17.34658300
16.04508400
17.45325000
15.89450000
17.50729100
15.86833400
17.32354100
16.04750000
17.46733400
15.88966600
17.42337500
15.92204200
17.44491700
15.92391600
17.41266700
16.03579200
17.36008300
16.07175000
17.31054200
15.96350000
17.30370800
16.06912500
17.33895800
16.24258400
17.21716600
16.26725000
17.07920900
16.38512500
17.10037500
16.44566600
16.86262500
16.41591700
16.95254200
16.60891600
16.79341700
16.76729200
16.69450000
16.93341600
16.25108400
17.29408300
16.24650000
17.67087500
15.62241700
17.36050000
15.73704100
17.53579200
15.85591700
17.54225000
15.83325000
17.20745800
16.17591700
17.64354100
15.74879200
17.20650000
15.96491700
17.37987500
16.07145800
17.53287500
15.85329200
17.34483300
15.97308300
17.41345900
16.00620800
17.92570800
15.36120900
17.91287500
15.48295800
17.89687500
15.52954200
17.77825000
15.43295800
17.96900000
15.49554200
17.81029100
15.53383400
17.78920800
15.55325000
17.93137500
15.45187500
18.00141700
15.27479100
18.00312500
15.72062500
18.31912500
14.83737500
18.62141700
14.87620800
18.70991700
14.70520800
18.97966700
14.25758300
18.78608400
14.57429100
18.71433400
14.85304100
15.99066700
17.53029200
16.68883300
16.65183300
17.04754200
16.22895800
16.69387500
16.68158400
16.96275000
16.41683300
17.17262500
16.21687500
16.78900000
16.58054200
16.89829100
16.27120900
17.36066600
16.17333400
17.21741600
16.20887500
16.97566700
16.52766700
17.82520800
15.47825000
17.21037500
16.00787500
16.41400000
16.83183300
15.91170900
17.41529100
15.98191700
17.37895800
15.95591700
17.40333300
16.15675000
17.23954200
15.95491700
17.45037500
16.41141600
16.86445900
16.12129100
17.26879200
15.99320800
17.24620900
16.54400000
16.80866600
16.13262500
17.33354200
16.30295800
16.96437500
16.66195900
16.74637500
16.89795800
16.59720800
16.32270900
16.92508300
16.05525000
17.30741700
16.87133300
16.57079200
16.67845800
16.61754200
16.64758300
16.80087500
16.77991700
16.47879100
16.68729200
16.66391700
16.09575000
17.21858300
16.14470800
17.28250000
16.67108400
16.63812500
17.73487500
15.62525000
17.33791600
16.06325000
17.13670900
16.11154100
16.48800000
17.13729200
16.46362500
16.85362500
16.08629200
17.29033300
16.04312500
17.35795800
16.02500000
17.46879200
15.86879200
19.22941600
17.01329200
14.70462500
16.75358300
16.53020900
16.87370800
16.48183300
16.68816700
16.75787500
16.82700000
16.59179200
17.57620800
15.85941700
17.04541600
15.94116700
16.66070800
16.85170900
16.61950000
16.83187500
16.32395800
17.02966700
17.03920800
16.40350000
17.64495800
15.75129200
16.70954200
16.57120800
16.50500000
16.73687500
16.30204200
17.01366600
16.13716700
17.27320800
16.08033400
17.24487500
16.23033300
17.12904200
16.16933300
17.19200000
16.04370800
17.33362500
16.03966700
17.26895800
16.20404200
17.26987500
15.97445800
17.35187500
15.98750000
17.37395900
16.00520800
17.46345800
15.91341700
17.26600000
16.78395800
16.69525000
16.90925000
16.49091700
16.62129200
16.52537500
16.36954100
17.12450000
16.70737500
16.59787500
16.51441700
16.86412500
16.83025000
16.63541700
16.62412500
16.69791600
16.62695900
16.47654100
16.86683400
16.80933300
16.69862500
16.57420800
16.64450000
16.56058400
16.76908300
16.75620800
16.93900000
16.63158400
16.98329100
16.37804200
17.69725000
15.75929200
17.48816600
15.75529200
17.45941700
15.93729100
18.50345900
14.77320800
18.24070800
15.26212500
18.11958400
15.16704100
18.12987500
15.09770900
18.21745800
15.13745800
17.85804200
15.53237500
18.00608300
15.37233400
18.23454100
15.27437500
18.14225000
15.16333400
18.22150000
15.07679100
18.16520900
15.11575000
17.93937500
15.69045800
18.68666700
14.57066600
18.44066700
15.01016700
17.84812500
15.34179100
17.19825000
16.18275000
17.52062500
15.88645900
17.24966600
16.12504200
17.37533300
15.90620900
17.43525000
16.15525000
17.29500000
15.91962500
17.17379100
16.15995900
17.11191600
16.28854200
16.97670800
16.43145900
17.00408300
16.21187500
17.04104200
16.46983300
16.91550000
16.49458300
16.80379200
16.61529200
16.74583300
16.56254200
17.02037500
16.25529100
17.13400000
16.08129200
17.23541700
16.14195800
17.30608300
16.21258400
17.39020800
15.84316700
17.32320800
16.11945800
17.25216700
16.11891700
17.46729100
16.10016700
17.53633300
15.63758400
17.79370800
15.66520800
17.56345900
15.71583300
17.66004200
15.86587500
17.71333300
15.47241700
17.72650000
15.69454100
17.67716700
15.58283300
17.59795900
15.80637500
17.64829100
15.76008400
17.74279100
15.72712500
17.75629200
15.53962500
17.64187500
15.72804200
17.72979100
15.57270900
17.61800000
15.77829100
17.57341700
15.83975000
17.66570800
15.54604200
17.47991700
16.03595800
17.65079200
15.71125000
17.22600000
16.01033300
17.36620800
16.05475000
17.45091700
15.82258300
17.35987500
16.03016700
17.14237500
16.41620800
17.52662500
15.64337500
17.66916700
15.59712500
17.61625000
15.88004200
17.60395800
15.82941700
17.43620800
15.80333300
17.14866700
16.38166700
16.97800000
16.34208300
16.83333300
16.56612500
16.87929200
16.60154200
17.05533300
16.21937500
17.27466700
16.14908300
17.24054200
16.08020800
17.13962500
16.34683300
16.74654200
16.64641700
16.69137500
16.49754100
16.60591700
16.77800000
17.02483300
16.32587500
17.02695900
16.25816600
17.20458400
16.29879100
17.15108400
16.11929100
16.58516700
16.89020800
16.09312500
17.07308400
16.15883300
17.50079200
15.90525000
17.28158300
16.15791700
17.23641600
16.70200000
16.74970900
17.09029100
16.40570900
17.07537500
16.51825000
17.97266600
15.13004200
17.37320800
15.77837500
18.41129200
14.80700000
18.49829200
15.13595800
18.40212500
14.78658300
18.24662500
15.20662500
18.52775000
14.74375000
18.41620900
15.00879100
18.47512500
14.97937500
18.60133400
14.68004100
18.62729200
14.66950000
18.41750000
14.97004200
18.88933300
14.50437500
18.36412500
14.91791700
18.36054100
15.14137500
18.61733400
14.85745800
19.03695800
14.15375000
18.76891700
14.56120800
17.82725000
15.60020900
17.68562500
15.49745800
17.47966700
15.88187500
17.67545800
15.80462500
17.67900000
15.67375000
17.59733300
15.62787500
17.66237500
15.84829200
17.62554200
15.73862500
18.25375000
15.47995800
18.28241700
14.94250000
17.88383300
15.24245800
17.70466700
15.70741700
17.92233300
15.41462500
17.82212500
15.69787500
17.63537500
15.60937500
17.59158300
15.62675000
17.80645900
15.60483300
17.73320800
15.85837500
17.85866700
15.25050000
17.75095800
15.66166700
17.85187500
15.43433300
17.75762500
15.80425000
17.60129200
15.83525000
17.54337500
15.74012500
17.90958300
15.48375000
17.62129200
15.84166700
17.82200000
15.41862500
17.83450000
15.59654100
17.71070900
15.52787500
17.74808300
15.53300000
17.79300000
15.64125000
17.64000000
15.73141700
17.85341600
15.64929200
17.89516700
15.43887500
17.76695800
15.62570800
17.73179200
15.53300000
17.65316700
15.84462500
17.75200000
15.54612500
17.91983300
15.43866700
17.74541600
15.61800000
17.60008400
15.82550000
17.82858300
15.48787500
17.81608300
15.68000000
17.68716700
15.54245800
17.87925000
15.50270900
17.89295800
15.49287500
17.61650000
15.54125000
17.78825000
15.59479200
19.35800000
14.25854100
18.13445900
15.17650000
17.73362500
15.39395800
18.30625000
15.50375000
18.65387500
14.70170800
17.74075000
15.32204200
18.60808300
14.71554200
17.79570800
15.60158400
17.83550000
15.64900000
17.75208300
15.57650000
17.51766700
15.90420800
17.49912500
15.77804200
17.77212500
15.74345800
17.88095800
15.46316700
17.70195800
15.39595900
17.69945800
15.95779200
17.67816600
15.57270900
17.65050000
15.55516600
17.79137500
15.68191700
17.62804200
15.80241600
17.59791700
15.74912500
17.73908300
15.81591700
17.92329200
15.34283300
17.58450000
15.78229200
17.55250000
15.79654100
17.56683400
15.75645800
17.63270800
15.67183400
17.95866600
15.58412500
17.87712500
17.76654200
17.67137500
13.46079200
18.28170800
15.11591700
18.62520800
14.61029200
18.48870800
14.88891700
18.57670800
14.90154200
18.63325000
14.65866600
18.69208400
14.42645800
18.48225000
15.06066700
18.67383300
14.86987500
18.59704200
14.57275000
18.52079100
14.95491700
18.51650000
14.74683300
18.45291700
14.74195800
18.26620900
15.21150000
18.47362500
15.04400000
18.57095800
14.66012500
19.05075000
14.53512500
19.20995800
14.17466700
19.13662500
14.11737500
17.69891700
15.42762500
17.84820800
15.65370800
17.91454200
15.48404200
17.68145800
15.50033300
17.85891700
15.76695800
17.89483400
15.40462500
17.67420800
15.64737500
17.83012500
15.66429200
17.75691600
15.48525000
17.88016700
15.57370800
17.62166700
15.64262500
17.73966700
15.73787500
17.31508300
16.15145800
17.46554200
15.77045800
17.08037500
16.20750000
17.74466700
15.87625000
17.11483300
16.23166700
16.91400000
16.25566700
17.04083300
16.34875000
17.55483300
15.79145900
17.62479100
15.83595900
17.61120800
15.61354200
17.47770800
15.98987500
17.48083300
15.89945900
17.53700000
15.81112500
17.18904100
16.20562500
17.58800000
15.60175000
17.39912500
16.19329200
17.31804200
16.01191600
17.38220900
16.07750000
17.30883300
15.94391700
17.41804100
15.84554200
17.37254200
16.10629100
17.27737500
16.01237500
17.77141700
15.75545800
17.36229200
15.95350000
17.35975000
15.93979200
17.25654100
16.17650000
17.24016700
16.25887500
17.30654200
15.85379100
16.90691700
16.78312500
16.38825000
16.85025000
15.91079200
17.54254100
15.77312500
17.54695900
15.83520800
17.33700000
16.03566700
17.68345800
15.68070800
17.61566700
16.54879200
16.84783300
15.77308300
17.49879200
15.82433300
17.44037500
15.92129200
17.37304200
15.98412500
17.51458300
15.83300000
17.52141700
15.85795800
17.60354200
15.74941600
17.57095900
15.80395800
17.47687500
15.89733300
17.37191700
16.00612500
17.54145800
15.80016700
17.42625000
15.94612500
17.44070800
15.94541700
17.44208300
15.94079200
17.37016700
15.99075000
17.45866600
15.88104200
17.56454200
15.83066600
17.47700000
15.87812500
17.49025000
15.87791700
17.49229200
15.87245800
17.53445800
15.84504200
17.32958300
17.31379200
16.01425000
17.54862500
15.65025000
17.57766700
15.97400000
17.02504100
16.28520900
17.34445800
15.97887500
17.74333300
15.65837500
17.69650000
15.82658400
18.49666600
14.78670900
19.08720800
14.59320800
19.18954200
13.97816700
18.40195800
15.13500000
18.35650000
14.95183300
18.22929200
14.86125000
18.47012500
14.96833300
18.54529200
14.76512500
18.14383300
15.18929200
18.29066700
15.32320800
17.93808300
15.23262500
18.51808400
15.03579100
18.64295900
14.60616600
18.69845900
14.55766600
18.08104200
15.60012500
18.71883300
14.48441700
18.62820800
14.85704200
18.72920800
14.53512500
17.89287500
15.38737500
17.82616700
15.51345800
17.64333400
15.63445800
17.59704200
15.91962500
17.50070800
15.83066700
17.39750000
16.15841600
17.79191700
15.35712500
18.02395800
15.15716700
17.47433300
16.03345900
17.33366600
15.88204200
17.48841700
15.89079100
17.45137500
16.07229200
19.10320800
14.44545900
18.85658300
14.72895800
20.56437500
13.15345900
18.65962500
14.20095800
20.12779200
12.92758300
17.45912500
16.03904200
18.81862500
17.07079100
14.05737500
17.54512500
15.22650000
17.26462500
18.78050000
17.47108400
13.88695800
17.22479200
16.18766600
17.30225000
16.04675000
17.19545900
16.23000000
17.07900000
16.22683300
17.04258300
16.08195900
17.13100000
16.54470800
17.45112500
15.81283300
17.41991700
15.92487500
17.52466700
15.89533300
17.28870800
16.11475000
17.18050000
16.06941700
17.38204200
16.12625000
17.44804100
15.87145900
17.61466600
15.73141700
17.92329200
15.38058300
17.44750000
15.98291700
17.48595800
15.82550000
17.37483300
15.95862500
17.62020900
15.84112500
17.38612500
15.88550000
17.50450000
16.00195800
17.07958300
16.31033400
16.65441600
16.69475000
17.07308400
16.38229100
17.85400000
15.76104200
17.44512500
16.27912500
17.07920800
15.63904200
16.71370800
16.58508400
17.14383300
16.24341700
17.06125000
16.14062500
17.07391600
16.37616700
17.00416700
16.43916600
16.91966700
16.34137500
17.05345800
16.33595900
17.20125000
16.29954100
17.04154200
15.87312500
17.46216700
16.13258300
17.51170800
15.86329200
17.29575000
15.86329200
17.51479100
16.22470900
17.22050000
16.07216600
17.25425000
16.12754200
17.27745800
16.11179200
16.93216700
16.47475000
16.88533300
16.25391700
16.92820800
16.70262500
16.75241700
16.52812500
16.55562500
16.79775000
16.60950000
16.87645800
16.35983300
17.16550000
16.68062500
16.87720900
17.62370800
15.59916700
17.54350000
15.54958300
17.47666700
15.79587500
17.67891600
15.69066700
17.77500000
15.55858300
17.76179200
15.63883300
17.77029200
15.70983300
17.80216700
15.56000000
17.76595800
15.60429200
17.69420800
15.77041700
17.79791700
15.52491600
17.26075000
16.00162500
17.25845900
16.22550000
17.49308300
15.91587500
17.42583300
15.99658400
17.50279100
15.80712500
18.49287500
14.93758400
18.02575000
15.09604100
16.76508400
16.58633300
17.33387500
15.96970800
17.09604200
16.14004200
17.09404100
16.30325000
17.05137500
16.40041700
17.14775000
16.28812500
17.33045800
16.11920900
17.18908300
16.15462500
17.65495800
15.53550000
17.02679200
16.53120800
17.30254200
16.04445800
17.46941700
15.91791700
17.40991600
15.77020900
17.41262500
16.63637500
21.08666600
12.03183400
18.81495800
14.69179200
18.71329100
14.25950000
18.11300000
15.45804200
18.13645800
15.16154200
18.06658300
15.49075000
18.22870900
14.62233300
18.03429200
15.43129100
17.69995900
15.73600000
18.16308300
14.96358300
18.26504200
15.20954200
17.99095800
15.42900000
18.87979200
14.47391600
18.23870900
15.12116600
17.70041700
15.79533300
17.94250000
15.23075000
17.42108400
15.94512500
17.68441600
15.63795900
17.68933300
15.71066700
17.66429100
15.62358400
17.67787500
15.86337500
17.43437500
15.92837500
17.59720800
15.85804200
17.44691600
15.96466700
17.52883300
15.69329200
17.62212500
15.68854200
17.62000000
15.86929100
17.41658400
15.92425000
17.77333300
15.70704200
17.64058300
15.67387500
17.51120800
15.81500000
17.56200000
15.88108400
17.62762500
15.70300000
17.22879100
16.05645900
17.47645800
15.96262500
17.40137500
15.95691700
17.13879100
16.17462500
17.62904200
15.82091700
17.59495800
15.80716700
17.36016600
15.96375000
17.56154200
15.70341700
17.56125000
15.91366600
17.53625000
15.65145900
17.61145800
15.97300000
17.49529200
15.89958300
16.97291700
16.34754100
17.52675000
15.85208400
17.45908300
17.20275000
17.28525000
17.20366700
17.34750000
16.96783300
17.26283300
16.86000000
16.93262500
17.01933400
17.20079100
16.87929200
17.43837500
17.12862500
17.09654200
17.13112500
17.18825000
16.85420800
17.25437500
16.93712500
17.17287500
17.12795800
17.60308400
17.11279100
17.48883400
16.84008300
17.28025000
17.20029200
17.17504100
17.02587500
17.83016700
17.58350000
17.61762500
17.17658300
16.65975000
16.17908400
16.77695800
16.34000000
16.29229200
16.32083300
16.52700000
16.16166700
16.47283300
16.05854200
16.31608300
16.56504200
16.63245800
16.30095800
16.83158400
16.52575000
16.58950000
16.69854100
16.60162500
16.57983400
16.86558300
16.49175000
16.61995800
16.69375000
16.68566700
16.69958300
16.79558400
16.72183300
16.87425000
16.78020800
16.50462500
17.37975000
17.51750000
17.42829200
17.61637500
17.45945800
17.48158400
17.65816600
17.76945900
17.27954100
17.56979200
17.50079200
17.18058300
17.56675000
17.41775000
17.33220800
17.57137500
17.23775000
17.18595900
17.19216600
17.35183400
17.01141600
17.56708400
17.61204100
17.16966700
17.38279200
17.24545800
17.08950000
17.50575000
16.91804200
17.07545800
17.21125000
17.26591700
17.48787500
17.58020800
17.46958300
17.21225000
17.60720900
17.32458300
17.56662500
17.20966700
17.62400000
17.38187500
17.51062500
17.05658300
17.70100000
17.19137500
17.32812500
17.75079200
17.56962500
17.18895800
17.55825000
17.44745800
17.30629200
17.42200000
17.60216700
17.15650000
17.74604100
17.38612500
17.29700000
17.31625000
17.52208400
17.28595800
17.47558300
17.38600000
17.22000000
17.39579200
17.20100000
17.45179200
17.48283300
17.60241700
17.36283300
17.39254200
17.25491600
17.33091700
17.72983300
17.41716700
17.60112500
17.42920800
17.79608400
17.26587500
17.62362500
17.39279100
17.17316700
17.62004200
17.19991600
16.98216700
17.57750000
17.33437500
17.00645800
17.58887500
17.20458400
17.42420800
17.66016700
17.53429100
17.56437500
17.55091700
17.32454200
17.34179100
17.27479200
17.38108300
17.30825000
17.41958400
17.35929100
17.46595900
17.57479100
17.35729200
17.62229200
17.33375000
17.29462500
17.44120800
17.27241700
17.43104100
17.30695900
17.42250000
17.62383300
17.37904200
17.33854100
17.24058400
17.48412500
17.53404100
17.30912500
17.66858400
17.48270800
17.39787500
17.48533300
16.92908400
17.22870800
17.98029200
17.83979100
17.42437500
17.49000000
17.35883400
17.46187500
17.30475000
17.53295800
17.39962500
17.52833300
17.28737500
17.37945900
18.29020800
17.79525000
17.46087500
17.76450000
17.30445800
17.71975000
17.66625000
17.62733400
17.72429100
17.64512500
17.58341700
17.36862500
17.89250000
17.14929200
17.44208300
17.67354200
16.51220800
16.62054200
16.27658300
16.30233300
16.50458400
16.44054100
16.22162500
16.60758400
16.35412500
16.35100000
16.41233300
16.45862500
16.17945800
16.59954200
16.20208300
16.25183400
16.48916600
16.53783400
16.15800000
16.44920800
16.15991700
16.11433300
16.62479200
16.72020800
16.45195800
16.77095900
16.45408300
16.50329200
16.60679100
16.67750000
16.39120900
16.71566600
16.88683400
17.16012500
17.69425000
18.83508300
17.89475000
18.80358300
18.94579200
19.88062500
17.68258300
17.54545900
17.47737500
17.79387500
17.46275000
17.77137500
17.35333300
17.50170800
17.31570900
17.71125000
17.23737500
17.65583300
17.33437500
17.20941700
17.58450000
17.35862500
17.19483300
17.64958300
17.79033400
17.32412500
17.46541600
17.41412500
17.18770900
17.47316600
17.40312500
17.46783400
17.48950000
17.50787500
16.70325000
18.51508300
17.85104200
17.57341600
17.51704200
17.24104200
17.30170800
17.36654200
17.15791600
17.23833400
17.50270800
17.58129200
17.33216600
17.65291700
17.40645800
17.31075000
17.54933400
17.25591600
17.27420900
17.60187500
17.31020800
17.20733300
17.26966700
17.04166700
17.24608300
17.42462500
17.36979200
17.54941600
17.49545900
17.42004100
17.45700000
17.37937500
17.36675000
17.27620900
17.37358300
17.31212500
17.63616700
17.74529100
17.62100000
17.70633400
17.22958300
17.20800000
17.56375000
17.51695800
17.27383400
17.26591600
17.39529200
17.25966700
17.54233300
17.58866700
17.65925000
17.34054100
17.54875000
17.39845900
17.60175000
17.35620800
17.27083300
17.36237500
17.25016700
17.19537500
17.48041700
17.28529100
17.19429200
17.18587500
17.68845800
17.10762500
17.63458400
17.18425000
16.95825000
17.49870800
16.96291700
17.27970800
17.53995800
17.52425000
17.15579200
17.46762500
17.25433300
17.26687500
17.45054200
17.23287500
17.27854200
17.36416600
17.46641700
17.29987500
17.43841700
17.39975000
17.22200000
17.19841600
17.31070900
17.31691600
17.31958400
17.31391600
17.20550000
16.90137500
17.06766700
17.07779200
17.30895800
16.56379200
17.03133300
17.11966700
17.21987500
17.17670800
17.37179200
17.13687500
17.18595800
16.77166700
16.75258300
5.76633300
16.93375000
5.61920900
16.48662500
5.60891600
16.53537500
5.87112500
15.97887500
5.56079200
17.21566700
5.76695800
17.03529200
6.11025000
17.66837500
5.79958300
16.84720800
5.95320900
16.49541600
17.08579200
17.76829200
15.73320800
18.61833300
14.93337500
18.05654200
15.14112500
17.98712500
15.58775000
18.30383300
14.91058400
18.02316600
15.46245900
18.23008300
15.05616700
18.00625000
15.45062500
18.08408300
15.17487500
18.07629200
15.41725000
18.17016600
15.08395900
18.22637500
15.16641600
18.17641700
15.29870800
18.19962500
15.01566700
18.78404200
14.63158300
18.73808300
14.75454200
18.54266700
14.61475000
17.47045800
15.92604200
17.62550000
15.78841600
17.40754200
15.89425000
17.71425000
15.62237500
17.64258300
15.76658400
17.51237500
15.77112500
17.66508300
15.84554200
17.39512500
15.94650000
17.51320800
15.76283300
17.74025000
15.67133400
17.42879100
15.84470900
17.70675000
15.55025000
17.82745800
15.79241700
17.59225000
15.74050000
17.69412500
15.68312500
17.61675000
15.66466600
17.71187500
15.57950000
17.77966700
15.44145800
20.55895900
12.94633300
18.01987500
15.39645800
17.78425000
15.66483400
17.58975000
15.58645800
17.78025000
15.72625000
18.00366700
15.36379100
17.83970900
15.36629100
17.66658400
15.85625000
17.25258300
16.09029200
17.53845800
15.72954200
17.55166600
16.04925000
17.51745900
15.73416600
17.16308400
16.13362500
17.28062500
16.23012500
17.32166600
15.86337500
17.49812500
15.95712500
17.49166700
16.00762500
17.28637500
16.10708300
17.14095900
15.98091600
17.14862500
16.42029200
17.10241700
16.26050000
17.18166600
16.08812500
17.19633400
16.20425000
17.35987500
16.13812500
17.00562500
16.29412500
17.14150000
16.21508300
17.25470800
16.19166700
16.89654200
16.37075000
17.00737500
16.21591600
17.05033400
16.77683300
18.17375000
14.86262500
17.77750000
15.68533300
17.81862500
15.30737500
17.32187500
16.35858400
18.04979100
15.24366700
18.19754200
15.35287500
18.28562500
14.89279100
18.91545900
14.78025000
17.34954100
15.40212500
17.29366700
16.27966700
17.51050000
15.84300000
17.73875000
15.45050000
17.87450000
15.68325000
17.49500000
15.79791600
17.63362500
15.73366700
17.58020800
15.85595900
17.47891600
15.84908400
17.60800000
15.72175000
17.43441600
15.96062500
17.65241700
15.59200000
17.61200000
15.99841700
17.59983300
15.50825000
17.85387500
15.73629200
17.56662500
15.77687500
17.83987500
15.44020800
17.61362500
15.76141700
17.92729100
15.62879200
17.63150000
15.70845800
18.77533400
14.31304100
18.18416700
15.35450000
18.42120800
15.11666700
18.42295800
14.76187500
18.34733400
15.06804100
18.47354200
14.98370800
18.40900000
14.65541700
18.41608300
15.05975000
18.48533400
15.02162500
18.49191600
14.59770900
18.33812500
15.24383300
18.54816700
14.92487500
18.58087500
14.70608300
18.43366700
14.97737500
18.53691600
14.80329200
18.91250000
14.53520800
18.91758400
14.54291600
18.58958400
14.59304100
17.55629200
15.80183300
17.73645900
15.66975000
17.49737500
15.77016600
17.79391700
15.71875000
17.73858300
15.62658400
17.91387500
15.10591600
17.69691700
15.86633300
17.59570900
15.92895800
17.65120800
15.56162500
17.74716700
15.63587500
17.85937500
15.55929200
17.35416600
15.95987500
17.62279200
15.56645800
17.55862500
16.01429200
17.57066700
15.91583300
17.55100000
15.76987500
17.53929200
15.60837500
17.41920800
16.14587500
17.60483300
15.73470900
17.25075000
16.38579100
18.15037500
15.17383400
17.94487500
15.28308300
17.48445800
15.75500000
17.79704200
15.60758300
17.34383400
15.96300000
17.76645800
15.44225000
17.09512500
16.53162500
17.34791700
15.95508300
17.45504200
15.72208300
17.42391700
15.91279100
17.40408400
16.15512500
17.54316600
15.68800000
17.56729200
15.96625000
17.49687500
15.85016700
17.47291600
15.71804200
17.43516700
16.09691600
17.24058400
16.05325000
17.63850000
15.67866600
17.52966700
15.75008300
17.39466700
16.15870800
17.53095900
15.69291600
17.45304200
15.96062500
17.54454200
15.89137500
17.52587500
15.91408300
17.50362500
15.75437500
17.48429200
15.83441600
17.58350000
15.68658400
18.67129100
17.74070900
13.76812500
17.20220800
16.06354200
17.20100000
16.29845800
17.44429200
16.07654100
17.57400000
15.45300000
17.25620900
16.33779100
17.59945900
15.89137500
17.36400000
15.91591600
17.34516700
15.89191700
17.19558300
16.32304200
17.63162500
15.67770800
17.49900000
15.86487500
17.55241700
15.81854100
17.52825000
15.72366700
17.70929200
15.77620800
17.59687500
15.70950000
17.55762500
15.78329200
17.54729100
15.90520900
17.40437500
15.86600000
17.70291600
15.68604200
17.59241700
15.79016600
17.52237500
15.82550000
17.52695900
15.86612500
17.48062500
15.96983300
17.39875000
15.87566700
17.42254100
15.88450000
17.32416700
16.26666700
17.07054100
16.25587500
16.84391700
16.67212500
18.11087500
15.10495800
17.56558400
15.92362500
17.53404100
15.80241700
17.81450000
15.48845800
17.71816700
15.75941700
17.61200000
15.61162500
17.69291600
15.76933400
17.47979100
15.87287500
17.77829200
15.60466700
17.62787500
15.75900000
17.57520800
15.84395800
17.35258400
15.88641600
16.92845900
16.56729100
16.97187500
16.36008400
16.92050000
16.46091600
17.27300000
16.21995900
16.74154100
16.72108400
17.04820800
15.81495800
16.18400000
17.39375000
16.72183400
16.57829100
16.57554200
16.76075000
16.67208300
16.68025000
15.99012500
17.37350000
15.98112500
17.43237500
16.34679200
17.08095800
16.46287500
16.75350000
16.48954200
16.88104200
16.89137500
16.60350000
16.80966600
16.49395900
16.61616600
16.82795900
17.08045800
16.33120800
17.11445900
16.05316600
17.43420900
16.04016600
17.22637500
16.08158400
17.16137500
16.24508300
17.05175000
16.29208300
16.79070900
16.60412500
17.04237500
16.11095800
17.49100000
15.98808300
17.64391700
15.69633300
17.21241700
16.28625000
17.38166700
15.72258300
17.38837500
16.14425000
17.52412500
15.92683300
17.48345900
15.73116600
17.06650000
16.17245900
17.43012500
16.01191600
17.42525000
16.15258400
17.61625000
15.67200000
17.42787500
15.96241600
17.40983400
15.93595800
17.70870800
15.42750000
17.34591700
16.39987500
17.20129200
16.10379100
17.51975000
15.77662500
17.49700000
15.92233400
17.17354100
16.15975000
17.09133400
16.47454100
18.28154200
15.09633300
17.84854200
15.25179200
17.55112500
15.70987500
17.18220800
16.39937500
16.77066700
16.59379100
17.46000000
16.06395900
18.28716600
14.78525000
17.47679200
15.81295800
17.08491700
16.40879200
16.92266600
16.54808400
17.16900000
16.16200000
16.97916600
16.31208400
16.30683300
17.05679200
16.83250000
16.56229100
16.76362500
16.62887500
16.83804200
16.43329200
16.93379100
16.43145900
16.91891600
16.44225000
16.93979200
16.39641700
17.14037500
16.36545800
17.06820800
16.22912500
16.86554200
16.47804200
17.11016600
16.25050000
16.92950000
16.41983400
16.89983300
16.53125000
17.01004200
16.31850000
17.44975000
15.99150000
17.41366600
15.92625000
17.01225000
16.33291700
17.05075000
16.47520800
16.86816700
16.45054200
17.32608300
15.93195800
17.11212500
16.32070900
17.02766600
16.43191700
17.30433300
16.19595900
18.05929100
15.18137500
17.65208400
15.55816600
17.71175000
15.73508400
17.90645800
15.43087500
17.39366700
16.08491600
17.59695900
15.63233300
17.58762500
15.94179200
17.15970800
16.25925000
17.10708300
16.15250000
17.49795900
15.95804100
17.27925000
16.06437500
17.25595900
16.09329100
17.35412500
16.00191700
17.31787500
16.05095800
17.85854200
15.71129200
18.39075000
14.99295800
17.50166700
15.72216600
17.48291700
15.74358300
16.55020900
16.86304100
16.59237500
16.68837500
16.72175000
16.69429200
16.78025000
16.47087500
16.57525000
16.84662500
16.72187500
16.60991700
16.91783300
16.34883300
17.22350000
16.14275000
17.09750000
16.39029200
16.76120800
16.52804200
17.06729200
16.29916600
17.23037500
16.12962500
16.86383400
16.52466600
17.51316700
15.78329200
17.78254100
15.46637500
17.54808400
15.86387500
17.66683300
15.75208300
17.31654200
16.07112500
17.40654200
15.86504100
17.47700000
15.94308400
17.50179100
15.93491700
16.81433300
16.32212500
17.45279200
15.96583300
17.18645900
16.36125000
16.95737500
16.44925000
16.88758300
16.45662500
16.93241700
16.47520800
16.78875000
16.63733300
16.55950000
16.58591700
16.56700000
16.80000000
16.85508300
16.68808400
16.56766600
16.63425000
16.83583400
16.62675000
16.87370800
16.58641700
16.89495800
16.36791700
17.04904100
16.36458400
17.26812500
16.12000000
16.99175000
16.30129100
17.07854200
16.29795800
17.05420900
16.33133300
16.95195800
16.32658400
17.30100000
16.09587500
17.24162500
16.16891600
16.94266700
16.44958300
17.18675000
16.22862500
17.23941700
16.10158300
17.33208400
15.90575000
17.17270800
16.12837500
16.68133300
16.80070900
17.01908300
16.37350000
16.74741700
16.80154100
18.49341700
14.84275000
17.25529200
16.00087500
16.71633300
16.68337500
16.96520800
16.37833400
16.85154100
16.78145900
18.30600000
14.69470800
17.80000000
15.57495800
16.71708400
16.67912500
16.69875000
16.61816600
16.69337500
16.71695900
17.11054100
16.28716700
17.13379200
16.21154100
17.40358400
15.95145800
17.44233300
15.85883400
17.23395800
16.18075000
17.35445800
15.89687500
17.09970900
16.42166600
17.09308400
16.23833300
16.92120800
16.49737500
16.96925000
16.16904200
17.13004200
16.45333300
16.99650000
16.44204200
16.84316600
16.38775000
17.25362500
16.22779200
17.43095800
16.24933400
18.30062500
14.59554100
17.96175000
15.84862500
17.77170900
15.51333300
17.82920800
15.56933400
18.10079100
15.37154200
17.74500000
15.43833300
18.01262500
15.32637500
17.93137500
15.58900000
17.81370900
15.33229100
17.95187500
15.56475000
17.98287500
15.30545900
17.86825000
15.41545800
17.81433300
15.60729200
17.68112500
15.76987500
17.83870800
15.47141700
17.82091700
15.86308300
18.16637500
14.96395800
18.10791700
14.85970800
16.85187500
16.84245900
17.67562500
15.54200000
17.68537500
15.40916600
17.69875000
15.97808400
17.80816600
15.34512500
17.85437500
15.36670900
17.82579100
15.88262500
17.67037500
15.68420900
17.70708300
15.68666700
17.66183300
15.59475000
17.66512500
15.72812500
17.87520800
15.46195900
17.57662500
15.76775000
17.73254100
15.72250000
17.75058400
15.62479100
17.66645900
15.59279100
17.69920900
15.85466600
17.08350000
16.31104200
16.83308300
16.57450000
17.16258400
16.13958300
16.97437500
16.42279200
16.68141600
16.60908400
17.04275000
16.36237500
16.87941600
16.73262500
16.76541700
16.35433300
16.92704200
16.48004200
16.97408300
16.31537500
16.93337500
16.55345800
17.03770900
16.29187500
17.06154100
16.32104200
16.80087500
16.33320800
17.02087500
16.55683400
16.72837500
16.51970800
17.04145800
16.50150000
17.10287500
16.28041700
17.09708300
16.31437500
17.08175000
16.12083400
16.96912500
16.54333300
16.96570800
16.20137500
17.20345900
16.17908300
16.99695800
16.25075000
17.09375000
16.29620900
17.12187500
16.22066600
17.03920900
16.34300000
17.26758300
16.24804200
16.96183300
16.36308300
16.97458400
16.37975000
17.14016600
16.12237500
17.13187500
16.22570900
16.93658300
16.58654200
17.09754100
16.20654200
16.95800000
16.30412500
16.65362500
16.81550000
17.26695800
16.19775000
16.80287500
16.50470900
16.62875000
16.66650000
16.82900000
16.63395800
16.69708300
16.57333400
16.82870800
16.64445800
16.80054200
16.68583300
16.84316700
16.29645800
16.86962500
16.53645900
16.95220800
16.48404200
16.98920800
16.11691700
16.90779100
16.34491700
17.15216700
16.37945800
17.20912500
16.35270800
16.99675000
16.33350000
17.32766700
15.90500000
17.47016700
15.94483300
17.10187500
16.31175000
17.09354200
16.14362500
17.06708300
16.38166700
17.59554100
15.93875000
18.10166700
15.15200000
18.22704200
15.21579100
18.39137500
14.87825000
18.41854200
15.01079200
18.47483300
14.86591700
18.41583300
15.03354200
18.42066600
14.81137500
18.48312500
14.98775000
18.46512500
14.83175000
18.60762500
14.72725000
18.54300000
14.82958400
18.35366600
15.01400000
18.22104200
15.28125000
18.39812500
14.69145800
18.75316700
14.88733300
18.34937500
15.14904200
18.82412500
14.44379200
18.74054100
14.31366700
17.80533300
15.73275000
17.49437500
15.79662500
17.38737500
15.92533400
17.14445800
16.51975000
16.76654200
16.35479100
16.93858400
16.41054100
17.34720900
16.08650000
18.08337500
15.31141600
17.81391700
15.60458300
17.88025000
15.27675000
17.59770900
15.85612500
17.80433300
15.55233300
17.89116700
15.52716700
17.78350000
15.49945800
17.90662500
15.62220800
17.80679200
15.54808300
17.86137500
15.40791700
17.94783300
15.53091700
17.78341700
15.44779100
17.72045900
15.73216600
17.91675000
15.28366700
17.85829200
15.67808300
17.75858300
15.71337500
16.56262500
16.68308400
16.47783300
16.98770800
16.48816700
16.83820800
16.34812500
16.87579200
16.43029200
17.10150000
16.52191600
16.81854200
16.40941700
16.93554100
16.71187500
16.76750000
16.71645900
16.74104100
16.53675000
16.64512500
16.75020900
16.82362500
16.66195800
16.59925000
16.64366700
16.60004100
17.02062500
16.38795900
16.87962500
16.62154100
16.60166700
16.46629200
16.76833300
16.81645800
16.49004200
16.89850000
16.43995800
16.80991700
16.78462500
16.69670800
16.72387500
16.34658400
16.56787500
16.92370800
16.81866700
16.74358300
16.64558300
16.64129200
16.66783300
16.72537500
16.62958400
16.58041600
16.84304200
16.59112500
16.63870800
16.83491700
16.85145800
16.40529200
16.53170800
16.80420900
16.84866600
16.67258400
16.72975000
16.54329100
16.97275000
16.41091700
16.96666700
16.47550000
16.73804100
16.38145900
16.76437500
16.86175000
16.89729100
16.50220900
16.73279100
16.54262500
16.85754200
16.39445800
16.74445900
16.83166600
16.64262500
16.62237500
16.87191700
16.60275000
16.87633300
16.40691700
16.67287500
16.45191700
16.79016600
16.74150000
17.07108400
16.21445800
17.32945800
16.15970900
17.37237500
15.79287500
17.34975000
16.33862500
17.17025000
15.98587500
17.22212500
16.50137500
17.64862500
15.75133300
18.56108300
14.59525000
18.30487500
15.27512500
18.63820900
14.81100000
18.90708300
14.37366700
20.62254100
63.11475000
39.44966700
30.45591700
22.34600000
19.52308300
26.14062500
6.66875000
45.31508300
6.82108400
30.07187500
15.42316600
18.30791700
9.07662500
17.84979200
6.98383300
32.37470800
14.13533400
20.70825000
9.24037500
21.24062500
19.93475000
32.48933300
6.43279200
27.73612500
6.12795800
31.26166700
7.93441600
25.17033400
6.07891600
35.61308400
20.28662500
29.19533300
13.91466700
20.69070800
11.97487500
21.70491700
9.64158300
33.17620800
6.55129200
25.32008300
7.20525000
31.32016700
12.68679200
19.86166600
10.49166700
20.86304200
6.26545800
25.34804200
6.68166600
24.73670900
6.16062500
28.09429100
5.92366700
21.12245800
8.32625000
19.82916700
9.97316700
20.48204100
6.26587500
24.10604200
5.96254200
26.35162500
6.20858300
19.85504200
8.80591600
20.56904200
6.19475000
23.23958300
5.93141700
26.08395800
5.86237500
20.55008400
15.27383300
22.84312500
5.95812500
22.94266700
11.86904100
20.18170900
8.77800000
22.88854100
10.22204200
25.58654200
11.37291600
22.91566700
13.78954200
24.47408300
5.82808300
25.52950000
15.12170900
24.95337500
7.22095800
30.65641700
14.27287500
23.30458300
18.28791700
24.23554100
5.94345900
28.35479100
11.47975000
33.44495900
22.26300000
45.17391600
7.51254200
22.09366700
8.94375000
27.98433300
6.56275000
26.80108300
5.97941700
33.14604200
9.32641600
21.73920900
6.28770800
28.61483300
9.77570900
23.54316600
9.80650000
23.66337500
12.32400000
21.59483400
13.41245800
21.11437500
20.83679200
24.64700000
6.06587500
28.07895800
9.65695800
25.83633400
8.61162500
25.60350000
15.38416600
27.04383400
8.25287500
22.97370800
6.19487500
31.73641700
6.44475000
23.34008300
5.96229200
33.18529100
8.99100000
20.98691700
5.87762500
33.77595800
9.07962500
20.62087500
6.17329200
29.73508300
15.60675000
20.69070900
14.23662500
17.43508300
5.95441700
24.08095800
6.46116700
27.56179100
12.92525000
21.43366700
9.13170800
25.06870900
14.66654100
19.65333400
28.72875000
36.13904100
12.64100000
192.80975000
47.64120900
93.91808300
8.85095800
27.94716700
22.27387500
32.56537500
23.75891700
24.01904100
16.88662500
28.15433400
10.80041600
29.93554200
20.92112500
30.22695800
25.24612500
30.78929200
17.81712500
24.69370800
15.96700000
26.28570900
7.03575000
35.69991600
21.75945900
38.17679100
142.16016700
10.33687500
26.15658300
9.08683400
98.18279100
14.31787500
53.15766700
12.03854200
30.49379100
9.32000000
26.81050000
12.89158400
46.99766600
10.51525000
33.25208400
23.54608300
30.02050000
7.54191700
40.66679100
35.22800000
391.88812500
24.47095900
43.93675000
46.76258300
105.37145800
19.00287500
46.35350000
11.13637500
28.65529200
12.13887500
47.82804200
23.93654100
54.85645900
16.29916600
37.27487500
14.16800000
41.86058400
27.98529100
47.16041700
19.13895800
36.90779200
34.32725000
33.96012500
25.10754200
31.24745800
9.64337500
43.97033300
16.42608400
36.12483300
27.60504200
47.68170800
9.64645800
34.56100000
17.59570900
36.16495800
9.49437500
61.27895800
9.63420900
33.18004100
27.21616700
56.67220800
23.11079200
67.10120800
24.74458400
74.97483300
22.43833300
62.37400000
16.35737500
67.06212500
13.80470900
56.26616600
18.77562500
56.94666700
27.84920800
59.41350000
25.16695900
75.47750000
17.94679100
80.01037500
20.71520900
63.83091600
25.36537500
66.49629200
22.47595800
57.67420900
26.98495800
62.66383300
37.01837500
85.76312500
24.96945900
99.36658300
32.25875000
99.50754200
18.74687500
105.84979100
23.54008400
79.52633300
23.18075000
62.01575000
17.56854200
67.95900000
17.66354100
51.17062500
17.69729200
49.05900000
17.05933300
58.17204200
18.10258300
48.83987500
17.67579200
48.58358300
18.77470900
53.97979100
17.88304200
56.50491700
19.65566600
69.46429200
19.75779200
73.74850000
20.17950000
92.09829100
25.37595900
93.81183300
38.43445800
123.94433400
31.72000000
113.14633300
35.58937500
87.20279200
46.11129100
103.97937500
28.79095900
96.67441600
40.48750000
104.40833400
41.79258300
105.20216700
32.42508300
95.00187500
24.19195800
110.78725000
28.66916700
103.70345800
35.18787500
123.11308400
24.56541600
86.96762500
34.25175000
76.93020900
35.84225000
97.51545800
34.79962500
81.01500000
35.49704200
81.43241600
24.70916700
71.47950000
26.90579200
66.69312500
29.74108300
81.42616700
26.28600000
100.55733300
27.97725000
98.67004200
37.06437500
142.28887500
34.83775000
140.01729100
39.85762500
127.50025000
43.75304200
132.99191700
30.02337500
113.74837500
31.06904100
129.12008400
32.63412500
146.34420800
29.01145800
148.34829200
42.95620800
117.88779200
28.75570800
172.20954200
35.10316700
240.76862500
81.29616600
186.69058400
38.19495800
106.50208300
38.28495900
157.93641600
31.61012500
110.00525000
26.41595900
123.63375000
27.75062500
135.27008300
29.97525000
131.68795800
28.44704200
137.23179200
37.63125000
125.85245800
47.74308300
126.31087500
30.76283400
127.80362500
38.11866600
197.99883400
33.35458300
132.86970800
26.00933400
99.80691600
28.54070900
100.57854100
27.11683400
110.11475000
22.75937500
162.77925000
35.61770800
133.09212500
25.07966700
126.72012500
27.97854100
108.88129200
31.09329200
119.58695800
31.52970800
99.66725000
31.21858400
115.69541600
25.60633400
99.01491600
34.74666700
95.68641700
28.86254100
91.56950000
30.99920900
105.40079100
25.56562500
91.95991700
23.45862500
93.81320800
27.54220900
102.85845800
28.19875000
92.73866700
30.08666600
100.36716700
26.87204200
110.63270800
30.79720800
105.05154200
35.02254200
115.16612500
45.12737500
124.32704100
40.82037500
139.30454200
30.99862500
138.35004200
31.89562500
99.15608300
25.21387500
126.18483300
29.96812500
140.86037500
30.60183400
112.08487500
37.23966600
148.96354200
33.76545800
142.64800000
26.47483400
112.73162500
43.80620800
103.54966700
31.98575000
111.05275000
34.22612500
193.74591600
43.33166700
141.51645800
35.17954200
164.97237500
33.61929200
162.40066600
33.30912500
166.19283400
28.94479100
149.09262500
33.97504200
140.87983300
41.08400000
124.67262500
26.86850000
114.03716700
27.94812500
148.69283300
45.42412500
163.82425000
24.31991700
133.57479200
32.65187500
111.97600000
41.19533300
110.75929200
26.44529100
113.97929200
26.29491700
134.48662500
35.05366600
114.21616700
26.89345800
115.98562500
25.28233400
114.35845800
35.12091700
132.39645800
28.47733300
123.02795900
27.38175000
187.24820800
41.37320800
235.09904200
175.52350000
295.84412500
63.34662500
206.70175000
49.91050000
196.04704200
52.22320800
186.64841700
60.78187500
269.74291600
103.04225000
401.88770900
89.86979100
480.06854200
103.12904200
383.57141600
101.50808400
268.58225000
91.40416600
265.02141700
58.46075000
263.78316700
54.48658300
259.57487500
116.14291700
345.30308300
75.07895800
213.33154200
124.16754200
563.48329100
48.87954200
167.13479200
40.49504100
128.96637500
48.22087500
165.80154200
49.21387500
204.60900000
59.04412500
165.80162500
55.13720800
146.41908400
75.29833300
467.16837500
87.95341700
395.90825000
135.74633300
291.89983300
58.09408400
204.79200000
46.60625000
373.20970800
118.87604200
290.75229100
58.01525000
371.93208400
93.92641600
365.03008400
135.37683300
496.08158300
133.51983400
282.34179100
58.85204200
210.90070800
67.61237500
289.59991700
156.71420800
275.11475000
40.11100000
181.15412500
41.90316700
237.61475000
118.22404200
372.76741600
46.85129200
319.26350000
96.07775000
372.58658300
42.88450000
302.30962500
112.59704200
254.10287500
70.85916700
168.32104100
56.89145900
231.81304100
55.57425000
218.79229200
67.95133300
143.21483400
27.39412500
173.06095800
26.53883300
134.36762500
42.80950000
173.94483400
49.52945800
177.05258300
53.86575000
341.35504200
98.71329200
180.14937500
80.35579100
216.19595900
30.65666600
218.61770900
47.67354100
167.51004200
25.20766700
183.96508300
51.64612500
154.76675000
57.30187500
176.83975000
33.57012500
181.49820800
48.58966700
163.72220800
49.67000000
152.13479200
38.39562500
174.70070800
56.69070900
229.65491600
66.27970900
140.68725000
52.42916600
167.62841700
28.95304200
146.26200000
40.01508300
198.63420800
44.55583400
130.78491600
87.30391700
156.63179200
54.53745800
145.04450000
28.96354200
155.76333300
36.65954200
219.23575000
41.86587500
165.21841600
29.47370900
166.66158300
39.64933300
152.45954200
40.68400000
139.39083300
54.84145900
198.39616600
72.40295900
197.51916600
37.95950000
261.92125000
49.29379200
207.53866700
59.74679100
270.21112500
163.96620900
374.89854100
52.84995900
228.36541600
48.23454200
71.94975000
24.35195800
56.32158400
20.49300000
