3.82754200
1636.90541600
16.60645900
20.81558300
12.85512500
20.77566700
12.40166600
20.98366700
12.20058300
20.54187500
12.82041700
20.76708300
12.91637500
20.62716700
12.73358300
20.34037500
13.01541700
20.73491700
12.68741600
20.63670900
12.39050000
20.12445800
13.24975000
20.11679200
13.23612500
20.23687500
13.13920800
20.03425000
13.31041700
20.30362500
13.05604100
20.67870900
13.01616600
20.61537500
12.74666700
20.76087500
12.29891700
20.78941600
12.58483400
21.20045800
12.57616700
22.49604100
10.73641700
22.45337500
10.64604200
21.96483300
11.77229200
22.16270800
11.31633300
22.23758400
10.65129100
21.89762500
11.85945900
20.79429100
12.65550000
22.37158400
10.87025000
21.96079100
11.43179200
21.93275000
11.08329200
21.79895800
11.91370800
21.84416700
11.56420800
21.02179200
11.90845800
21.37233400
12.30379100
20.37262500
13.06150000
20.49641700
12.48004200
20.35045800
13.36179200
20.19454100
13.14758400
20.61300000
12.78670800
20.61945800
12.71920900
20.15970800
13.22854200
20.03929100
13.02325000
20.72070900
13.02241600
20.56133400
12.83079100
20.80333400
12.11658300
20.44816700
13.35954100
20.52020900
12.89358300
20.25404200
12.91508300
19.97333300
13.44312500
19.83733400
13.20320800
20.87550000
12.89745800
22.17987500
11.21437500
22.67266700
10.60183300
23.10133400
10.32129100
22.87466700
10.57937500
22.83858300
10.02766700
22.85816700
10.92008300
23.33004200
9.68229100
24.15075000
9.45762500
22.89304200
10.62575000
23.33600000
9.87187500
23.12379200
10.50258300
23.27254200
9.60625000
23.21241600
10.54904200
23.46029200
9.51383300
23.22900000
10.50812500
23.31533300
10.07670900
23.38887500
10.00304100
20.68295900
12.58166600
20.68766700
12.77408300
20.53916700
12.37520800
19.73112500
14.13958400
21.65375000
11.66691600
21.44075000
12.05483400
21.37637500
11.89341600
21.07433400
12.39983300
21.21454200
12.30995800
21.50041700
11.82037500
21.70383300
11.59766700
21.53120800
11.47979200
21.06904100
12.89920900
21.31662500
11.45525000
20.99620800
12.96012500
21.54208300
11.74850000
21.29016700
12.14554200
21.11500000
12.26625000
21.57191600
11.99041700
21.72395800
11.54362500
20.72004200
12.74583300
20.11908400
13.09545800
20.31716700
13.01041600
20.31258400
12.73541600
20.06791700
13.28712500
19.90433300
13.45979200
19.79358300
13.62754200
19.91695800
13.83641700
19.96004200
13.23508300
19.83312500
13.22912500
19.59404200
14.25329100
19.71487500
13.14333400
19.51308300
13.98741700
19.35104100
14.48104200
19.72870800
13.76641700
19.33537500
13.94241700
19.03716600
13.80345900
19.45029100
14.08212500
19.27612500
14.56408400
19.18337500
14.09587500
19.28020800
14.22166700
20.52966600
18.89504200
9.29895800
17.77120900
20.68833300
18.76304200
10.71383300
18.61750000
14.26025000
18.89604200
15.12112500
18.61537500
14.16420800
18.70500000
15.20116700
18.91641600
14.40354200
18.61437500
14.80883300
18.86633400
13.87204100
19.03079200
14.99950000
19.00895800
13.74929200
18.75629200
15.12550000
18.74062500
14.15037500
18.88141600
14.44683400
19.04337500
14.23333300
18.80395800
15.21312500
18.61170900
14.73412500
18.82916600
13.92487500
18.95050000
15.17337500
18.57708400
14.00395800
18.12695800
16.12433400
17.91495800
14.78991700
17.61754100
16.15208400
17.66791600
15.17891700
17.90900000
16.06445800
17.80279200
15.59550000
17.83108300
15.59641700
17.60629200
15.13291600
17.41441700
15.97525000
17.43620800
16.51220900
17.46745800
15.83841700
17.64033300
15.06900000
17.75487500
15.74308300
17.56683400
15.69541600
17.54262500
16.39391700
17.59862500
15.88333300
17.15637500
16.09683400
17.48779100
15.48425000
17.65529200
15.97795800
17.50262500
16.19583400
18.11241600
14.71029200
17.87183300
16.12154200
17.24133300
15.87679200
17.51354200
15.38033300
17.67783300
16.21575000
17.38183400
16.01466600
17.60775000
15.73175000
17.47729200
15.89054200
17.42070800
15.91104200
17.57829100
15.38616700
17.58979200
16.29300000
17.19845800
15.47641700
17.25191600
16.64700000
17.45179200
16.03525000
17.07429200
16.40633300
16.88283300
16.39120900
17.22987500
15.61087500
17.28433300
16.62441700
16.93700000
16.37550000
17.44495800
15.42987500
17.12295800
16.25316700
17.19075000
16.66345800
17.74895900
15.72758300
17.73579200
15.74708300
17.15870800
16.32679200
19.08787500
14.24937500
18.57450000
14.21520800
18.29475000
15.61491700
18.71400000
14.68291700
18.68975000
14.66425000
18.46150000
14.87866600
18.83437500
13.95058400
18.30241600
15.67487500
18.66433400
14.67395800
18.86741700
14.50958300
18.82729200
14.53591600
18.54850000
14.78104200
18.76966700
14.66154100
18.43158400
14.93633300
18.22141700
14.54925000
18.50025000
15.22616600
19.10125000
14.66925000
18.95116700
13.38566700
17.27783300
16.65104200
17.23708300
16.25562500
17.24179200
16.02395800
17.22295800
15.74900000
17.28408400
15.99037500
17.17891600
16.64850000
17.41220900
16.06650000
17.09558300
16.08637500
19.58975000
13.14829200
19.31804100
14.60145900
19.25920800
13.61387500
19.13554200
14.75041600
18.81762500
14.01537500
18.66941700
14.74537500
18.09970800
15.86100000
18.05083400
15.33520800
16.50475000
16.78337500
16.32975000
16.99162500
15.96454200
17.36066600
16.21420900
17.33475000
16.88941600
16.43175000
16.38225000
16.90895900
16.40166600
17.01687500
17.12566700
16.11679200
19.24429100
14.20912500
18.89512500
14.80108400
20.57333300
11.94012500
18.70104200
14.82287500
18.76104100
15.06141700
18.47629200
14.79075000
19.09616600
14.37479200
18.65804200
14.93720800
19.04754200
14.71875000
14.66420800
18.73875000
14.57650000
18.43241700
14.94908300
18.60137500
14.75941700
18.55000000
14.81837500
18.58662500
14.76700000
18.45362500
14.92783300
18.54400000
14.79400000
18.65512500
14.72675000
18.02979200
15.32895800
18.63395800
14.74362500
18.35945900
14.98383300
18.06416700
15.30975000
18.50545800
14.88500000
17.96187500
15.39895800
18.65475000
14.71870900
18.50429100
14.84445900
18.57937500
14.78020800
18.53604200
14.87529100
18.56841700
14.75008300
18.59341700
14.80675000
18.49108300
14.87100000
18.08483400
15.28550000
18.55262500
14.83162500
18.38354100
14.93400000
18.49783400
14.89783300
18.47754200
14.91379100
18.34654200
15.01437500
18.48679200
14.86845800
18.66708300
14.66237500
17.97208400
19.42570800
14.08945800
18.76408400
14.59908300
18.90570800
14.28920900
19.04445800
13.97045800
19.05833400
14.23908300
19.15362500
14.50216700
20.48175000
13.33595800
19.85470800
13.49250000
19.93250000
12.60112500
19.02241700
14.49079200
18.96945800
14.86458300
19.16850000
14.12625000
19.37341700
14.12720800
19.10025000
14.23554200
19.13916700
14.34216600
19.27675000
13.87650000
19.51170900
13.44412500
19.55775000
14.31254100
18.71591700
14.75079200
18.92429100
14.43791700
18.90533300
13.81970900
18.77479100
15.11591700
19.20920800
14.33366700
19.16662500
14.20691700
18.98529100
14.55404200
19.31704200
14.15741600
20.07754200
13.08979200
19.97841600
13.35595900
20.44458300
13.21287500
20.30012500
12.91558300
20.03595900
13.14904100
20.29929200
13.30116700
20.13470800
13.03008300
20.10754200
13.35750000
20.32737500
12.92183300
20.18741700
13.29708300
20.14037500
13.03370900
20.59679100
12.84845900
20.11020800
13.40100000
19.76779200
13.54866600
20.25175000
12.97791700
20.41312500
13.13408300
20.83541700
12.50058300
20.27158400
12.86550000
19.00716600
14.24741700
19.14012500
14.40412500
19.01400000
13.61370800
19.25475000
14.22412500
19.63408400
13.81070800
18.92625000
14.35595800
19.40308400
14.54733300
19.08120800
14.28112500
18.88950000
14.25541700
19.09750000
13.83041700
18.93416600
14.60458400
18.79908300
15.00091700
19.03162500
14.37804100
18.83920900
14.42245800
18.84562500
14.49725000
18.83437500
14.59312500
18.92612500
14.42120800
18.34850000
14.46054200
18.77504200
15.20620800
18.65000000
14.72108300
18.50579200
14.73308300
18.78883400
14.70987500
18.42970800
14.33625000
18.30762500
15.09679200
18.42579100
14.91025000
18.42750000
15.12387500
18.47529200
15.29208300
18.13954200
14.87762500
18.39425000
14.71437500
18.44654200
15.45108300
18.02033300
15.24612500
19.27145900
13.52925000
19.72437500
13.67158300
19.36220800
13.97066700
19.55641700
14.44341600
19.18683400
14.13862500
18.98420800
13.79387500
19.23141700
14.70433300
19.12391700
14.46558300
19.58612500
12.92275000
19.14620800
14.90750000
18.86770900
13.93216600
19.08654200
14.79520800
19.45512500
13.35804200
18.95758300
14.95325000
18.60475000
14.74325000
18.76129200
14.66445800
18.85937500
14.47866700
18.20025000
15.14612500
18.88745800
14.03545900
18.90887500
14.59329100
18.55179200
15.15341700
17.99900000
15.08220800
18.08845800
15.14695900
18.49812500
15.51345800
18.22841700
14.94037500
18.41925000
14.30829100
19.12587500
14.74620900
18.68691600
14.62895900
18.86475000
14.56925000
18.66766600
14.27895900
18.89745800
14.63283300
19.01283400
14.59991600
18.79908400
14.60675000
18.67362500
14.85654100
19.33516700
13.99716700
18.89220800
14.36387500
18.68804200
14.08562500
18.76600000
15.27045800
18.85091700
14.49662500
18.57812500
14.70633300
19.06158300
13.80412500
18.83954200
14.55025000
18.77262500
15.29200000
18.13129200
15.21712500
18.12766600
14.66370900
17.97937500
15.94295800
17.80016700
15.61179100
18.06495900
14.72991600
18.08287500
15.81204200
18.04812500
14.72166700
18.12716600
15.88295900
18.50370800
14.78812500
18.12895800
14.66591700
18.24333300
15.79983400
18.16295800
14.66116700
18.72725000
15.37620800
18.52395800
14.36970900
19.68908300
14.16504200
19.42170800
13.89387500
19.62850000
13.84875000
19.50266700
13.30283300
19.30058300
14.54495900
19.79991600
13.68650000
19.45870900
13.85508300
19.23350000
14.02366700
19.48812500
14.00691600
19.48191700
13.08183300
19.17262500
14.89700000
19.85770900
13.52970800
19.57154200
13.85629100
19.41458400
13.35845800
19.11829200
14.39520800
19.79225000
13.52554200
19.62345800
13.56425000
19.01795800
14.76062500
18.76566700
14.00641700
18.64045800
14.80295800
18.45425000
15.33066700
18.77737500
14.69237500
18.59825000
14.79225000
18.56662500
14.75333300
18.98179200
13.83970800
18.91358400
14.41829100
18.64312500
14.72725000
18.81941700
15.16475000
18.42137500
14.90070800
18.41604200
14.89712500
18.68516700
14.22279100
18.63779200
14.66462500
18.29566700
15.61158300
18.39691700
15.46645800
22.27450000
14.07654200
19.72458300
10.74412500
16.71125000
16.59375000
16.20570800
17.15012500
16.51358400
17.34837500
18.32337500
14.86520800
16.58866700
16.24575000
15.98170800
17.51966700
15.60616600
17.81070900
16.03958300
16.67095800
17.24166700
16.46312500
17.17866700
16.08716600
17.20429200
16.27170800
17.28391700
16.01587500
16.74300000
16.51470800
17.11104200
15.82112500
16.83637500
17.06125000
17.20041700
16.14166600
17.28354200
16.08916700
17.17245800
16.23312500
17.36054200
15.91095800
19.48370800
13.95300000
19.27020900
13.99962500
19.11516600
13.79837500
18.96745900
14.94629100
18.48795900
14.44870800
18.20570800
14.85816700
18.05029200
15.93791600
18.01570900
15.31870800
17.90195800
15.39279200
18.11541700
14.75716600
18.00937500
15.98366700
19.57450000
14.17279200
24.69570800
8.13025000
20.12912500
14.12208300
31.96358400
6.30154100
26.64595900
4.17829100
20.41491700
9.94275000
19.07783300
14.08000000
19.11125000
14.46375000
18.52341700
15.04320800
18.76620900
13.78158300
18.22083300
15.58420900
18.10262500
15.43754100
19.19562500
14.29050000
19.66712500
14.18283400
20.19891600
12.37383400
20.36158300
13.74545800
20.21625000
12.19241700
19.70670800
13.91783400
19.91358300
14.03304200
21.06304100
11.31750000
21.61387500
13.30187500
16.09683400
16.68879100
14.94954200
18.91291700
15.72854100
17.11737500
15.11141700
18.20804200
15.01491600
20.19212500
34.77700000
3.59991700
14.67625000
11.46408300
15.30333400
18.02041600
15.35983400
18.44775000
14.95458300
18.36379200
14.98554100
17.46920900
20.49716600
13.28900000
19.99070900
12.87058300
19.55775000
14.21170800
19.48970900
13.28554100
19.69662500
13.72187500
19.69291700
14.49645800
17.18616700
16.14675000
16.90583300
16.75537500
16.72012500
16.78645900
17.27087500
15.99054100
17.39737500
16.03450000
17.27316700
16.07150000
17.33062500
15.97412500
17.80712500
15.19129200
17.75150000
15.93700000
18.24366600
14.87104200
20.78320800
12.46750000
20.48816700
12.94695800
20.38179200
12.85579200
20.59937500
12.96483300
20.53566700
12.66962500
20.42791600
13.08875000
20.48416700
12.90941700
20.61345800
12.61500000
21.11562500
12.47529200
21.23862500
12.26545800
20.85366700
12.34254100
19.33925000
13.92950000
18.74925000
14.53029200
19.25983300
13.59850000
19.13729200
14.76695800
19.11870900
14.16237500
19.28900000
14.26575000
19.46995800
13.16900000
19.30754200
14.57375000
19.43370800
13.95850000
19.25775000
14.10570800
19.22300000
14.13241700
19.28262500
13.62233300
19.27383400
14.13537500
18.91895800
14.79979200
18.97429100
14.46712500
19.02883400
13.90987500
18.83483300
14.44437500
18.92137500
14.94241700
19.45262500
13.44445800
19.51762500
13.73350000
19.48416700
14.56616600
19.33004200
13.96716700
19.03312500
14.38929100
18.96470900
14.38954100
18.99162500
14.33658400
19.13108300
14.26045800
19.11887500
14.15537500
19.69233400
13.75270800
19.27037500
13.52741700
18.83166600
14.60691700
18.97591700
14.94566600
19.05575000
14.31395900
19.29525000
14.04150000
19.21812500
14.14016600
18.93691700
14.49908300
18.72287500
14.56287500
18.83187500
14.53616700
18.58495800
14.79045900
18.44941600
14.92891700
16.99937500
16.35558300
16.62720900
16.77450000
17.01533300
15.79295800
17.15404200
16.75666700
17.03816600
16.33837500
17.25891700
15.53400000
17.04812500
17.00129200
16.78320800
15.90966700
16.59020800
16.95504200
16.67091600
17.10004200
16.91591700
15.81404100
16.86516700
17.01308300
16.96450000
16.61525000
17.09904200
16.17670800
17.05666700
16.26479200
17.09795800
16.22900000
17.12758300
16.29566700
17.27662500
17.27379200
17.39150000
14.19191600
17.47870900
16.44691600
17.69550000
15.71445900
17.47550000
15.87583300
17.83825000
15.01454200
17.48975000
16.38545800
18.19475000
15.25400000
17.95520800
15.32179200
17.91083300
15.98358400
19.43754100
14.28458400
20.41104100
12.39633400
18.37879100
14.40983400
18.21262500
15.58729100
18.28679200
15.05950000
17.54025000
15.11579200
17.37662500
16.08620800
17.77787500
16.09008300
17.62620900
15.11241600
17.46245900
16.45537500
17.30429100
16.26354200
16.99675000
16.30137500
16.84575000
16.68662500
17.02354200
15.53145800
17.09341700
16.95612500
17.13237500
16.36512500
17.23045800
15.61491700
17.57504100
16.13216700
18.09795800
15.36891700
18.03154200
14.89512500
18.54237500
15.34475000
19.71341600
14.04945900
19.97883300
13.46970800
19.34141700
13.80087500
18.84225000
13.95150000
18.65350000
15.10391700
19.30937500
14.16970800
18.82008300
14.53787500
18.72262500
14.49845900
19.10612500
14.41012500
20.48233300
17.90691700
11.27445800
18.73283300
14.54841700
18.85012500
14.68487500
19.17383300
14.52845900
18.72858300
14.55937500
18.83529200
14.54066600
19.16358400
13.79891600
19.46995900
14.52662500
19.34204100
13.04075000
17.61729200
16.22350000
17.83000000
15.67291700
17.83945800
15.40995800
17.83808400
15.50883300
17.89962500
15.53712500
17.83895800
15.50108400
17.67704100
15.74179200
17.69112500
15.65700000
17.46325000
15.89195800
17.25566700
16.07566700
17.35470800
16.07100000
17.26508300
16.02554200
17.05704200
16.34525000
17.62337500
15.45720800
17.60000000
16.06766700
17.89583300
15.43770800
17.78837500
15.08950000
17.67337500
16.16408400
17.66370800
15.60316700
17.90804100
15.52170900
17.87200000
15.13395800
17.56679200
16.24295800
17.62083300
15.32170900
17.54000000
16.17925000
17.35033300
16.09366700
17.06408300
16.17583300
17.14566700
16.20575000
17.15591700
16.27837500
17.15575000
15.58079100
17.40179200
16.10950000
16.93091700
16.80720800
16.73225000
16.70966700
16.86408300
15.94375000
16.73787500
16.75433300
16.69420900
16.59816600
16.87895900
16.95758300
16.83158300
16.86025000
16.95666700
15.59200000
16.89475000
17.10875000
16.72687500
16.67262500
16.56366700
16.73283300
16.84437500
16.58587500
16.74745800
16.64958400
16.53100000
16.76958300
16.68337500
16.76512500
16.55862500
16.72762500
16.62645800
16.77962500
16.53387500
16.92308400
16.58408300
16.74112500
16.46620800
16.41445900
16.53945800
17.26662500
16.74791700
16.57225000
16.80645800
16.53425000
16.67133300
16.62304200
17.05933300
16.39529200
17.37154200
16.25570800
17.37087500
15.20425000
17.70729200
16.39250000
18.58087500
14.77454100
19.76866700
13.54150000
17.88983300
15.01787500
18.06029200
15.34329200
18.06800000
15.58691600
18.94291700
14.57108300
19.01508400
14.28950000
18.93066600
14.28550000
19.35379200
14.08870800
19.01366700
14.41487500
18.96929200
14.28825000
19.07004100
14.21325000
18.51433400
14.29579100
18.54341700
14.60087500
18.70233300
15.37604200
19.10545800
14.20525000
18.96791700
13.94833300
19.00425000
14.38954200
19.57641700
14.32679100
19.81295900
12.93504100
19.39370900
14.49962500
19.63220800
13.76795800
19.61287500
13.67320900
19.52508300
13.84720800
19.90383400
13.54695800
19.92533300
13.34266700
22.47129200
10.81037500
20.20720800
12.76325000
20.09675000
13.86458300
19.49983400
13.27525000
20.07383300
13.90216700
19.64216600
13.62637500
20.20341700
13.08754200
16.18475000
17.12112500
16.14595800
17.44812500
16.58487500
16.91633300
16.64808400
16.67070800
17.07820800
16.35262500
17.17620900
16.17133300
16.47525000
16.88500000
16.71558300
16.54262500
17.38995900
16.07191600
17.18991700
16.20612500
16.88683300
16.49212500
17.04808400
15.83016600
16.29558400
17.50512500
17.13829100
15.96583400
16.93179100
17.31229200
18.32891700
14.87066600
17.86950000
15.39704200
18.91991700
14.81112500
18.21379100
14.69329200
19.12662500
14.62945800
19.08733400
14.25841600
19.40550000
13.73700000
18.74262500
14.12079200
17.46154200
16.65587500
19.88850000
12.97295800
19.40995800
13.43320900
19.37120800
14.22054200
18.95683300
14.51433300
19.17841700
14.71004200
19.19266600
13.30083400
19.38854100
14.75670900
19.32333300
13.91179200
18.84679100
14.07387500
18.10983400
15.46229100
16.89570900
16.52025000
17.31537500
15.90237500
17.90500000
15.46566600
19.32304200
13.98133300
18.75470900
14.70237500
18.52570800
14.93750000
17.56683300
15.82841700
17.36887500
15.45841700
16.60183300
16.88125000
16.13100000
17.65087500
16.00608300
16.95612500
15.64058400
18.10820800
15.53816700
17.72537500
15.94333300
17.58795800
16.14875000
17.03595900
16.37158300
16.77095800
17.15100000
16.54400000
16.99295900
16.44500000
16.96916600
16.26279200
17.27883300
16.22858400
17.18108300
15.55975000
16.89950000
16.55825000
17.28995800
16.57225000
17.02704200
16.26233300
17.05687500
16.26087500
16.93404200
16.02800000
17.07566700
16.76816600
16.89516700
16.04091700
17.10358300
16.74012500
16.97175000
16.32825000
16.58550000
16.80691700
16.97079100
16.38420900
16.86533300
16.51733300
16.89420900
16.53737500
15.69395800
17.47354200
16.09100000
17.38154100
16.27216700
17.29604200
16.17470800
16.95070800
17.79250000
15.77070900
17.71712500
14.92637500
17.48995800
15.90166700
17.68600000
16.17095800
17.72416700
15.69729100
17.52262500
15.81270900
17.76462500
15.07850000
18.87875000
14.98525000
18.63258300
15.02108300
17.73554200
14.80616700
18.08479100
15.32204200
18.10333300
15.27429200
17.92383300
15.91079200
17.74233300
15.19870900
17.75658300
16.00841700
17.93050000
15.56429100
17.79616700
15.53125000
17.66858300
15.63229200
18.93683300
14.52458400
18.79695800
13.99795800
19.02945900
14.81358300
18.84783300
13.91775000
18.71704200
15.32841700
18.87450000
14.33937500
18.72933300
14.73504200
19.04004100
14.35970900
18.87420800
14.38750000
18.92533300
14.42533400
18.64733300
14.81779200
18.90570800
14.32995800
18.82662500
14.55925000
18.87175000
14.64625000
18.51725000
14.73595900
18.60800000
14.71145800
18.83054200
14.05029100
19.33245900
14.50025000
18.90845800
13.96041700
19.03612500
14.94816600
18.49883400
14.94637500
18.59008300
14.73583300
18.46325000
14.31591700
18.56687500
15.51508300
18.54308400
14.77395800
18.18645800
15.08795900
18.12050000
14.68850000
18.12141600
15.84408400
18.09850000
15.23012500
18.17570800
15.16220800
19.01737500
13.93245900
18.53720800
15.57262500
20.10958300
13.30070900
20.04866600
13.43016700
21.07529200
11.98979100
20.09729200
13.44041700
20.14629100
13.19245900
20.33441600
12.91141700
20.38758300
13.09104200
20.45541700
12.84254100
20.55150000
12.85029200
20.64504200
12.63200000
20.51691600
12.31512500
20.15841700
13.75862500
20.57829200
12.87833300
20.27658300
13.04587500
20.43879200
12.87333300
20.84020900
12.78950000
20.41987500
12.70116600
19.62033400
13.49250000
19.24816600
14.26170900
19.26025000
14.06408300
19.19387500
14.24420800
18.67170900
14.09970800
19.39020800
14.47316700
19.28650000
14.10345800
23.58287500
9.82475000
20.41645900
12.58420800
19.80858300
13.56104200
19.16641700
14.04175000
18.98641600
14.71883400
19.27358300
14.09870800
19.47358400
13.91970800
19.23600000
14.19833300
18.86370900
14.47670800
18.42150000
14.71941700
18.27966600
15.30950000
17.90445900
15.49050000
18.26454100
15.58983400
19.22945800
13.18029200
18.31158300
15.67554200
18.83350000
14.51425000
18.41900000
15.03329100
17.96679200
14.82404200
17.61541600
16.13050000
18.96575000
14.47279200
18.27637500
14.99845800
18.24462500
15.18083400
18.68600000
13.97066600
18.43641700
15.58354200
17.72162500
15.79337500
17.25704100
15.50475000
16.83304200
16.54791700
16.48654100
17.32216700
17.09025000
15.74216700
18.06383300
15.90370800
18.49279200
14.36404200
18.38912500
15.64041600
18.30900000
15.15262500
17.87666700
14.99975000
19.06408300
13.71404200
19.36233300
13.97562500
19.53362500
14.48433400
19.11375000
14.20637500
19.25179100
14.11179200
19.32350000
13.49733300
19.41925000
14.59787500
19.45895900
13.21875000
19.54179100
14.48408400
19.41562500
13.29995800
19.63595800
14.37533400
19.75308300
13.53050000
19.39775000
13.93575000
19.74279200
13.71970800
19.58258300
13.76287500
19.23600000
14.08433400
19.35908300
14.06679200
21.53866600
11.89175000
22.56795900
10.84458300
21.61262500
12.27833300
89.64187500
19.16808400
43.76937500
4.55304100
20.20437500
2.75579200
20.05541700
2.74825000
20.03450000
2.55754100
19.46008400
2.52237500
19.58133300
2.84879200
19.82741600
2.92800000
19.57362500
2.60716700
19.54933300
2.49695900
19.48883300
13.42200000
19.38933300
