17.65479200
1651.19175000
16.37904200
23.53362500
10.61804100
23.34258400
8.98045800
23.01095800
10.54408400
23.12566600
10.31116700
23.19116700
15.41683300
17.31604200
10.77891600
23.08158400
10.10570800
21.62479200
12.04220800
21.42837500
11.58987500
21.23783300
12.40762500
21.44858400
11.63662500
21.36179100
12.03025000
21.37237500
12.06504200
21.29600000
12.31800000
21.26862500
12.03554200
21.23620800
11.84008300
21.18920900
12.51554100
21.24333400
11.81066600
21.04925000
12.32408400
21.46812500
11.86195800
21.11404200
12.57387500
21.11466600
11.98325000
20.99158400
12.74745800
21.03212500
12.24250000
20.91620800
12.44345900
20.99395800
12.39079200
21.52587500
11.83812500
21.64258300
11.41620800
21.16337500
12.53441700
20.90016700
12.12304100
21.06341700
12.60308300
21.38154200
12.05770800
21.24812500
12.13937500
21.98041700
11.40650000
21.66437500
11.63008300
21.72350000
11.67225000
21.67083400
11.64441600
21.64220900
11.72920800
21.63745800
11.78166700
21.62212500
11.34304200
21.13379100
12.23162500
21.30750000
12.45250000
21.66237500
11.30700000
21.30275000
12.41025000
21.44991700
12.01641700
21.50491600
11.76062500
21.43766700
11.58304200
21.12362500
12.79970800
22.31983300
10.50787500
23.14975000
10.48758400
22.55875000
10.55633300
22.89487500
10.84266700
22.66529100
10.34504200
22.75733300
10.59495900
22.53191600
11.23341700
22.49012500
10.86995800
22.76387500
10.61716700
22.78525000
10.15295800
22.53341700
11.19583300
23.11904200
10.24170800
22.91183400
10.56600000
22.79475000
10.50737500
22.79304100
10.53270900
22.95604100
10.42975000
22.78687500
10.60833400
23.24175000
10.14545800
23.20983300
10.15791700
20.49545800
12.43762500
19.90216700
13.48954200
19.65858300
14.08045800
19.13225000
14.22137500
21.20700000
11.80179200
21.75858300
11.65883400
21.62600000
12.16566600
21.50675000
11.93725000
21.30620900
12.16750000
21.74808300
11.64458300
21.56237500
11.34533400
21.80187500
12.13158300
21.52625000
11.42954200
21.49958300
12.22566700
21.50916600
11.90225000
21.88158400
11.56704100
21.56012500
11.76445900
21.24566600
12.13195900
20.98604100
12.45870900
21.45775000
11.86408300
21.28633300
12.14091700
21.02062500
12.57141700
21.25200000
11.49508300
21.30562500
12.14329200
20.95570800
12.81229200
20.78075000
12.15200000
20.60558300
13.23379200
20.75720800
12.56362500
20.54066700
12.86695800
20.56187500
12.37720800
20.34954200
12.91925000
20.42250000
13.02775000
20.46804200
12.89595800
20.53012500
13.37658300
20.60562500
12.90166700
20.24208300
13.04687500
20.19183400
13.26008300
20.21495800
13.13854200
20.03037500
13.34487500
19.84483300
13.41162500
20.15600000
13.40562500
21.52358400
19.75987500
7.35845800
17.50075000
21.35445800
19.73820900
8.92125000
19.46587500
14.43758300
19.79237500
13.67279200
19.76275000
13.60862500
19.69400000
13.60062500
19.92775000
13.48279100
19.68487500
13.16216700
19.65345800
13.64154200
19.88416700
14.10400000
20.24379100
13.09766700
19.38204200
14.06508300
19.89283300
13.36320900
19.76016600
13.01929200
19.72154200
14.18479100
19.71875000
13.65754200
19.44762500
13.37258300
19.88712500
13.51662500
19.58600000
14.34625000
19.57858400
13.27637500
19.51050000
14.44862500
18.39141600
15.03879200
18.41100000
14.28533300
18.13895900
15.16295800
18.40800000
15.04437500
18.57445800
15.40470900
18.50433300
14.31341700
18.55670800
15.39350000
18.47895800
14.36325000
18.20229200
15.14958300
18.39095900
15.55100000
18.45129100
14.86808400
18.64062500
14.28654100
18.45320900
15.27750000
18.58362500
14.36858300
18.10233300
15.75945900
17.95933300
14.82195800
18.19837500
15.84591700
18.26925000
15.04958300
18.36208400
14.43429100
18.49883400
15.52116600
18.71654200
14.35050000
18.11775000
15.49154200
18.36762500
14.34733300
18.65745800
14.83229200
18.86612500
15.04154200
18.67091600
14.36316700
19.33937500
14.56966700
19.40987500
13.94308300
19.61004200
13.84079100
19.18970900
14.15812500
19.12750000
13.50154100
19.20720900
14.87962500
19.15204100
14.18091700
19.04537500
14.43016700
18.84070800
13.89250000
18.89675000
14.41987500
19.05054200
14.95445800
19.07545800
14.20704200
19.44787500
13.94745800
19.40241700
14.02400000
19.00175000
13.83983300
19.38133400
14.57720800
19.53175000
13.84945800
19.57920900
13.17875000
19.03770800
14.93095800
19.11583400
13.66512500
18.37483300
14.69533300
18.55345900
15.33995800
18.29408300
15.14650000
18.29987500
15.03812500
18.61725000
14.78350000
18.49416700
14.92600000
18.30762500
14.84554200
18.81054100
14.07462500
18.59637500
15.38812500
18.45491700
14.97354200
18.49500000
14.36525000
18.26754100
15.49620900
17.97012500
15.04083300
18.18070800
15.57787500
18.07562500
15.19554200
17.97412500
15.46658300
18.01333400
15.34516600
18.29933400
15.09158300
18.08320800
14.84616700
18.22350000
15.57416700
18.11445800
14.70312500
18.19550000
15.13779200
18.10141600
15.88275000
18.07462500
15.15183400
20.33508300
12.93850000
20.01587500
13.36741700
20.27579100
13.12183400
20.01816600
13.34033400
19.70733300
13.03187500
19.46483300
14.18304200
19.58391700
13.67120800
19.15616700
14.20262500
17.64225000
15.76045800
17.49308300
16.48475000
17.08879200
16.15445800
17.34787500
15.56229200
17.92604200
15.93875000
17.21229100
16.10054200
17.40608300
16.05395900
18.13670800
14.44375000
19.90195800
14.08379200
19.92904200
13.43120800
20.15658300
13.28516700
19.27612500
13.55070800
20.51316700
12.82950000
19.51633300
14.05158400
20.93541600
12.94766700
20.15670800
13.17504200
19.70950000
14.22875000
14.47479200
18.99533300
14.51120800
18.58058400
14.64254100
18.75591700
14.63258300
18.72541700
14.62166700
18.23816600
15.14587500
18.72237500
14.65533400
18.72075000
14.63112500
18.43120800
14.91833300
18.77925000
14.59708400
18.69850000
14.67691600
18.65933400
14.71412500
18.81441600
14.54679200
18.63037500
15.74579200
17.56262500
14.77791600
18.91037500
14.46483400
18.76025000
14.60179100
18.74770900
14.62712500
18.32037500
15.04833300
18.71120800
14.64629200
18.77808300
14.60720900
18.67758300
14.66037500
18.33720800
15.06241700
18.13516700
15.20337500
18.65516600
14.73454200
18.68512500
14.66379200
18.73854100
14.65379200
18.58762500
14.77491700
18.75512500
14.61283300
18.57591700
14.76016600
18.17212500
20.49795900
13.02404100
19.91787500
12.99270900
19.96225000
13.71158300
19.90316700
13.73908300
20.12787500
13.43220800
20.82525000
11.41341700
20.66358300
13.61233400
20.63620800
12.56558300
20.71887500
11.90875000
20.72854200
12.83420800
20.89954200
13.04391700
20.96216600
12.46066700
21.03829200
11.61137500
20.74462500
13.65241600
21.45425000
13.00333400
21.37370800
10.16770800
21.74820900
11.35858300
20.95854200
13.16683300
20.20220800
13.08420900
19.90954100
13.46583400
20.37158300
12.59483300
20.88445900
12.94783300
21.17529200
11.95054100
20.00133400
12.96720800
19.96816700
13.89025000
19.90312500
13.40512500
19.90095800
13.49937500
19.85308300
13.23191700
20.13858300
13.51808400
19.86775000
13.47895800
19.78337500
13.49562500
20.04245800
13.47662500
19.83720900
13.06516600
19.74429200
13.42916700
19.98170800
13.87362500
20.27783300
13.20691700
19.94887500
12.78841700
20.43579100
13.60925000
20.04220900
12.73345800
19.72387500
13.63100000
20.07670800
13.24708400
20.10000000
13.82437500
20.23491600
13.16112500
19.78204200
13.06720800
20.01770900
13.83366600
19.71687500
13.03208400
20.08366600
13.26095900
19.98258300
14.00279200
20.25175000
13.10125000
19.68820800
12.98079200
20.35033300
13.13787500
19.92387500
14.09804200
19.84366600
13.40158400
19.85062500
13.01854100
19.72154200
14.30925000
19.76858300
12.94345900
19.90550000
13.97383300
20.01670800
13.30816700
19.65341700
13.17370800
19.72979200
13.90254100
19.72408400
13.53304100
19.54670900
13.99925000
19.59058300
14.07316700
19.54508300
13.25129200
19.43062500
14.39050000
19.91937500
12.93370800
19.47070800
14.14587500
19.22929200
14.59454200
19.44441600
13.85725000
19.38262500
13.39229200
19.56233300
14.40491700
19.05691700
14.24058300
19.47808300
13.87645900
19.26829100
13.70916700
19.20437500
14.45679200
20.29487500
13.08104100
20.47450000
12.84637500
20.43191700
13.00337500
20.30566700
12.41720800
20.23808300
13.73875000
20.07725000
12.74508400
20.25320800
13.60675000
20.09316700
12.83654100
20.02416700
13.71737500
20.16237500
12.84716700
20.02141600
13.23383400
20.19054100
13.62508400
20.45287500
13.03237500
20.02125000
13.30766600
19.68845900
13.71966600
20.52670900
12.86300000
19.74433300
13.56279200
19.12070800
13.69154200
19.49841600
14.47154200
19.25829200
14.04608300
19.30241700
14.07800000
19.06516600
14.38737500
19.23983400
14.22870800
19.36445800
14.04558400
18.98912500
14.23675000
19.44858300
13.83020800
20.02750000
13.29070900
19.84895800
12.82466700
19.82612500
14.25912500
19.42895800
13.94129200
19.43604100
13.70754200
19.86870800
13.74770900
19.75762500
13.63525000
19.48120800
13.88283300
20.07054200
13.36495800
20.19458400
12.62595800
19.61225000
13.59658300
19.78750000
14.21991700
19.75400000
13.04050000
19.67879200
13.67250000
20.00191600
13.39595900
19.72716600
13.92037500
19.71904200
14.07112500
19.17712500
14.02287500
19.03104200
14.50091600
18.82358400
14.05633300
18.88962500
15.01854200
19.06337500
13.69533300
19.11716700
14.30091600
18.92616700
15.00075000
19.13170800
13.62350000
18.93795900
15.36625000
19.24754100
14.07941700
20.38920800
12.93566700
20.06395800
13.34779200
20.10220800
13.11850000
20.39300000
13.08787500
20.26462500
13.03004200
20.32350000
12.36875000
20.29241700
13.04616600
20.16783400
13.99562500
20.50287500
11.96708300
20.19050000
13.45020800
20.13962500
13.82187500
20.24029200
12.98783300
20.43212500
13.09900000
20.32979200
12.95079200
20.22066600
13.11758400
20.26500000
13.35425000
20.95758300
12.45250000
20.33991700
12.61337500
19.22808300
14.08058300
19.33975000
13.91237500
19.15050000
14.28420900
19.26816600
13.53129200
19.28383300
14.75420900
19.47870800
13.82833300
19.22200000
14.09962500
19.42520900
14.07645800
19.34458300
13.98016700
19.42087500
13.83325000
19.61750000
13.76483300
19.54254200
13.86429200
19.13862500
13.58350000
19.46441600
14.58075000
19.23891700
13.56716700
19.23141600
14.05304200
19.33262500
14.69370800
19.49029200
13.89129200
19.20987500
13.42654100
19.32375000
14.16587500
19.27020900
14.72533300
19.08362500
13.81662500
16.45187500
17.51104200
16.19575000
17.16479100
16.04895900
17.19908300
16.42979200
17.03350000
16.11566600
17.23758400
16.81187500
17.14275000
17.48941600
15.25937500
16.85750000
15.88075000
18.32112500
15.08129200
17.98479200
15.84325000
18.35212500
15.12650000
18.08345800
14.81916700
21.43641600
13.16879200
19.31008300
13.66829200
19.52583300
13.60929200
19.91304200
13.51137500
19.68637500
13.20883300
19.41929200
13.83512500
18.50050000
14.58208300
20.70637500
12.97970800
20.52495900
12.52658300
20.29545800
13.53433400
19.78733300
13.10908300
19.24141700
14.55745800
19.11925000
13.62800000
19.14683400
14.91245800
18.98429200
14.32279100
19.16962500
14.02595900
19.37629100
14.07687500
19.09337500
14.28500000
18.84525000
13.96225000
18.80933400
15.10620800
18.97041700
13.82695800
18.88458300
14.45416700
18.83729200
15.11295800
19.18445800
14.26041700
18.63954200
14.66758300
18.57016700
14.24783300
19.05733300
14.88025000
18.85858400
14.55912500
19.04316600
13.59233400
19.29795800
14.74912500
19.48862500
13.82900000
19.94479200
13.93491600
22.14687500
11.14404200
24.74995800
8.41483400
27.88212500
7.43150000
27.98704100
3.80045900
25.15820800
7.53462500
21.62650000
10.55925000
20.90337500
14.81654200
15.59745800
17.61075000
15.67233300
17.55450000
15.38216700
17.96000000
15.06779200
18.26054100
15.05604200
18.26220800
15.17908400
18.20175000
15.00895800
18.41433300
14.77941700
18.46429200
14.88075000
18.62420800
14.92804200
18.29000000
14.71754100
18.13637500
21.76095900
11.03812500
21.54370800
12.43970800
20.37225000
12.27737500
20.10170900
13.76820800
20.43220800
13.22400000
21.07341700
12.51516700
18.95520800
14.44750000
18.81329200
14.60804100
18.24183400
14.52854100
18.02279200
15.83383300
18.81262500
14.09270900
18.11862500
15.85779100
18.91079200
14.30908300
18.51020900
14.95029100
18.88733400
14.39108300
19.03529200
14.01520800
21.47175000
11.36029200
21.52229100
12.24687500
21.22529200
12.08629200
21.59708300
11.85225000
21.54887500
11.81166700
21.45183300
12.06875000
21.77545800
11.56545900
21.98925000
11.15212500
20.64250000
12.77837500
20.81650000
12.11016600
20.89287500
13.02841700
20.05795800
13.28058400
19.79475000
13.05075000
20.12429100
13.71241700
20.07958300
13.35562500
20.11095900
12.60512500
20.29650000
13.08133300
20.14766700
13.82629100
20.26020900
13.05175000
20.26375000
13.15666600
20.50475000
12.81895900
20.22204100
12.55120900
20.14500000
13.79266600
20.24483400
13.15037500
19.91679100
13.50350000
20.05500000
12.79100000
20.02808400
13.21008300
19.97541700
13.98208300
20.23425000
12.56533300
20.21279200
13.68729200
20.19266600
12.69875000
20.15758400
13.27991600
20.69229200
13.12950000
19.87941700
13.14450000
20.17970800
13.75112500
19.94508300
12.70387500
19.97645900
14.10904100
19.91283400
13.26150000
20.34583300
12.59687500
20.20595800
13.54920900
19.87591600
13.46287500
20.12845900
12.92829100
19.87570900
14.04879100
20.25533400
12.94020800
20.17641700
13.14691600
20.10604200
13.28145800
20.61175000
12.21920900
20.40945800
13.06433300
19.62441700
14.13583300
19.59250000
13.33200000
18.10775000
15.81087500
17.90470900
15.42783300
18.23912500
15.32491700
18.37554100
14.88100000
18.14575000
15.21412500
17.99691700
15.23300000
18.21245800
15.04375000
18.19045900
15.38687500
17.95975000
14.79729100
17.80762500
16.13558400
17.72212500
15.23400000
17.94725000
15.76895800
17.89958300
14.88354200
18.04725000
16.00304200
17.93975000
14.97466600
17.83112500
15.87037500
18.05412500
14.84779200
18.45662500
15.44504200
17.97062500
14.81429100
18.30479200
15.63529200
18.20662500
15.13316600
18.12875000
15.16729200
18.38087500
15.12266700
18.38266600
14.89141700
18.33112500
14.62066700
18.80720800
14.38941700
18.60270800
15.32458300
18.46475000
14.87004200
18.67104200
14.80420800
18.64675000
14.27500000
19.31137500
15.01904200
20.06166600
14.93725000
19.74383400
11.66991600
18.86166700
14.31775000
19.20766700
14.28775000
18.70954100
14.76475000
18.65075000
14.44375000
18.51929200
14.89729200
18.00170800
15.28295800
17.78675000
15.61908400
17.87462500
15.01795800
18.40783300
15.53925000
18.23508400
14.59362500
18.23504100
14.90908400
18.81820800
15.53058300
18.99508400
14.44591600
20.05995900
13.14587500
20.02720800
12.72520800
19.78962500
13.53633400
20.87570800
13.00483300
20.08795900
13.45925000
20.08216600
13.57058400
19.65929100
13.35379200
19.68616700
13.24737500
19.69087500
14.31250000
19.75504100
13.46691700
20.16295800
13.44191700
21.41679200
18.77662500
8.58395800
19.06750000
14.99154200
19.59191600
13.27883400
19.89950000
14.85904100
20.31500000
12.73429200
20.12475000
12.66016700
18.61508300
15.19491700
18.85054100
13.78100000
18.74870900
15.22716600
18.66662500
14.69487500
18.85195900
14.50379100
18.76787500
14.46495900
18.72595800
15.72600000
19.68950000
12.77045800
19.17450000
13.62904200
19.48433300
13.97433400
21.56200000
12.77841600
20.31370900
12.98629100
19.28979200
13.44658300
19.73225000
14.22125000
19.33275000
13.74520900
18.22812500
14.60291600
18.85766700
15.08066700
18.60720800
14.37958300
18.75354200
14.93195800
18.84654200
13.82329200
18.87120800
14.97570800
18.46183400
14.17270800
18.90845800
15.22958400
18.61183300
14.27829200
18.38012500
15.47479100
18.52187500
14.35579200
18.50879200
15.41645800
18.30450000
14.36679200
18.11558300
15.78804200
18.09358300
15.27650000
18.52758300
14.80216700
18.11045800
15.29666700
18.49004200
14.95029100
17.86608400
15.40887500
17.66991600
15.70108400
17.91525000
15.57675000
17.76862500
15.51666600
17.73566700
15.04733300
18.08595900
15.96120800
17.77150000
15.68479200
17.79795800
15.46308300
17.95862500
15.45916700
17.84433300
14.93604200
17.68437500
16.25308300
17.75716700
15.59641700
17.59587500
15.76850000
17.51466600
15.19083400
17.84350000
15.77462500
17.55308300
16.28000000
17.43695800
15.28595900
17.53350000
16.58845800
17.46004200
15.14225000
17.30412500
16.59833300
17.32920800
16.07550000
17.71325000
15.68037500
17.62366700
15.80408300
17.47550000
15.16441700
17.98095800
15.53162500
18.37279200
15.56983300
18.07720900
15.22054100
18.46720900
15.06700000
18.68441600
14.61637500
18.42270900
14.87125000
18.64520800
14.90141700
18.88779100
14.01150000
20.10091700
13.73900000
20.79287500
11.94100000
20.08462500
13.75033300
19.80400000
12.97966700
19.95350000
13.38350000
20.41325000
13.26866700
20.95279100
12.30920900
20.19000000
12.79379100
19.99379200
13.39295800
19.59254200
13.98633300
20.43891700
13.18033300
19.83520900
13.49887500
19.75608300
13.03279200
20.03658300
13.96525000
20.58020800
12.20529200
20.41095800
13.45525000
20.54854200
12.82641700
20.46237500
12.93625000
20.52779100
12.17000000
20.45312500
13.16658400
20.71295800
12.61733300
20.58491700
12.60066700
20.47108300
13.31158300
20.67604200
12.81162500
20.75587500
12.18266700
20.34862500
13.04720800
20.58750000
13.41437500
20.62245800
12.00654200
20.71629200
13.53887500
16.72250000
16.67429100
16.97933400
16.29187500
17.51379100
15.78754200
17.77108300
15.65875000
18.32737500
14.88562500
18.15033400
14.73770800
17.57120800
15.82245900
17.84179100
16.04895900
18.40137500
15.00129100
18.11091700
14.82145800
17.77937500
16.06241700
18.58658300
14.99154200
17.77045800
15.78895900
19.21512500
13.70820800
18.67275000
15.12604200
18.40487500
14.17850000
18.46791600
15.57729200
19.15050000
14.24541700
18.71108300
14.57729200
19.17204100
13.76970900
19.12662500
14.01958300
18.70979200
15.18937500
19.88879100
13.26420900
18.48283300
15.07595800
19.95683400
12.78687500
19.85333300
14.05462500
20.22675000
13.26987500
18.96800000
13.71037500
19.44575000
14.71370800
20.10962500
13.24229200
20.03675000
13.00675000
20.18466700
13.67466600
20.18791700
12.88750000
21.26350000
12.15062500
19.48566700
14.03116600
19.04404200
13.92462500
19.55291700
13.62141600
20.56329200
12.85016700
20.10575000
13.79991600
20.45516700
11.91466700
18.46016600
15.50125000
18.29062500
15.32583400
17.58783300
15.17900000
16.97345800
17.08125000
17.22750000
16.12845900
16.62708300
16.56029200
16.76875000
16.40954100
17.00395900
16.50245800
17.21750000
15.98945800
17.28362500
16.16262500
18.04775000
15.35341700
17.83670800
15.46783400
17.77066600
15.59720900
18.29775000
15.17520800
18.19804200
15.17795800
17.91379200
14.88145800
18.16237500
15.79900000
18.02454200
14.66904100
18.06854200
15.14216700
18.07187500
16.06162500
17.88941600
15.44037500
17.94483400
15.42958300
17.82441700
15.57687500
17.99162500
14.80629100
17.79620900
16.10404100
17.76375000
15.69629200
18.02054200
14.68454100
18.02554200
15.54704200
16.82233300
16.96350000
16.97075000
16.46654200
17.31912500
16.11454100
16.79345900
16.30987500
18.70875000
14.06816600
18.54433400
15.56429100
18.44075000
14.69137500
18.79929200
14.04070800
25.41700000
8.33029200
19.35395800
13.89466700
19.71254200
13.59962500
18.99400000
14.74679100
18.60400000
14.79291700
18.84837500
14.54970800
18.63800000
14.66808400
18.46179100
14.91875000
18.87175000
13.96858400
18.76400000
14.63408300
18.65408300
15.18125000
18.98612500
13.80037500
18.83600000
15.12729200
18.61154200
14.76766600
19.96233400
13.36604100
19.75429200
13.15575000
19.62587500
14.26891700
19.77200000
12.93841600
19.87629200
13.52400000
19.83704200
13.46558300
19.77404200
14.20695800
19.96566700
13.41054100
19.85500000
13.46104200
19.92987500
13.31025000
19.90325000
13.52662500
19.89229200
12.90116600
19.96654200
13.50529200
19.52112500
14.48333300
19.48162500
13.73166700
19.53954100
13.78508400
19.82250000
13.58287500
19.74729100
13.57766700
19.78375000
13.09387500
19.90533300
14.07900000
19.31745900
13.46991600
19.16283400
14.17579100
19.35262500
14.63166700
19.22779200
14.15175000
19.00783300
14.38066700
19.27300000
14.39333300
19.84866700
13.63916600
20.08916700
12.43025000
19.94400000
13.44995800
20.21970900
13.87758300
20.56337500
12.78604200
20.23020800
12.42766700
20.60416600
13.39487500
20.88279200
12.55866700
20.69425000
12.53195800
21.04375000
12.29783300
21.36950000
12.38258400
21.77558300
11.64516700
22.56820800
10.34495800
21.82758400
11.62175000
21.34350000
11.26233300
21.37991700
12.93566600
21.79283400
11.01708300
21.55841700
11.69850000
22.05970800
11.61141700
20.39554100
12.36808400
20.40000000
13.45929100
20.41733400
13.16550000
20.26470800
12.94737500
20.70341700
12.01150000
20.31833300
13.80895800
21.11325000
12.86279200
22.52366700
