8.65883300
0.21225000
0.86337500
0.16191700
1.77995800
9.02500000
8.24429200
8.34550000
8.35341600
8.34125000
8.33395900
8.33945800
7.73841700
9.05508300
7.62858300
8.96441700
8.32008300
8.16300000
8.60145900
8.25879100
8.34495900
8.34125000
8.34554100
8.34491700
8.33816700
7.73504100
8.34187500
8.34170900
9.05812500
8.19979100
8.41725000
8.30158400
7.73925000
8.33729100
8.91345900
12.36112500
31.10108300
12.19562500
12.31770800
12.37079200
12.24558300
15.17829200
16.68275000
16.69116700
16.67558300
16.68458300
16.68595900
16.67958300
16.68783300
16.68195900
16.71612500
16.64812500
16.68250000
16.68325000
16.68333300
16.69141700
16.67533300
16.68329200
16.68841600
16.67833400
16.68783300
16.67875000
16.68429200
16.68229100
16.68433400
16.68241600
16.69262500
16.67408400
16.68325000
16.68725000
16.68300000
16.68054100
16.68258400
16.69245800
16.67958300
16.67791700
16.68345800
16.68325000
16.68429200
16.68237500
16.68337500
16.68337500
16.68791700
16.67970800
16.68900000
16.67970800
16.68766700
16.67691700
16.68225000
16.68345800
16.68612500
16.68283300
16.68166700
16.68508300
16.68100000
16.69216700
16.67433300
16.68633400
16.68083300
16.68291700
16.68633300
16.68366700
16.67995800
16.69054200
16.68370800
16.68800000
16.67125000
16.68325000
16.68329200
16.68325000
16.68816600
16.68679200
16.67687500
16.68162500
16.68320800
16.68345900
16.68850000
16.67808300
16.68345800
16.68320900
16.68350000
16.68320800
16.68333300
16.68900000
16.67845900
16.70008300
16.66762500
16.68520800
16.68066700
16.68500000
16.68054200
16.68670800
16.68258300
16.68445900
16.75129100
16.61237500
16.68275000
16.68325000
16.68329200
16.68341700
16.68337500
16.68325000
16.68341600
16.68320900
16.68337500
16.68329100
16.68350000
18.54691700
26.39162500
10.48616700
11.30858300
16.68325000
16.68329200
16.68350000
16.68320800
16.68333300
16.68329200
16.68337500
16.68333300
16.68337500
16.68325000
16.68358400
16.68308300
16.68333300
16.68345900
16.68329100
16.68337500
16.68320900
16.69970800
16.66716700
16.68320800
16.68329200
19.14275000
14.67191600
16.25783400
16.66091600
16.68320900
17.98004100
18.10462500
16.84191700
16.56316700
16.45204100
16.48012500
16.45291700
16.57470800
16.76650000
16.56795900
16.55008300
16.52866700
16.39729100
16.72350000
16.69995900
16.28095800
16.73850000
16.53637500
16.52212500
16.62262500
15.96591700
17.20170800
16.22883300
16.68358400
16.68291600
16.68337500
16.68337500
16.68320900
16.68337500
16.68325000
16.68329100
16.68341700
16.68341700
16.68412500
16.68237500
16.68854100
16.68029200
16.68129200
16.68333300
16.68858300
16.67804200
16.71591700
16.65075000
16.68329100
16.68337500
16.69029200
16.67629200
16.71533300
16.65291700
16.68325000
16.73054100
16.63458400
16.68450000
16.68225000
16.68350000
16.68325000
16.68320800
16.68462500
16.68325000
16.68216700
16.68337500
16.68325000
16.69804100
16.66870900
16.70075000
16.66987500
16.67937500
16.68325000
16.68350000
16.68591600
16.68058400
16.68345800
16.68320800
16.69270900
16.67537500
16.68208300
16.68316700
16.68337500
16.68333300
16.73191700
16.63483300
16.68345800
16.68320900
16.68341600
16.69175000
16.67937500
16.67866700
16.68337500
16.68333300
16.68337500
16.68329200
16.68333300
16.68341700
16.68329200
16.68333300
16.68337500
16.68429200
16.68704100
16.67862500
16.68458400
16.68204100
16.68345900
16.68325000
16.68337500
16.68329100
16.68325000
16.68341700
16.68429200
16.68241600
16.68583400
16.68166600
16.68412500
16.76629200
17.43116700
20.59025000
16.34454100
17.61679200
11.40983300
16.62408400
26.45695800
6.90866700
16.69125000
23.98612500
9.37654100
24.43370900
8.94433300
23.10158300
10.53804200
23.11604200
10.18625000
23.33779100
9.80641700
22.95333300
10.76608400
23.06308300
9.94987500
21.77016700
12.23200000
21.41883300
11.31162500
21.50025000
12.46300000
21.41437500
11.35587500
21.58679200
11.78229100
21.68608400
12.12233300
21.25191700
12.29591600
21.28666700
12.04675000
21.16000000
11.61458300
21.45720900
12.52762500
21.23262500
11.51575000
21.29308300
12.32512500
21.45191700
11.66337500
21.33841600
12.62191700
21.08429200
11.68937500
21.28308300
12.70237500
21.08425000
12.27950000
20.90016700
12.44441600
21.01258400
12.39883300
21.40237500
11.94666700
21.58891600
11.15904200
21.41308300
12.56550000
20.91308400
11.83900000
21.30720800
12.05891700
21.91887500
12.04012500
21.28983300
12.10416700
22.07137500
11.27045800
21.81358300
11.55316700
21.83087500
11.56708300
21.76529200
11.57258300
21.71666700
11.64916700
21.71383300
11.67716700
21.73816600
11.00762500
21.46929200
11.89741700
21.64225000
12.34666600
21.77250000
10.97200000
21.61862500
12.34254200
21.53358300
11.85995900
21.64308300
11.69795800
21.49787500
11.27300000
21.46429200
12.52941700
22.44166600
10.29800000
22.40333400
11.40129100
21.57370900
11.35504100
21.92179200
12.06812500
21.68500000
11.05825000
21.92720800
11.54395900
21.65658300
12.22695800
21.78908400
11.55520800
22.18441700
11.19237500
22.13266600
10.62525000
22.41800000
11.53858400
23.06112500
10.31204100
22.85429200
10.53420800
22.82320900
10.50750000
22.80370800
10.57820800
22.92825000
10.46225000
22.72837500
10.62833400
23.21300000
10.15933300
22.86241700
10.51091600
20.54891700
12.20370800
20.08975000
13.47816700
19.69745800
14.06795900
19.06383300
14.30025000
21.25441700
11.50895800
21.94104200
11.42166600
21.88600000
12.06958400
21.64212500
11.72975000
21.57662500
11.83270800
22.02320800
11.32600000
21.92741700
10.96712500
22.19900000
11.64008300
22.04187500
10.70508400
22.35012500
11.61387500
22.05712500
11.32854100
22.49570900
10.87595800
22.19895800
11.13858400
21.96520800
11.38975000
21.75145800
11.64208400
22.30154100
11.06875000
21.98379200
11.36400000
21.94591700
11.46725000
22.29529100
10.62083400
22.04158300
11.15725000
22.22604200
11.73895800
21.87691700
10.87108300
21.71500000
12.24275000
21.88925000
11.50716700
21.71470800
11.62408300
21.70120900
11.18495800
21.69804200
11.55612500
21.72837500
11.63837500
21.76975000
11.59779100
22.04775000
11.93812500
22.04212500
11.31620900
21.74787500
11.59795800
21.77020800
11.62020900
21.91562500
11.45745800
21.62370800
11.70175000
21.65091700
11.75808300
21.83487500
11.54650000
21.78300000
21.35250000
6.35629200
16.63904200
21.49012500
21.45758300
7.06787500
21.30770800
12.68279200
21.62187500
11.71145800
21.62637500
11.73058400
21.69170800
11.70529200
21.74683300
11.59670800
21.50237500
11.27729200
21.68400000
11.68462500
21.77637500
12.17137500
22.04062500
11.31416700
21.32033300
12.07404200
21.90195800
11.44958300
21.56616700
11.25833300
21.56337500
12.37062500
21.57687500
11.76212500
21.22175000
11.56258400
21.82458300
11.54337500
21.54333300
12.42929200
21.38158300
11.38170900
21.55175000
12.42408300
20.39316700
12.96850000
20.37083300
12.42616700
20.11891600
13.20975000
20.32879200
13.10537500
20.40233300
13.47937500
20.53416700
12.25262500
20.61550000
13.35062500
20.52400000
12.24500000
20.31708300
13.04704200
20.53220800
13.44566700
20.54287500
12.79837500
20.63129200
12.30070800
20.42016700
13.39945800
20.52791700
12.23537500
20.16241600
13.80666700
20.03108300
12.73020900
20.29525000
13.65520800
20.33995800
13.02750000
20.49220900
12.33404100
20.54937500
13.35858400
20.73245800
12.33700000
20.24937500
13.44491700
20.47804100
12.27395900
20.49191600
12.87354200
20.99500000
12.97266700
20.79295800
11.97275000
21.70125000
12.24579200
21.83300000
11.56895800
21.99625000
11.37154200
21.56104100
11.77629200
21.60495800
11.21375000
21.49616700
12.44012500
21.52933300
11.81520900
21.48137500
11.88520800
21.36308300
11.41662500
21.38491700
11.98170800
21.38295900
12.57125000
21.56420800
11.82883300
21.83312500
11.50895900
21.66858300
11.69400000
21.47770800
11.30366700
21.87937500
12.06487500
21.91525000
11.45029200
22.05550000
10.91279100
21.18329200
12.56916700
21.42512500
11.70737500
20.56500000
12.48379100
20.73100000
13.18158400
20.33316600
13.05608400
20.52829100
12.86750000
20.78570900
12.58033300
20.59004200
12.76875000
20.55383300
12.82187500
20.84066700
11.91612500
20.62150000
13.33087500
20.63862500
12.72837500
20.74154100
12.18687500
20.35129200
13.45100000
20.14137500
12.83983300
20.38187500
13.39304200
20.25162500
13.08987500
20.07083300
13.29725000
20.18458400
13.20308300
20.41000000
12.93587500
20.15208300
12.82158400
20.36541600
13.45483400
20.22529100
12.50008400
20.30137500
13.07200000
20.28245800
13.68579200
20.27929100
13.05929200
22.28254200
11.08462500
21.99858300
11.41725000
22.23350000
11.08387500
21.96216700
11.42141600
21.72262500
11.04562500
21.43879200
12.12250000
21.54075000
11.63025000
21.31712500
12.05629200
19.78570800
13.58250000
19.55233300
14.39179200
19.28591700
14.10412500
19.43970800
13.31804200
20.08187500
13.87058300
19.34100000
14.05850000
19.44858300
13.90966700
20.18383300
12.57329200
21.82941700
12.11895800
21.92595800
11.44925000
22.11320900
11.26520800
21.24633300
11.51754200
22.57491700
10.79175000
21.61066600
11.75875000
23.08216700
10.83450000
22.38033300
11.03883400
21.87162500
11.35658300
17.18775000
16.15733300
17.47504200
15.92108300
16.96283400
16.37512500
16.84162500
16.53529100
16.85195900
16.06229100
17.05766700
16.75387500
16.80404200
16.56704100
16.64641700
16.75445800
16.75545900
16.73666600
16.56283400
16.64016600
16.81595900
16.58558300
17.00608300
16.36287500
17.14391700
16.18804200
18.29945800
14.88383300
17.47441700
16.10991700
17.05708300
16.27462500
16.84679200
16.54116600
16.90787500
15.98683400
16.92233300
16.89358300
16.71754200
16.73775000
16.80245800
16.51066700
17.00358300
15.87845900
16.88316600
16.48333400
16.68683300
17.16066700
17.02154100
16.31700000
16.82250000
16.54154200
16.87675000
16.52516700
17.01358300
16.31975000
16.68162500
16.68237500
16.52595800
16.99787500
22.49229200
10.85066700
21.97112500
11.05979100
22.01191700
11.71708300
21.94325000
11.40287500
22.25216700
11.12570800
23.33300000
9.44304200
22.68204200
11.29162500
22.83637500
10.50216600
22.90237500
9.87608400
22.75629100
10.69250000
22.96287500
10.90670900
23.17162500
10.22304100
23.28529200
9.46829200
22.79095800
11.16062500
23.84970800
9.53070900
24.85691600
7.99258400
23.98495800
9.30029200
23.02470800
10.92900000
22.56087500
10.83150000
22.14400000
11.19754200
22.51816600
10.26162500
23.26587500
10.64979200
23.48325000
9.91116700
21.94900000
10.95179100
22.03379200
11.82508300
22.02458400
11.32566600
21.88629200
11.47304200
21.96241600
11.22375000
22.13600000
11.39708400
21.86945800
11.49370800
21.83670900
11.55062500
21.95729100
11.42983400
21.87958300
10.88879200
22.01970800
11.34154200
22.02454100
11.94837500
22.12933400
11.21316600
22.05133400
10.73350000
22.47287500
11.49870800
22.06804200
10.69358300
21.85358300
11.51600000
22.21262500
11.15212500
22.14900000
11.80041700
22.25295800
11.11237500
21.84495900
10.94345800
22.15933300
11.78216700
21.66400000
11.12491700
22.11070800
11.25470800
21.97970900
11.97045800
22.15262500
11.20962500
21.69595800
11.09158400
22.19312500
11.17366600
21.86416700
12.11004200
21.91975000
11.44691600
21.75970900
11.03229100
21.65608400
12.25304100
21.92866700
10.86433300
21.97195900
12.00020800
21.88437500
11.45754200
21.60883300
11.17700000
21.73079200
11.87829100
21.61550000
11.51425000
21.71704200
12.00191700
21.59120800
12.02200000
21.52366700
11.24362500
21.51070800
12.45395800
21.82295900
10.93908300
21.46029200
12.09766600
21.30004200
12.46137500
21.58158300
11.81204200
21.42137500
11.34158300
21.53075000
12.42804200
21.13441700
12.23083300
21.41879200
11.92779100
21.12775000
11.81733400
21.24720800
12.53095800
22.22312500
11.13762500
22.27029200
11.07737500
22.30187500
11.13804200
22.21787500
10.53054100
22.00929200
11.89575000
22.06325000
10.77683300
22.19804200
11.71083300
21.87329200
11.01262500
21.97570800
11.93454200
21.88820800
10.86154200
21.93462500
11.43216700
22.11525000
11.85883300
22.19850000
11.18887500
21.77075000
11.54525000
21.56645800
11.85441700
22.33150000
10.99200000
21.53908300
11.83520900
21.00508300
11.76833300
21.41029200
12.58033300
21.12895900
12.20245800
21.08058300
12.28754200
20.94812500
12.44516700
21.16179100
12.17945900
21.31237500
12.07216600
21.08225000
12.28745900
21.37675000
11.96812500
21.71383300
11.65158300
21.67458400
11.10433300
21.54100000
12.40820800
21.12212500
12.26712500
21.28595900
11.91975000
21.63137500
11.87716600
21.50270900
11.86954100
21.35741700
12.03241700
21.68583300
11.66433300
21.99437500
10.78004200
21.61325000
11.74304200
21.62637500
12.35970800
21.43450000
11.31258300
21.60645900
11.83333300
21.81312500
11.48154200
21.54195800
12.14191700
21.60320800
12.07045800
21.18166700
11.91666700
21.12850000
12.47620800
20.86591700
11.94054100
21.01475000
12.93487500
21.15179200
11.59833300
21.10050000
12.26500000
21.07045900
12.91670800
21.17150000
11.57466700
20.86187500
13.10062500
21.57870800
11.81150000
22.81191700
10.51908300
22.36887500
10.99487500
22.57708300
10.82154200
22.67320800
10.66050000
22.57462500
10.79575000
22.69337500
10.08983400
22.56687500
10.79975000
22.30183300
11.65900000
22.94308300
9.82945900
22.34520800
11.02137500
22.45320800
11.50695900
22.65450000
10.74179100
22.68770900
10.67891600
22.64470900
10.69404100
22.58037500
10.81333400
22.57333300
10.79616700
23.34270800
9.98920800
22.94291700
10.43558300
21.37600000
12.00954200
21.40775000
11.83912500
21.18720800
12.26583400
21.29987500
11.47929100
21.37820900
12.58104100
21.52912500
11.86141700
21.30904200
12.06595800
21.45025000
11.88558300
21.39891700
11.97558300
21.56387500
11.82179200
21.57962500
11.75766700
21.44929100
11.91566700
21.22533300
11.55158400
21.48750000
12.47375000
21.21512500
11.55712500
21.36358300
12.08991700
21.28175000
12.60145800
21.50466700
11.85250000
21.35458300
11.41808300
21.31279200
12.05395800
21.29858400
12.66308300
21.24500000
11.52666700
18.72095800
15.22904200
18.40958300
14.92175000
18.35762500
15.02279200
18.62083300
14.76470800
18.38095900
14.92612500
18.85129100
14.59029200
20.28233300
12.92595900
19.19316600
13.73604200
20.28508300
13.08141700
20.21908300
13.75525000
20.42483400
12.94791600
20.07850000
12.90516700
22.80933300
10.93166700
22.17075000
11.15787500
21.72462500
11.62283300
22.02670900
11.34208300
21.98941700
10.82900000
21.76075000
11.79520800
20.66487500
12.51154200
22.77208300
10.76562500
22.63879200
10.55866600
22.38262500
11.60025000
21.78012500
10.96779200
21.27570800
12.69004200
21.09204200
11.67550000
21.12591600
12.87354200
20.88329200
12.46050000
21.12250000
12.24875000
21.19483300
12.18141700
20.89416600
12.44216700
20.78237500
11.99041700
20.78962500
13.19816600
20.88070900
11.86504100
20.81300000
12.55616700
20.77862500
13.20550000
21.05391700
12.28250000
20.54941600
12.81612500
20.51958400
12.27070800
21.02533300
12.91987500
20.73525000
12.63062500
21.06704200
11.70962500
21.17591700
12.78612500
21.29058300
12.07762500
21.71129200
11.66887500
24.29775000
8.97087500
26.56875000
6.28725000
29.78550000
3.57966600
32.36879200
1.23750000
27.70537500
5.42145800
23.87587500
9.50529200
21.60041700
12.36754100
17.93687500
15.35837500
18.17237500
15.22245900
17.76066600
15.57437500
17.28170900
16.03387500
17.45570800
16.03954200
17.39120800
15.89033300
17.31945900
16.10708300
17.11708300
16.13333400
17.20975000
16.29958300
17.27800000
15.95112500
16.92904200
16.42225000
23.80412500
9.09595800
23.47533300
10.48570900
22.31645800
10.45670800
22.03412500
11.95320900
22.26629100
11.07341700
22.98429200
10.38666600
21.35816700
12.03008300
21.23495900
12.10629100
20.63962500
12.13179200
20.51241700
13.45195800
21.18708300
11.58195900
20.55533300
13.39054200
21.42179100
11.98175000
20.89583400
12.45645800
21.27337500
12.08770800
21.44000000
11.95104200
23.53650000
9.38479200
23.36850000
10.41779100
23.19354200
10.20312500
23.47366700
9.89108300
23.40700000
9.93208300
23.30770900
10.05716600
23.85045900
9.54045800
24.00070800
9.34229200
22.40887500
10.95708300
22.63150000
10.14204200
22.83220800
11.12500000
21.90429200
11.46758300
21.68062500
11.19816700
22.02970800
11.82370900
21.89829100
11.47050000
22.08162500
10.68812500
22.15845900
11.21212500
21.92825000
12.02779100
22.09745900
11.31700000
22.09512500
11.24416600
22.27158400
11.07641600
22.11475000
10.68212500
21.99804200
11.94854200
21.94333300
11.41204200
21.82533300
11.58012500
21.97862500
10.89991700
21.81841600
11.40366700
21.90020800
12.08516700
22.11000000
10.63945800
22.01616700
11.93287500
22.05795800
10.72483400
22.13787500
11.40862500
22.47225000
11.32450000
21.76962500
11.16333300
22.14008300
11.66975000
22.06045900
10.69945800
21.84145800
12.09916700
22.03250000
11.32791700
22.31920800
10.59670800
22.05237500
11.78050000
21.80533400
11.58150000
22.02520800
10.72579200
21.90850000
12.05470800
22.26775000
11.13125000
22.09879200
11.24025000
21.89100000
11.46416600
22.24270900
10.54104100
22.37454200
11.16370800
21.45016700
12.32804200
21.45495800
11.32175000
20.15254200
13.83204100
19.74858400
13.59712500
20.21875000
13.16900000
20.51966600
12.84516700
20.04508300
13.30754200
20.07437500
13.32387500
20.11216700
12.74354100
20.35112500
13.47187500
20.03308400
12.75420800
19.83912500
14.15779200
19.71325000
13.20208300
19.92579200
13.85283300
19.83583300
12.95879200
20.00600000
13.93054200
19.91041600
13.10991700
19.77404200
13.96895800
19.95762500
12.79062500
20.38279200
13.58033300
19.95775000
12.81329200
20.29037500
13.66620800
20.06820800
13.30070900
20.08483300
13.30375000
20.23620800
13.10487500
20.29129200
13.08175000
20.25079200
12.70525000
20.69737500
12.48383300
20.38529200
13.57029100
20.36762500
13.02445900
20.49229100
12.87941700
20.46562500
12.28787500
21.19191700
12.78054100
22.33133400
10.43187500
24.14462500
9.80795800
20.94637500
12.44670800
21.04162500
12.32904200
20.70479200
12.61641600
20.83512500
12.55212500
20.39783400
12.98854100
19.94429200
13.39087500
19.58095800
13.79029200
19.83154200
12.95383300
20.34370800
13.60466700
20.14220800
12.63125000
20.30158400
13.06516600
20.53916700
13.40933300
21.08862500
12.28233400
22.45795800
10.94304200
22.24816600
10.49783400
21.89254100
11.47416700
22.73533300
10.63950000
22.61437500
11.32179200
22.09516700
11.26016600
22.17804200
11.24358300
21.85670900
10.92812500
21.90758300
12.01462500
22.18195800
11.21437500
22.27883400
11.08425000
22.23891600
20.40987500
6.78020900
20.68995800
12.86316700
21.92812500
11.25208300
21.88320800
12.10562500
22.97812500
10.34916700
22.53462500
10.47025000
20.85104200
12.91162500
21.11383300
11.64233300
20.78366700
13.15600000
20.84870800
12.56491700
21.01370800
12.30437500
20.86695900
12.38241600
20.88416700
12.61037500
22.74016700
10.62741600
21.29083400
11.61075000
21.39550000
11.84716600
23.77541700
10.07466700
22.82270800
10.61679200
21.83408300
10.97737500
22.20779200
11.72041600
21.69070900
11.67733300
20.54970800
12.25304200
21.12033300
12.85683400
20.79045800
12.36929200
20.93745800
12.66116700
21.08987500
11.64470800
20.98145800
12.96429200
20.56733300
12.21662500
20.85395900
13.12391600
20.62800000
12.12850000
20.61112500
13.34129200
20.66962500
12.11120800
20.78158400
13.19583300
20.41725000
12.33770800
20.23579200
13.74562500
20.13045800
13.20775000
20.43450000
12.92691700
20.14037500
13.25395800
20.52954200
12.83020800
19.90529200
13.47883300
19.70358400
13.65929100
19.95145900
13.40687500
19.81991600
13.54441700
19.80666700
12.96362500
20.16562500
13.77645800
19.79683300
13.58954200
19.99083300
13.38454200
20.12250000
13.21416700
19.98304100
12.80233400
19.90608300
14.06920800
19.94441700
13.42283300
19.66695900
13.67116600
19.70500000
13.07995900
19.97979100
13.38845900
19.81750000
14.12808300
19.70704200
13.09112500
19.70408300
14.25308300
19.83487500
12.92933400
19.48591600
14.46379200
19.48287500
13.93212500
19.85358300
13.48491700
19.72379200
13.64154100
19.74920900
13.01554100
20.10137500
13.26529200
20.54500000
13.42804200
20.33075000
13.03550000
20.64829100
12.70000000
20.94433400
12.41433300
20.73483300
12.66020900
20.88970800
12.47679200
21.16400000
11.59512500
22.50737500
11.46654100
23.12950000
9.62979200
22.32004200
11.63370800
22.02829200
11.00483300
21.94720800
11.35025000
22.11437500
11.07966700
23.39145800
9.97329200
22.55595800
10.80091700
21.85495800
11.51204200
21.66741700
11.69900000
22.68566600
11.28770900
21.64237500
11.70187500
21.63391600
11.14833400
21.97604100
12.02075000
22.50266700
10.23375000
22.22945800
11.71758400
22.45133300
10.93525000
22.35166700
11.00866600
22.31675000
10.45600000
22.30175000
11.24479200
22.56012500
10.62675000
22.51495800
10.85175000
22.37729200
11.60229200
22.37491600
10.96029200
22.43691700
10.35333300
22.33704200
11.03291600
22.62354200
11.33862500
22.55720800
10.20550000
22.64383400
11.33016600
18.90958400
14.44104100
19.09970900
14.24733300
19.70004200
13.70333300
19.79066700
13.57729100
20.35479200
12.98541700
20.12770800
12.65591700
19.68325000
13.68312500
19.86695800
14.08883300
20.47562500
12.90895900
20.22050000
12.53925000
20.03270800
13.92508300
20.61220900
12.72179100
20.12516700
13.28908300
21.78633400
11.13945800
21.15429200
12.62662500
21.02220800
11.76508300
20.87512500
13.07325000
21.55558400
11.81687500
21.17291600
12.21812500
21.60341700
11.32366700
21.45054100
11.74375000
21.11000000
12.86904200
22.20804200
10.80679100
20.81766700
12.86975000
22.28558300
10.58008400
22.06579100
11.80683400
22.36387500
11.00404100
21.34925000
11.42979200
21.58020800
12.39887500
22.36079200
10.95458300
22.45633400
10.95725000
22.01595800
11.33166700
22.53812500
10.81879100
23.48095900
9.91683300
21.72041700
11.63912500
21.30320800
12.03579200
21.58412500
11.78512500
22.40641600
10.99508400
21.89166600
11.43937500
22.75995900
10.02958300
20.47945800
13.49095900
20.31870800
13.04437500
19.77420800
12.99225000
19.22183400
14.71170800
19.60533300
13.76525000
18.90137500
14.47212500
19.00691700
14.36733300
19.00783400
14.35141600
19.27595900
14.07316600
19.33704200
14.08883300
20.09329200
13.22141700
19.83079100
13.54100000
19.83416700
13.57012500
20.33725000
13.04504200
20.18879100
13.13233400
20.08800000
12.70012500
20.33275000
13.66162500
19.99145800
12.74554200
20.13441600
13.23845900
20.02962500
13.94000000
19.89729100
13.44091700
20.04600000
13.36791700
19.90983300
13.43912500
20.09533300
12.66108400
19.95445800
13.99904200
19.88133300
13.53216700
20.17212500
12.59441600
19.97875000
13.35545900
19.15425000
14.76795800
19.15975000
14.22166700
19.48058300
13.89787500
19.09687500
14.28200000
20.73375000
12.03762500
20.45995800
13.48070900
20.63108300
12.77075000
20.73358300
12.02870900
27.10229100
6.26095900
21.64841600
11.71887500
21.89729200
11.46833300
21.08287500
12.86325000
20.63558400
12.76375000
20.87475000
12.48883300
20.58875000
12.74500000
20.49620800
12.90300000
20.85650000
11.90991700
20.78429200
12.65154100
20.70412500
13.19375000
20.97279200
11.78970800
20.74866700
13.19616700
20.64633300
12.72183300
22.00204200
11.38879200
21.72612500
11.10612500
21.56866600
12.30933400
21.79779100
11.03925000
21.80912500
11.50720900
21.73991600
11.62016700
21.73795800
12.24550000
21.93841700
11.39045800
21.76425000
11.60758400
21.91033300
11.48029200
21.70887500
11.63783300
21.65183300
11.13283400
21.87250000
11.49158300
21.55137500
12.40070800
21.45787500
11.76945900
21.59516600
11.90341700
21.70691700
11.67800000
21.52583300
11.82025000
21.65412500
11.13645800
21.87179200
12.06733300
21.23595900
11.55516600
21.17070900
12.20000000
21.32554100
12.61362500
21.16137500
12.21483400
21.05554100
12.32595900
21.29591600
12.07733400
22.06925000
11.26379100
22.59212500
10.20079200
22.17508300
11.19145900
22.49966600
11.45408400
22.86745800
10.50162500
22.63900000
10.13829200
22.88320800
11.06862500
23.09925000
10.27125000
23.08966700
10.30729100
23.25887500
10.07679200
23.24645800
10.08241700
24.22470800
9.19320900
25.03583300
7.75391700
24.11479100
9.82966700
23.58662500
9.17725000
23.30704200
10.64808300
23.90016700
8.87995800
23.91658300
9.44887500
24.21337500
9.75304200
22.09058300
10.67583400
22.39966600
11.57787500
22.20508400
11.16900000
22.11229100
11.24029200
22.55970800
10.20550000
22.25370900
11.75316600
22.92791700
10.38525000
25.06491700
7.99929100
